2010.000000 1588.000000
2010.050000 2646.834469
2010.100000 3361.518399
2010.150000 3804.886918
2010.200000 4037.868161
2010.250000 4111.066497
2010.300000 4066.171118
2010.350000 3937.206093
2010.400000 3751.636716
2010.450000 3531.345848
2010.500000 3293.492855
2010.550000 3051.266737
2010.600000 2814.544110
2010.650000 2590.461791
2010.700000 2383.912959
2010.750000 2197.975057
2010.800000 2034.276908
2010.850000 1893.311874
2010.900000 1774.703223
2010.950000 1677.427359
2011.000000 1600.000000
2011.050000 1540.629913
2011.100000 1497.344382
2011.150000 1468.090140
2011.200000 1450.813134
2011.250000 1443.520142
2011.300000 1444.324919
2011.350000 1451.481270
2011.400000 1463.405176
2011.450000 1478.687843
2011.500000 1496.101320
2011.550000 1514.598146
2011.600000 1533.306261
2011.650000 1551.520298
2011.700000 1568.690166
2011.750000 1584.407758
2011.800000 1598.392433
2011.850000 1610.475862
2011.900000 1620.586699
2011.950000 1628.735475
2012.000000 1635.000000
2012.050000 1639.511543
2012.100000 1642.441950
2012.150000 1643.991841
2012.200000 1644.379973
2012.250000 1643.833812
2012.300000 1642.581338
2012.350000 1640.844068
2012.400000 1638.831268
2012.450000 1636.735306
2012.500000 1634.728075
2012.550000 1632.958416
2012.600000 1631.550460
2012.650000 1630.602799
2012.700000 1630.188388
2012.750000 1630.355100
2012.800000 1631.126827
2012.850000 1632.505049
2012.900000 1634.470771
2012.950000 1636.986762
2013.000000 1640.000000
2013.050000 1643.444265
2013.100000 1647.242803
2013.150000 1651.311004
2013.200000 1655.559042
2013.250000 1659.894425
2013.300000 1664.224417
2013.350000 1668.458294
2013.400000 1672.509404
2013.450000 1676.297019
2013.500000 1679.747940
2013.550000 1682.797866
2013.600000 1685.392509
2013.650000 1687.488450
2013.700000 1689.053742
2013.750000 1690.068269
2013.800000 1690.523866
2013.850000 1690.424207
2013.900000 1689.784488
2013.950000 1688.630913
2014.000000 1687.000000
2014.050000 1684.937740
2014.100000 1682.498611
2014.150000 1679.744483
2014.200000 1676.743436
2014.250000 1673.568500
2014.300000 1670.296355
2014.350000 1667.006002
2014.400000 1663.777430
2014.450000 1660.690298
2014.500000 1657.822647
2014.550000 1655.249666
2014.600000 1653.042524
2014.650000 1651.267278
2014.700000 1649.983880
2014.750000 1649.245282
2014.800000 1649.096662
2014.850000 1649.574761
2014.900000 1650.707354
2014.950000 1652.512845
2015.000000 1655.000000
2015.050000 1658.167808
2015.100000 1662.005475
2015.150000 1666.492546
2015.200000 1671.599153
2015.250000 1677.286381
2015.300000 1683.506744
2015.350000 1690.204769
2015.400000 1697.317672
2015.450000 1704.776122
2015.500000 1712.505078
2015.550000 1720.424691
2015.600000 1728.451255
2015.650000 1736.498204
2015.700000 1744.477131
2015.750000 1752.298824
2015.800000 1759.874308
2015.850000 1767.115876
2015.900000 1773.938096
2015.950000 1780.258798
2016.000000 1786.000000
2016.050000 1791.088800
2016.100000 1795.458191
2016.150000 1799.047814
2016.200000 1801.804627
2016.250000 1803.683492
2016.300000 1804.647663
2016.350000 1804.669190
2016.400000 1803.729208
2016.450000 1801.818133
2016.500000 1798.935749
2016.550000 1795.091192
2016.600000 1790.302825
2016.650000 1784.598014
2016.700000 1778.012802
2016.750000 1770.591489
2016.800000 1762.386115
2016.850000 1753.455861
2016.900000 1743.866371
2016.950000 1733.689000
2017.000000 1723.000000
2017.050000 1711.879647
2017.100000 1700.411328
2017.150000 1688.680589
2017.200000 1676.774158
2017.250000 1664.778951
2017.300000 1652.781080
2017.350000 1640.864857
2017.400000 1629.111828
2017.450000 1617.599826
2017.500000 1606.402062
2017.550000 1595.586274
2017.600000 1585.213923
2017.650000 1575.339462
2017.700000 1566.009685
2017.750000 1557.263148
2017.800000 1549.129694
2017.850000 1541.630070
2017.900000 1534.775640
2017.950000 1528.568219
2018.000000 1523.000000
2018.050000 1518.053610
2018.100000 1513.702264
2018.150000 1509.910042
2018.200000 1506.632276
2018.250000 1503.816038
2018.300000 1501.400746
2018.350000 1499.318857
2018.400000 1497.496667
2018.450000 1495.855185
2018.500000 1494.311096
2018.550000 1492.777789
2018.600000 1491.166441
2018.650000 1489.387157
2018.700000 1487.350135
2018.750000 1484.966865
2018.800000 1482.151327
2018.850000 1478.821199
2018.900000 1474.899029
2018.950000 1470.313395
2019.000000 1465.000000
2019.050000 1458.902719
2019.100000 1451.974563
2019.150000 1444.178560
2019.200000 1435.488531
2019.250000 1425.889745
2019.300000 1415.379465
2019.350000 1403.967334
2019.400000 1391.675633
2019.450000 1378.539371
2019.500000 1364.606220
2019.550000 1349.936279
2019.600000 1334.601667
2019.650000 1318.685942
2019.700000 1302.283346
2019.750000 1285.497882
2019.800000 1268.442221
2019.850000 1251.236447
2019.900000 1234.006652
2019.950000 1216.883390
2020.000000 1200.000000
2020.050000 1183.490817
2020.100000 1167.489289
2020.150000 1152.126017
2020.200000 1137.526740
2020.250000 1123.810292
2020.300000 1111.086554
2020.350000 1099.454427
2020.400000 1088.999860
2020.450000 1079.793955
2020.500000 1071.891192
2020.550000 1065.327787
2020.600000 1060.120241
2020.650000 1056.264085
2020.700000 1053.732873
2020.750000 1052.477443
2020.800000 1052.425483
2020.850000 1053.481421
2020.900000 1055.526682
2020.950000 1058.420309
2021.000000 1062.000000
2021.050000 1066.083550
2021.100000 1070.470730
2021.150000 1074.945597
2021.200000 1079.279251
2021.250000 1083.233019
2021.300000 1086.562072
2021.350000 1089.019450
2021.400000 1090.360466
2021.450000 1090.347468
2021.500000 1088.754911
2021.550000 1085.374683
2021.600000 1080.021643
2021.650000 1072.539281
2021.700000 1062.805440
2021.750000 1050.737999
2021.800000 1036.300425
2021.850000 1019.507081
2021.900000 1000.428183
2021.950000 979.194259
2022.000000 956.000000
2022.050000 931.107336
2022.100000 904.847602
2022.150000 877.622636
2022.200000 849.904637
2022.250000 822.234639
2022.300000 795.219422
2022.350000 769.526706
2022.400000 745.878472
2022.450000 725.042252
2022.500000 707.820263
2022.550000 695.036254
2022.600000 687.519962
2022.650000 686.089105
2022.700000 691.528857
2022.750000 704.568800
2022.800000 725.857378
2022.850000 755.933948
2022.900000 795.198551
2022.950000 843.879634
2023.000000 902.000000
2023.050000 969.341367
2023.100000 1045.408019
2023.150000 1129.390137
2023.200000 1220.127536
2023.250000 1316.074674
2023.300000 1415.267958
2023.350000 1515.296536
2023.400000 1613.277999
2023.450000 1705.840580
2023.500000 1789.113730
2023.550000 1858.729161
2023.600000 1909.834785
2023.650000 1937.124254
2023.700000 1934.885166
2023.750000 1897.069380
2023.800000 1817.389282
2023.850000 1689.444299
2023.900000 1506.882427
2023.950000 1263.602062
2024.000000 954.000000
2024.050000 573.272073
2024.100000 117.773526
2024.150000 -414.553008
2024.200000 -1023.673368
2024.250000 -1706.872126
2024.300000 -2458.066969
2024.350000 -3267.015962
2024.400000 -4118.405448
2024.450000 -4990.805240
2024.500000 -5855.476642
2024.550000 -6675.017539
2024.600000 -7401.827528
2024.650000 -7976.374628
2024.700000 -8325.243589
2024.750000 -8358.944249
2024.800000 -7969.456659
2024.850000 -7027.487898
2024.900000 -5379.413554
2024.950000 -2843.874826
2025.000000 792.000000
2025.050000 5776.783224
2025.100000 12399.380542
2025.150000 20994.147564
2025.200000 31946.531325
2025.250000 45699.281028
2025.300000 62759.275259
2025.350000 83705.016195
2025.400000 109194.844744
2025.450000 139975.934143
2025.500000 176894.123381
2025.550000 220904.655823
2025.600000 273083.892628
2025.650000 334642.075057
2025.700000 406937.214432
2025.750000 491490.193477
2025.800000 590001.167959
2025.850000 704367.363038
2025.900000 836702.364492
2025.950000 989357.010989
2026.000000 1164942.000000
