-1.000000000000 -0.841470984808 -0.841470984808
-0.998999499750 -0.844005580176 -0.844013013287
-0.997998999500 -0.846500092589 -0.846514568458
-0.996998499250 -0.848954490407 -0.848975631850
-0.995997998999 -0.851368743841 -0.851396186499
-0.994997498749 -0.853742824947 -0.853776216955
-0.993996998499 -0.856076707627 -0.856115709286
-0.992996498249 -0.858370367629 -0.858414651082
-0.991995997999 -0.860623782541 -0.860673031466
-0.990995497749 -0.862836931791 -0.862890841090
-0.989994997499 -0.865009796646 -0.865068072148
-0.988994497249 -0.867142360211 -0.867204718374
-0.987993996998 -0.869234607423 -0.869300775053
-0.986993496748 -0.871286525052 -0.871356239018
-0.985992996498 -0.873298101700 -0.873371108658
-0.984992496248 -0.875269327793 -0.875345383921
-0.983991995998 -0.877200195585 -0.877279066318
-0.982991495748 -0.879090699152 -0.879172158926
-0.981990995498 -0.880940834392 -0.881024666389
-0.980990495248 -0.882750599017 -0.882836594925
-0.979989994997 -0.884519992559 -0.884607952325
-0.978989494747 -0.886249016356 -0.886338747959
-0.977988994497 -0.887937673562 -0.888028992775
-0.976988494247 -0.889585969132 -0.889678699303
-0.975987993997 -0.891193909828 -0.891287881659
-0.974987493747 -0.892761504210 -0.892856555541
-0.973986993497 -0.894288762635 -0.894384738238
-0.972986493247 -0.895775697256 -0.895872448627
-0.971985992996 -0.897222322014 -0.897319707176
-0.970985492746 -0.898628652639 -0.898726535942
-0.969984992496 -0.899994706643 -0.900092958578
-0.968984492246 -0.901320503319 -0.901419000330
-0.967983991996 -0.902606063735 -0.902704688037
-0.966983491746 -0.903851410733 -0.903950050133
-0.965982991496 -0.905056568922 -0.905155116649
-0.964982491246 -0.906221564679 -0.906319919209
-0.963981990995 -0.907346426137 -0.907444491036
-0.962981490745 -0.908431183191 -0.908528866945
-0.961980990495 -0.909475867485 -0.909573083348
-0.960980490245 -0.910480512414 -0.910577178252
-0.959979989995 -0.911445153115 -0.911541191258
-0.958979489745 -0.912369826466 -0.912465163562
-0.957978989495 -0.913254571081 -0.913349137950
-0.956978489245 -0.914099427305 -0.914193158804
-0.955977988994 -0.914904437207 -0.914997272092
-0.954977488744 -0.915669644582 -0.915761525376
-0.953976988494 -0.916395094938 -0.916485967805
-0.952976488244 -0.917080835497 -0.917170650112
-0.951975987994 -0.917726915189 -0.917815624618
-0.950975487744 -0.918333384645 -0.918420945227
-0.949974987494 -0.918900296195 -0.918986667423
-0.948974487244 -0.919427703861 -0.919512848268
-0.947973986993 -0.919915663351 -0.919999546405
-0.946973486743 -0.920364232056 -0.920446822047
-0.945972986493 -0.920773469043 -0.920854736982
-0.944972486243 -0.921143435051 -0.921223354567
-0.943971985993 -0.921474192485 -0.921552739725
-0.942971485743 -0.921765805410 -0.921842958943
-0.941970985493 -0.922018339546 -0.922094080270
-0.940970485243 -0.922231862261 -0.922306173311
-0.939969984992 -0.922406442568 -0.922479309227
-0.938969484742 -0.922542151118 -0.922613560729
-0.937968984492 -0.922639060190 -0.922709002078
-0.936968484242 -0.922697243694 -0.922765709077
-0.935967983992 -0.922716777157 -0.922783759070
-0.934967483742 -0.922697737720 -0.922763230937
-0.933966983492 -0.922640204131 -0.922704205092
-0.932966483242 -0.922544256742 -0.922606763477
-0.931965982991 -0.922409977498 -0.922470989559
-0.930965482741 -0.922237449932 -0.922296968322
-0.929964982491 -0.922026759163 -0.922084786270
-0.928964482241 -0.921777991884 -0.921834531417
-0.927963981991 -0.921491236356 -0.921546293282
-0.926963481741 -0.921166582405 -0.921220162886
-0.925962981491 -0.920804121413 -0.920856232751
-0.924962481241 -0.920403946311 -0.920454596885
-0.923961980990 -0.919966151573 -0.920015350789
-0.922961480740 -0.919490833209 -0.919538591442
-0.921960980490 -0.918978088759 -0.919024417300
-0.920960480240 -0.918428017282 -0.918472928294
-0.919959979990 -0.917840719356 -0.917884225817
-0.918959479740 -0.917216297065 -0.917258412724
-0.917958979490 -0.916554853992 -0.916595593325
-0.916958479240 -0.915856495217 -0.915895873378
-0.915957978989 -0.915121327305 -0.915159360086
-0.914957478739 -0.914349458298 -0.914386162087
-0.913956978489 -0.913540997713 -0.913576389454
-0.912956478239 -0.912696056528 -0.912730153680
-0.911955977989 -0.911814747181 -0.911847567682
-0.910955477739 -0.910897183555 -0.910928745787
-0.909954977489 -0.909943480978 -0.909973803729
-0.908954477239 -0.908953756210 -0.908982858642
-0.907953976988 -0.907928127437 -0.907956029054
-0.906953476738 -0.906866714264 -0.906893434877
-0.905952976488 -0.905769637705 -0.905795197406
-0.904952476238 -0.904637020179 -0.904661439309
-0.903951975988 -0.903468985496 -0.903492284619
-0.902951475738 -0.902265658856 -0.902287858728
-0.901950975488 -0.901027166835 -0.901048288382
-0.900950475238 -0.899753637381 -0.899773701671
-0.899949974987 -0.898445199801 -0.898464228023
-0.898949474737 -0.897101984761 -0.897119998198
-0.897948974487 -0.895724124267 -0.895741144278
-0.896948474237 -0.894311751667 -0.894327799660
-0.895947973987 -0.892865001634 -0.892880099052
-0.894947473737 -0.891384010164 -0.891398178460
-0.893946973487 -0.889868914565 -0.889882175186
-0.892946473237 -0.888319853446 -0.888332227814
-0.891945972986 -0.886736966714 -0.886748476209
-0.890945472736 -0.885120395559 -0.885131061502
-0.889944972486 -0.883470282452 -0.883480126090
-0.888944472236 -0.881786771128 -0.881795813621
-0.887943971986 -0.880070006588 -0.880078268988
-0.886943471736 -0.878320135078 -0.878327638324
-0.885942971486 -0.876537304092 -0.876544068990
-0.884942471236 -0.874721662352 -0.874727709567
-0.883941970985 -0.872873359808 -0.872878709851
-0.882941470735 -0.870992547624 -0.870997220840
-0.881940970485 -0.869079378171 -0.869083394729
-0.880940470235 -0.867134005017 -0.867137384899
-0.879939969985 -0.865156582916 -0.865159345913
-0.878939469735 -0.863147267805 -0.863149433499
-0.877938969485 -0.861106216786 -0.861107804551
-0.876938469235 -0.859033588125 -0.859034617112
-0.875937968984 -0.856929541237 -0.856930030370
-0.874937468734 -0.854794236679 -0.854794204649
-0.873936968484 -0.852627836140 -0.852627301397
-0.872936468234 -0.850430502434 -0.850429483179
-0.871935967984 -0.848202399485 -0.848200913670
-0.870935467734 -0.845943692322 -0.845941757640
-0.869934967484 -0.843654547070 -0.843652180951
-0.868934467234 -0.841335130935 -0.841332350546
-0.867933966983 -0.838985612203 -0.838982434438
-0.866933466733 -0.836606160220 -0.836602601700
-0.865932966483 -0.834196945391 -0.834193022459
-0.864932466233 -0.831758139166 -0.831753867887
-0.863931965983 -0.829289914030 -0.829285310186
-0.862931465733 -0.826792443496 -0.826787522584
-0.861930965483 -0.824265902092 -0.824260679322
-0.860930465233 -0.821710465353 -0.821704955648
-0.859929964982 -0.819126309811 -0.819120527803
-0.858929464732 -0.816513612983 -0.816507573015
-0.857928964482 -0.813872553365 -0.813866269487
-0.856928464232 -0.811203310417 -0.811196796389
-0.855927963982 -0.808506064558 -0.808499333845
-0.854927463732 -0.805780997150 -0.805774062928
-0.853926963482 -0.803028290495 -0.803021165646
-0.852926463232 -0.800248127820 -0.800240824933
-0.851925962981 -0.797440693265 -0.797433224641
-0.850925462731 -0.794606171881 -0.794598549527
-0.849924962481 -0.791744749610 -0.791736985246
-0.848924462231 -0.788856613282 -0.788848718339
-0.847923961981 -0.785941950600 -0.785933936221
-0.846923461731 -0.783000950132 -0.782992827177
-0.845922961481 -0.780033801302 -0.780025580345
-0.844922461231 -0.777040694376 -0.777032385709
-0.843921960980 -0.774021820454 -0.774013434089
-0.842921460730 -0.770977371459 -0.770968917131
-0.841920960480 -0.767907540127 -0.767899027295
-0.840920460230 -0.764812519996 -0.764803957843
-0.839919959980 -0.761692505394 -0.761683902836
-0.838919459730 -0.758547691433 -0.758539057115
-0.837918959480 -0.755378273993 -0.755369616294
-0.836918459230 -0.752184449716 -0.752175776753
-0.835917958979 -0.748966415991 -0.748957735621
-0.834917458729 -0.745724370948 -0.745715690770
-0.833916958479 -0.742458513444 -0.742449840803
-0.832916458229 -0.739169043053 -0.739160385044
-0.831915957979 -0.735856160058 -0.735847523526
-0.830915457729 -0.732520065435 -0.732511456982
-0.829914957479 -0.729160960847 -0.729152386834
-0.828914457229 -0.725779048633 -0.725770515181
-0.827913956978 -0.722374531793 -0.722366044792
-0.826913456728 -0.718947613983 -0.718939179088
-0.825912956478 -0.715498499499 -0.715490122141
-0.824912456228 -0.712027393270 -0.712019078654
-0.823911955978 -0.708534500845 -0.708526253956
-0.822911455728 -0.705020028384 -0.705011853992
-0.821910955478 -0.701484182645 -0.701476085304
-0.820910455228 -0.697927170975 -0.697919155033
-0.819909954977 -0.694349201298 -0.694341270894
-0.818909454727 -0.690750482104 -0.690742641179
-0.817908954477 -0.687131222440 -0.687123474734
-0.816908454227 -0.683491631897 -0.683483980956
-0.815907953977 -0.679831920599 -0.679824369779
-0.814907453727 -0.676152299194 -0.676144851664
-0.813906953477 -0.672452978841 -0.672445637589
-0.812906453227 -0.668734171202 -0.668726939033
-0.811905952976 -0.664996088425 -0.664988967972
-0.810905452726 -0.661238943142 -0.661231936865
-0.809904952476 -0.657462948450 -0.657456058640
-0.808904452226 -0.653668317904 -0.653661546690
-0.807903951976 -0.649855265505 -0.649848614855
-0.806903451726 -0.646024005690 -0.646017477414
-0.805902951476 -0.642174753318 -0.642168349075
-0.804902451226 -0.638307723663 -0.638301444963
-0.803901950975 -0.634423132402 -0.634416980608
-0.802901450725 -0.630521195601 -0.630515171935
-0.801900950475 -0.626602129707 -0.626596235254
-0.800900450225 -0.622666151537 -0.622660387245
-0.799899949975 -0.618713478265 -0.618707844954
-0.798899449725 -0.614744327413 -0.614738825773
-0.797898949475 -0.610758916839 -0.610753547438
-0.796898449225 -0.606757464724 -0.606752228009
-0.795897948974 -0.602740189567 -0.602735085869
-0.794897448724 -0.598707310166 -0.598702339702
-0.793896948474 -0.594659045614 -0.594654208491
-0.792896448224 -0.590595615284 -0.590590911502
-0.791895947974 -0.586517238818 -0.586512668275
-0.790895447724 -0.582424136118 -0.582419698612
-0.789894947474 -0.578316527334 -0.578312222567
-0.788894447224 -0.574194632852 -0.574190460432
-0.787893946973 -0.570058673286 -0.570054632730
-0.786893446723 -0.565908869463 -0.565904960201
-0.785892946473 -0.561745442414 -0.561741663794
-0.784892446223 -0.557568613365 -0.557564964652
-0.783891945973 -0.553378603720 -0.553375084104
-0.782891445723 -0.549175635059 -0.549172243652
-0.781890945473 -0.544959929119 -0.544956664963
-0.780890445223 -0.540731707785 -0.540728569854
-0.779889944972 -0.536491193084 -0.536488180283
-0.778889444722 -0.532238607167 -0.532235718340
-0.777888944472 -0.527974172301 -0.527971406232
-0.776888444222 -0.523698110862 -0.523695466274
-0.775887943972 -0.519410645315 -0.519408120880
-0.774887443722 -0.515111998214 -0.515109592548
-0.773886943472 -0.510802392181 -0.510800103853
-0.772886443222 -0.506482049903 -0.506479877433
-0.771885942971 -0.502151194115 -0.502149135979
-0.770885442721 -0.497810047596 -0.497808102226
-0.769884942471 -0.493458833149 -0.493456998939
-0.768884442221 -0.489097773600 -0.489096048904
-0.767883941971 -0.484727091779 -0.484725474918
-0.766883441721 -0.480347010516 -0.480345499776
-0.765882941471 -0.475957752623 -0.475956346261
-0.764882441221 -0.471559540891 -0.471558237134
-0.763881940970 -0.467152598072 -0.467151395121
-0.762881440720 -0.462737146875 -0.462736042906
-0.761880940470 -0.458313409949 -0.458312403115
-0.760880440220 -0.453881609877 -0.453880698311
-0.759879939970 -0.449441969163 -0.449441150980
-0.758879439720 -0.444994710222 -0.444993983519
-0.757878939470 -0.440540055368 -0.440539418228
-0.756878439220 -0.436078226808 -0.436077677300
-0.755877938969 -0.431609446624 -0.431608982807
-0.754877438719 -0.427133936768 -0.427133556691
-0.753876938469 -0.422651919051 -0.422651620754
-0.752876438219 -0.418163615129 -0.418163396648
-0.751875937969 -0.413669246498 -0.413669105861
-0.750875437719 -0.409169034477 -0.409168969711
-0.749874937469 -0.404663200204 -0.404663209332
-0.748874437219 -0.400151964618 -0.400152045666
-0.747873936968 -0.395635548457 -0.395635699451
-0.746873436718 -0.391114172243 -0.391114391209
-0.745872936468 -0.386588056270 -0.386588341240
-0.744872436218 -0.382057420597 -0.382057769608
-0.743871935968 -0.377522485038 -0.377522896132
-0.742871435718 -0.372983469148 -0.372983940376
-0.741870935468 -0.368440592216 -0.368441121636
-0.740870435218 -0.363894073253 -0.363894658935
-0.739869934967 -0.359344130983 -0.359344771006
-0.738869434717 -0.354790983832 -0.354791676288
-0.737868934467 -0.350234849920 -0.350235592912
-0.736868434217 -0.345675947045 -0.345676738692
-0.735867933967 -0.341114492681 -0.341115331116
-0.734867433717 -0.336550703961 -0.336551587332
-0.733866933467 -0.331984797672 -0.331985724144
-0.732866433217 -0.327416990240 -0.327417957996
-0.731865932966 -0.322847497726 -0.322848504966
-0.730865432716 -0.318276535811 -0.318277580754
-0.729864932466 -0.313704319787 -0.313705400674
-0.728864432216 -0.309131064552 -0.309132179640
-0.727863931966 -0.304556984591 -0.304558132161
-0.726863431716 -0.299982293975 -0.299983472329
-0.725862931466 -0.295407206347 -0.295408413809
-0.724862431216 -0.290831934913 -0.290833169829
-0.723861930965 -0.286256692430 -0.286257953171
-0.722861430715 -0.281681691202 -0.281682976161
-0.721860930465 -0.277107143065 -0.277108450659
-0.720860430215 -0.272533259379 -0.272534588051
-0.719859929965 -0.267960251020 -0.267961599238
-0.718859429715 -0.263388328367 -0.263389694624
-0.717858929465 -0.258817701298 -0.258819084112
-0.716858429215 -0.254248579174 -0.254249977091
-0.715857928964 -0.249681170836 -0.249682582427
-0.714857428714 -0.245115684589 -0.245117108452
-0.713856928464 -0.240552328200 -0.240553762960
-0.712856428214 -0.235991308881 -0.235992753190
-0.711855927964 -0.231432833287 -0.231434285825
-0.710855427714 -0.226877107501 -0.226878566975
-0.709854927464 -0.222324337029 -0.222325802174
-0.708854427214 -0.217774726788 -0.217776196367
-0.707853926963 -0.213228481098 -0.213229953902
-0.706853426713 -0.208685803673 -0.208687278522
-0.705852926463 -0.204146897614 -0.204148373354
-0.704852426213 -0.199611965395 -0.199613440901
-0.703851925963 -0.195081208859 -0.195082683036
-0.702851425713 -0.190554829206 -0.190556300985
-0.701850925463 -0.186033026987 -0.186034495329
-0.700850425213 -0.181516002093 -0.181517465986
-0.699849924962 -0.177003953746 -0.177005412207
-0.698849424712 -0.172497080492 -0.172498532567
-0.697848924462 -0.167995580192 -0.167997024953
-0.696848424212 -0.163499650013 -0.163501086560
-0.695847923962 -0.159009486417 -0.159010913880
-0.694847423712 -0.154525285158 -0.154526702693
-0.693846923462 -0.150047241268 -0.150048648061
-0.692846423212 -0.145575549054 -0.145576944316
-0.691845922961 -0.141110402084 -0.141111785054
-0.690845422711 -0.136651993183 -0.136653363127
-0.689844922461 -0.132200514421 -0.132201870633
-0.688844422211 -0.127756157109 -0.127757498909
-0.687843921961 -0.123319111788 -0.123320438523
-0.686843421711 -0.118889568221 -0.118890879264
-0.685842921461 -0.114467715387 -0.114469010137
-0.684842421211 -0.110053741469 -0.110055019352
-0.683841920960 -0.105647833851 -0.105649094317
-0.682841420710 -0.101250179107 -0.101251421632
-0.681840920460 -0.096860962993 -0.096862187077
-0.680840420210 -0.092480370440 -0.092481575610
-0.679839919960 -0.088108585546 -0.088109771353
-0.678839419710 -0.083745791570 -0.083746957589
-0.677838919460 -0.079392170922 -0.079393316750
-0.676838419210 -0.075047905155 -0.075049030415
-0.675837918959 -0.070713174960 -0.070714279297
-0.674837418709 -0.066388160156 -0.066389243239
-0.673836918459 -0.062073039686 -0.062074101205
-0.672836418209 -0.057767991604 -0.057769031273
-0.671835917959 -0.053473193074 -0.053474210628
-0.670835417709 -0.049188820358 -0.049189815554
-0.669834917459 -0.044915048811 -0.044916021426
-0.668834417209 -0.040652052874 -0.040653002707
-0.667833916958 -0.036400006064 -0.036400932934
-0.666833416708 -0.032159080972 -0.032159984719
-0.665832916458 -0.027929449250 -0.027930329733
-0.664832416208 -0.023711281611 -0.023712138709
-0.663831915958 -0.019504747815 -0.019505581425
-0.662831415708 -0.015310016667 -0.015310826705
-0.661830915458 -0.011127256008 -0.011128042409
-0.660830415208 -0.006956632711 -0.006957395426
-0.659829914957 -0.002798312669 -0.002799051669
-0.658829414707 0.001347539205 0.001346823935
-0.657828914457 0.005480758991 0.005480067446
-0.656828414207 0.009601183761 0.009600515922
-0.655827913957 0.013708651595 0.013708007426
-0.654827413707 0.017803001578 0.017802381028
-0.653826913457 0.021884073811 0.021883476814
-0.652826413207 0.025951709419 0.025951135893
-0.651825912956 0.030005750551 0.030005200402
-0.650825412706 0.034046040394 0.034045513512
-0.649824912456 0.038072423172 0.038071919434
-0.648824412206 0.042084744156 0.042084263427
-0.647823911956 0.046082849669 0.046082391799
-0.646823411706 0.050066587092 0.050066151921
-0.645822911456 0.054035804869 0.054035392223
-0.644822411206 0.057990352514 0.057989962208
-0.643821910955 0.061930080615 0.061929712454
-0.642821410705 0.065854840842 0.065854494619
-0.641820910455 0.069764485951 0.069764161448
-0.640820410205 0.073658869790 0.073658566780
-0.639819909955 0.077537847303 0.077537565548
-0.638819409705 0.081401274537 0.081401013792
-0.637818909455 0.085249008649 0.085248768657
-0.636818409205 0.089080907906 0.089080688404
-0.635817908954 0.092896831696 0.092896632411
-0.634817408704 0.096696640529 0.096696461181
-0.633816908454 0.100480196044 0.100480036345
-0.632816408204 0.104247361013 0.104247220669
-0.631815907954 0.107997999349 0.107997878056
-0.630815407704 0.111731976104 0.111731873556
-0.629814907454 0.115449157483 0.115449073365
-0.628814407204 0.119149410841 0.119149344832
-0.627813906953 0.122832604691 0.122832556465
-0.626813406703 0.126498608709 0.126498577935
-0.625812906453 0.130147293737 0.130147280080
-0.624812406203 0.133778531788 0.133778534908
-0.623811905953 0.137392196053 0.137392215604
-0.622811405703 0.140988160900 0.140988196535
-0.621810905453 0.144566301882 0.144566353249
-0.620810405203 0.148126495743 0.148126562486
-0.619809904952 0.151668620417 0.151668702179
-0.618809404702 0.155192555036 0.155192651455
-0.617808904452 0.158698179932 0.158698290645
-0.616808404202 0.162185376643 0.162185501284
-0.615807903952 0.165654027914 0.165654166117
-0.614807403702 0.169104017703 0.169104169100
-0.613806903452 0.172535231187 0.172535395406
-0.612806403202 0.175947554758 0.175947731429
-0.611805902951 0.179340876035 0.179341064786
-0.610805402701 0.182715083864 0.182715284322
-0.609804902451 0.186070068319 0.186070280112
-0.608804402201 0.189405720711 0.189405943466
-0.607803901951 0.192721933586 0.192722166931
-0.606803401701 0.196018600733 0.196018844296
-0.605802901451 0.199295617183 0.199295870593
-0.604802401201 0.202552879214 0.202553142100
-0.603801900950 0.205790284356 0.205790556348
-0.602801400700 0.209007731388 0.209008012119
-0.601800900450 0.212205120350 0.212205409454
-0.600800400200 0.215382352539 0.215382649650
-0.599799899950 0.218539330511 0.218539635267
-0.598799399700 0.221675958090 0.221676270131
-0.597798899450 0.224792140367 0.224792459333
-0.596798399200 0.227887783699 0.227888109235
-0.595797898949 0.230962795721 0.230963127473
-0.594797398699 0.234017085337 0.234017422956
-0.593796898449 0.237050562732 0.237050905869
-0.592796398199 0.240063139368 0.240063487681
-0.591795897949 0.243054727992 0.243055081138
-0.590795397699 0.246025242631 0.246025600273
-0.589794897449 0.248974598600 0.248974960404
-0.588794397199 0.251902712503 0.251903078139
-0.587793896948 0.254809502232 0.254809871374
-0.586793396698 0.257694886972 0.257695259297
-0.585792896448 0.260558787202 0.260559162392
-0.584792396198 0.263401124696 0.263401502437
-0.583791895948 0.266221822527 0.266222202509
-0.582791395698 0.269020805064 0.269021186982
-0.581790895448 0.271797997979 0.271798381533
-0.580790395198 0.274553328245 0.274553713139
-0.579789894947 0.277286724139 0.277287110081
-0.578789394697 0.279998115242 0.279998501946
-0.577788894447 0.282687432443 0.282687819628
-0.576788394197 0.285354607935 0.285354995324
-0.575787893947 0.287999575224 0.287999962546
-0.574787393697 0.290622269121 0.290622656109
-0.573786893447 0.293222625751 0.293223012145
-0.572786393197 0.295800582549 0.295800968093
-0.571785892946 0.298356078263 0.298356462707
-0.570785392696 0.300889052954 0.300889436053
-0.569784892446 0.303399447997 0.303399829512
-0.568784392196 0.305887206083 0.305887585779
-0.567783891946 0.308352271216 0.308352648865
-0.566783391696 0.310794588718 0.310794964097
-0.565782891446 0.313214105226 0.313214478118
-0.564782391196 0.315610768694 0.315611138887
-0.563781890945 0.317984528393 0.317984895681
-0.562781390695 0.320335334913 0.320335699095
-0.561780890445 0.322663140158 0.322663501040
-0.560780390195 0.324967897353 0.324968254747
-0.559779889945 0.327249561039 0.327249914761
-0.558779389695 0.329508087076 0.329508436948
-0.557778889445 0.331743432640 0.331743778491
-0.556778389195 0.333955556226 0.333955897890
-0.555777888944 0.336144417645 0.336144754962
-0.554777388694 0.338309978027 0.338310310841
-0.553776888444 0.340452199815 0.340452527978
-0.552776388194 0.342571046773 0.342571370142
-0.551775887944 0.344666483977 0.344666802414
-0.550775387694 0.346738477820 0.346738791194
-0.549774887444 0.348786996009 0.348787304193
-0.548774387194 0.350812007565 0.350812310440
-0.547773886943 0.352813482823 0.352813780272
-0.546773386693 0.354791393430 0.354791685344
-0.545772886443 0.356745712342 0.356745998618
-0.544772386193 0.358676413830 0.358676694369
-0.543771885943 0.360583473471 0.360583748180
-0.542771385693 0.362466868151 0.362467136943
-0.541770885443 0.364326576065 0.364326838858
-0.540770385193 0.366162576713 0.366162833429
-0.539769884942 0.367974850899 0.367975101467
-0.538769384692 0.369763380731 0.369763625085
-0.537768884442 0.371528149620 0.371528387698
-0.536768384192 0.373269142275 0.373269374021
-0.535767883942 0.374986344707 0.374986570071
-0.534767383692 0.376679744223 0.376679963157
-0.533766883442 0.378349329424 0.378349541889
-0.532766383192 0.379995090208 0.379995296166
-0.531765882941 0.381617017763 0.381617217184
-0.530765382691 0.383215104568 0.383215297425
-0.529764882441 0.384789344390 0.384789530661
-0.528764382191 0.386339732284 0.386339911951
-0.527763881941 0.387866264586 0.387866437636
-0.526763381691 0.389368938916 0.389369105342
-0.525762881441 0.390847754175 0.390847913972
-0.524762381191 0.392302710539 0.392302863708
-0.523761880940 0.393733809462 0.393733956008
-0.522761380690 0.395141053669 0.395141193600
-0.521760880440 0.396524447156 0.396524580486
-0.520760380190 0.397883995189 0.397884121934
-0.519759879940 0.399219704295 0.399219824477
-0.518759379690 0.400531582268 0.400531695911
-0.517758879440 0.401819638161 0.401819745293
-0.516758379190 0.403083882282 0.403083982936
-0.515757878939 0.404324326196 0.404324420408
-0.514757378689 0.405540982719 0.405541070528
-0.513756878439 0.406733865915 0.406733947364
-0.512756378189 0.407902991095 0.407903066230
-0.511755877939 0.409048374811 0.409048443682
-0.510755377689 0.410170034854 0.410170097514
-0.509754877439 0.411267990254 0.411268046759
-0.508754377189 0.412342261271 0.412342311679
-0.507753876938 0.413392869397 0.413392913770
-0.506753376688 0.414419837348 0.414419875751
-0.505752876438 0.415423189064 0.415423221565
-0.504752376188 0.416402949705 0.416402976373
-0.503751875938 0.417359145646 0.417359166555
-0.502751375688 0.418291804474 0.418291819698
-0.501750875438 0.419200954985 0.419200964602
-0.500750375188 0.420086627179 0.420086631270
-0.499749874937 0.420948852258 0.420948850905
-0.498749374687 0.421787662621 0.421787655908
-0.497748874437 0.422603091859 0.422603079872
-0.496748374187 0.423395174753 0.423395157582
-0.495747873937 0.424163947270 0.424163925005
-0.494747373687 0.424909446558 0.424909419291
-0.493746873437 0.425631710941 0.425631678765
-0.492746373187 0.426330779915 0.426330742928
-0.491745872936 0.427006694148 0.427006652446
-0.490745372686 0.427659495469 0.427659449150
-0.489744872436 0.428289226868 0.428289176033
-0.488744372186 0.428895932491 0.428895877242
-0.487743871936 0.429479657635 0.429479598073
-0.486743371686 0.430040448742 0.430040384973
-0.485742871436 0.430578353398 0.430578285525
-0.484742371186 0.431093420324 0.431093348454
-0.483741870935 0.431585699376 0.431585623616
-0.482741370685 0.432055241536 0.432055161993
-0.481740870435 0.432502098910 0.432502015693
-0.480740370185 0.432926324721 0.432926237939
-0.479739869935 0.433327973308 0.433327883071
-0.478739369685 0.433707100114 0.433707006533
-0.477738869435 0.434063761690 0.434063664875
-0.476738369185 0.434398015683 0.434397915744
-0.475737868934 0.434709920831 0.434709817881
-0.474737368684 0.434999536964 0.434999431114
-0.473736868434 0.435266924993 0.435266816355
-0.472736368184 0.435512146905 0.435512035591
-0.471735867934 0.435735265761 0.435735151884
-0.470735367684 0.435936345690 0.435936229361
-0.469734867434 0.436115451878 0.436115333210
-0.468734367184 0.436272650572 0.436272529675
-0.467733866933 0.436408009067 0.436407886053
-0.466733366683 0.436521595701 0.436521470682
-0.465732866433 0.436613479855 0.436613352942
-0.464732366183 0.436683731942 0.436683603244
-0.463731865933 0.436732423401 0.436732293029
-0.462731365683 0.436759626695 0.436759494759
-0.461730865433 0.436765415305 0.436765281912
-0.460730365183 0.436749863718 0.436749728978
-0.459729864932 0.436713047429 0.436712911449
-0.458729364682 0.436655042931 0.436654905818
-0.457728864432 0.436575927710 0.436575789569
-0.456728364182 0.436475780236 0.436475641173
-0.455727863932 0.436354679962 0.436354540081
-0.454727363682 0.436212707315 0.436212566719
-0.453726863432 0.436049943691 0.436049802482
-0.452726363182 0.435866471445 0.435866329725
-0.451725862931 0.435662373892 0.435662231760
-0.450725362681 0.435437735293 0.435437592848
-0.449724862431 0.435192640853 0.435192498194
-0.448724362181 0.434927176714 0.434927033937
-0.447723861931 0.434641429950 0.434641287150
-0.446723361681 0.434335488556 0.434335345827
-0.445722861431 0.434009441445 0.434009298880
-0.444722361181 0.433663378443 0.433663236132
-0.443721860930 0.433297390278 0.433297248312
-0.442721360680 0.432911568575 0.432911427042
-0.441720860430 0.432506005852 0.432505864839
-0.440720360180 0.432080795511 0.432080655103
-0.439719859930 0.431636031828 0.431635892110
-0.438719359680 0.431171809955 0.431171671008
-0.437718859430 0.430688225904 0.430688087809
-0.436718359180 0.430185376545 0.430185239382
-0.435717858929 0.429663359599 0.429663223444
-0.434717358679 0.429122273627 0.429122138558
-0.433716858429 0.428562218031 0.428562084120
-0.432716358179 0.427983293038 0.427983160358
-0.431715857929 0.427385599699 0.427385468321
-0.430715357679 0.426769239880 0.426769109873
-0.429714857429 0.426134316254 0.426134187685
-0.428714357179 0.425480932295 0.425480805229
-0.427713856928 0.424809192272 0.424809066773
-0.426713356678 0.424119201238 0.424119077367
-0.425712856428 0.423411065026 0.423410942844
-0.424712356178 0.422684890241 0.422684769806
-0.423711855928 0.421940784254 0.421940665622
-0.422711355678 0.421178855189 0.421178738415
-0.421710855428 0.420399211925 0.420399097061
-0.420710355178 0.419601964079 0.419601851175
-0.419709854927 0.418787222004 0.418787111111
-0.418709354677 0.417955096782 0.417954987946
-0.417708854427 0.417105700214 0.417105593479
-0.416708354177 0.416239144811 0.416239040222
-0.415707853927 0.415355543794 0.415355441391
-0.414707353677 0.414455011075 0.414454910899
-0.413706853427 0.413537661261 0.413537563348
-0.412706353177 0.412603609637 0.412603514024
-0.411705852926 0.411652972165 0.411652878885
-0.410705352676 0.410685865471 0.410685774556
-0.409704852426 0.409702406842 0.409702318323
-0.408704352176 0.408702714215 0.408702628120
-0.407703851926 0.407686906170 0.407686822525
-0.406703351676 0.406655101923 0.406655020753
-0.405702851426 0.405607421318 0.405607342646
-0.404702351176 0.404543984818 0.404543908664
-0.403701850925 0.403464913497 0.403464839881
-0.402701350675 0.402370329035 0.402370257974
-0.401700850425 0.401260353706 0.401260285216
-0.400700350175 0.400135110374 0.400135044469
-0.399699849925 0.398994722482 0.398994659173
-0.398699349675 0.397839314045 0.397839253343
-0.397698849425 0.396669009643 0.396668951556
-0.396698349175 0.395483934410 0.395483878945
-0.395697848924 0.394284214030 0.394284161193
-0.394697348674 0.393069974726 0.393069924520
-0.393696848424 0.391841343253 0.391841295680
-0.392696348174 0.390598446890 0.390598401949
-0.391695847924 0.389341413431 0.389341371121
-0.390695347674 0.388070371176 0.388070331495
-0.389694847424 0.386785448927 0.386785411870
-0.388694347174 0.385486775976 0.385486741536
-0.387693846923 0.384174482096 0.384174450266
-0.386693346673 0.382848697537 0.382848668308
-0.385692846423 0.381509553014 0.381509526375
-0.384692346173 0.380157179700 0.380157155638
-0.383691845923 0.378791709218 0.378791687720
-0.382691345673 0.377413273632 0.377413254684
-0.381690845423 0.376022005441 0.376021989025
-0.380690345173 0.374618037566 0.374618023665
-0.379689844922 0.373201503347 0.373201491941
-0.378689344672 0.371772536530 0.371772527600
-0.377688844422 0.370331271264 0.370331264787
-0.376688344172 0.368877842085 0.368877838039
-0.375687843922 0.367412383916 0.367412382276
-0.374687343672 0.365935032052 0.365935032793
-0.373686843422 0.364445922157 0.364445925252
-0.372686343172 0.362945190249 0.362945195671
-0.371685842921 0.361432972699 0.361432980420
-0.370685342671 0.359909406218 0.359909416206
-0.369684842421 0.358374627848 0.358374640073
-0.368684342171 0.356828774957 0.356828789387
-0.367683841921 0.355271985227 0.355272001829
-0.366683341671 0.353704396648 0.353704415389
-0.365682841421 0.352126147510 0.352126168353
-0.364682341171 0.350537376391 0.350537399301
-0.363681840920 0.348938222151 0.348938247092
-0.362681340670 0.347328823924 0.347328850859
-0.361680840420 0.345709321109 0.345709349999
-0.360680340170 0.344079853361 0.344079884166
-0.359679839920 0.342440560581 0.342440593263
-0.358679339670 0.340791582913 0.340791617430
-0.357678839420 0.339133060726 0.339133097038
-0.356678339170 0.337465134618 0.337465172682
-0.355677838919 0.335787945394 0.335787985168
-0.354677338669 0.334101634069 0.334101675510
-0.353676838419 0.332406341853 0.332406384917
-0.352676338169 0.330702210143 0.330702254785
-0.351675837919 0.328989380516 0.328989426693
-0.350675337669 0.327267994721 0.327268042387
-0.349674837419 0.325538194669 0.325538243778
-0.348674337169 0.323800122424 0.323800172931
-0.347673836918 0.322053920197 0.322053972056
-0.346673336668 0.320299730335 0.320299783498
-0.345672836418 0.318537695314 0.318537749734
-0.344672336168 0.316767957728 0.316768013358
-0.343671835918 0.314990660284 0.314990717077
-0.342671335668 0.313205945792 0.313206003700
-0.341670835418 0.311413957156 0.311414016131
-0.340670335168 0.309614837364 0.309614897358
-0.339669834917 0.307808729485 0.307808790449
-0.338669334667 0.305995776653 0.305995838540
-0.337668834417 0.304176122065 0.304176184825
-0.336668334167 0.302349908968 0.302349972554
-0.335667833917 0.300517280654 0.300517345016
-0.334667333667 0.298678380448 0.298678445538
-0.333666833417 0.296833351703 0.296833417473
-0.332666333167 0.294982337789 0.294982404191
-0.331665832916 0.293125482085 0.293125549071
-0.330665332666 0.291262927974 0.291262995494
-0.329664832416 0.289394818828 0.289394886835
-0.328664332166 0.287521298005 0.287521366451
-0.327663831916 0.285642508838 0.285642577676
-0.326663331666 0.283758594628 0.283758663810
-0.325662831416 0.281869698636 0.281869768115
-0.324662331166 0.279975964070 0.279976033799
-0.323661830915 0.278077534085 0.278077604018
-0.322661330665 0.276174551766 0.276174621856
-0.321660830415 0.274267160126 0.274267230327
-0.320660330165 0.272355502094 0.272355572360
-0.319659829915 0.270439720508 0.270439790794
-0.318659329665 0.268519958106 0.268520028369
-0.317658829415 0.266596357520 0.266596427714
-0.316658329165 0.264669061266 0.264669131347
-0.315657828914 0.262738211732 0.262738281657
-0.314657328664 0.260803951179 0.260804020905
-0.313656828414 0.258866421723 0.258866491208
-0.312656328164 0.256925765333 0.256925834535
-0.311655827914 0.254982123821 0.254982192698
-0.310655327664 0.253035638833 0.253035707345
-0.309654827414 0.251086451842 0.251086519948
-0.308654327164 0.249134704138 0.249134771800
-0.307653826913 0.247180536824 0.247180604003
-0.306653326663 0.245224090804 0.245224157460
-0.305652826413 0.243265506774 0.243265572870
-0.304652326163 0.241304925218 0.241304990718
-0.303651825913 0.239342486399 0.239342551266
-0.302651325663 0.237378330347 0.237378394546
-0.301650825413 0.235412596858 0.235412660353
-0.300650325163 0.233445425477 0.233445488235
-0.299649824912 0.231476955499 0.231477017487
-0.298649324662 0.229507325956 0.229507387141
-0.297648824412 0.227536675609 0.227536735959
-0.296648324162 0.225565142943 0.225565202426
-0.295647823912 0.223592866155 0.223592924742
-0.294647323662 0.221619983152 0.221620040813
-0.293646823412 0.219646631536 0.219646688243
-0.292646323162 0.217672948604 0.217673004328
-0.291645822911 0.215699071331 0.215699126046
-0.290645322661 0.213725136373 0.213725190052
-0.289644822411 0.211751280049 0.211751332668
-0.288644322161 0.209777638342 0.209777689875
-0.287643821911 0.207804346884 0.207804397308
-0.286643321661 0.205831540954 0.205831590247
-0.285642821411 0.203859355467 0.203859403606
-0.284642321161 0.201887924968 0.201887971932
-0.283641820910 0.199917383623 0.199917429392
-0.282641320660 0.197947865213 0.197947909769
-0.281640820410 0.195979503128 0.195979546451
-0.280640320160 0.194012430354 0.194012472428
-0.279639819910 0.192046779472 0.192046820279
-0.278639319660 0.190082682645 0.190082722170
-0.277638819410 0.188120271615 0.188120309843
-0.276638319160 0.186159677694 0.186159714611
-0.275637818909 0.184201031755 0.184201067348
-0.274637318659 0.182244464229 0.182244498486
-0.273636818409 0.180290105093 0.180290138002
-0.272636318159 0.178338083864 0.178338115417
-0.271635817909 0.176388529596 0.176388559781
-0.270635317659 0.174441570866 0.174441599676
-0.269634817409 0.172497335773 0.172497363200
-0.268634317159 0.170555951927 0.170555977964
-0.267633816908 0.168617546443 0.168617571085
-0.266633316658 0.166682245936 0.166682269176
-0.265632816408 0.164750176510 0.164750198346
-0.264632316158 0.162821463754 0.162821484182
-0.263631815908 0.160896232736 0.160896251754
-0.262631315658 0.158974607993 0.158974625599
-0.261630815408 0.157056713526 0.157056729719
-0.260630315158 0.155142672793 0.155142687574
-0.259629814907 0.153232608702 0.153232622071
-0.258629314657 0.151326643605 0.151326655565
-0.257628814407 0.149424899290 0.149424909843
-0.256628314157 0.147527496975 0.147527506125
-0.255627813907 0.145634557302 0.145634565053
-0.254627313657 0.143746200331 0.143746206688
-0.253626813407 0.141862545529 0.141862550498
-0.252626313157 0.139983711771 0.139983715359
-0.251625812906 0.138109817326 0.138109819541
-0.250625312656 0.136240979857 0.136240980706
-0.249624812406 0.134377316408 0.134377315901
-0.248624312156 0.132518943406 0.132518941551
-0.247623811906 0.130665976645 0.130665973455
-0.246623311656 0.128818531288 0.128818526773
-0.245622811406 0.126976721858 0.126976716030
-0.244622311156 0.125140662228 0.125140655100
-0.243621810905 0.123310465622 0.123310457207
-0.242621310655 0.121486244604 0.121486234915
-0.241620810405 0.119668111070 0.119668100123
-0.240620310155 0.117856176251 0.117856164061
-0.239619809905 0.116050550697 0.116050537279
-0.238619309655 0.114251344275 0.114251329647
-0.237618809405 0.112458666167 0.112458650345
-0.236618309155 0.110672624857 0.110672607860
-0.235617808904 0.108893328131 0.108893309976
-0.234617308654 0.107120883067 0.107120863774
-0.233616808404 0.105355396035 0.105355375623
-0.232616308154 0.103596972684 0.103596951173
-0.231615807904 0.101845717942 0.101845695353
-0.230615307654 0.100101736008 0.100101712362
-0.229614807404 0.098365130349 0.098365105666
-0.228614307154 0.096636003690 0.096635977993
-0.227613806903 0.094914458012 0.094914431325
-0.226613306653 0.093200594548 0.093200566892
-0.225612806403 0.091494513773 0.091494485172
-0.224612306153 0.089796315403 0.089796285880
-0.223611805903 0.088106098387 0.088106067967
-0.222611305653 0.086423960903 0.086423929610
-0.221610805403 0.084750000354 0.084749968214
-0.220610305153 0.083084313362 0.083084280398
-0.219609804902 0.081426995759 0.081426961999
-0.218609304652 0.079778142592 0.079778108060
-0.217608804402 0.078137848106 0.078137812829
-0.216608304152 0.076506205748 0.076506169752
-0.215607803902 0.074883308159 0.074883271471
-0.214607303652 0.073269247168 0.073269209816
-0.213606803402 0.071664113791 0.071664075801
-0.212606303152 0.070067998221 0.070067959621
-0.211605802901 0.068480989829 0.068480950647
-0.210605302651 0.066903177155 0.066903137418
-0.209604802401 0.065334647907 0.065334607643
-0.208604302151 0.063775488953 0.063775448190
-0.207603801901 0.062225786319 0.062225745086
-0.206603301651 0.060685625184 0.060685583509
-0.205602801401 0.059155089877 0.059155047789
-0.204602301151 0.057634263870 0.057634221396
-0.203601800900 0.056123229774 0.056123186944
-0.202601300650 0.054622069340 0.054622026182
-0.201600800400 0.053130863446 0.053130819990
-0.200600300150 0.051649692103 0.051649648376
-0.199599799900 0.050178634443 0.050178590474
-0.198599299650 0.048717768717 0.048717724536
-0.197598799400 0.047267172296 0.047267127930
-0.196598299150 0.045826921658 0.045826877137
-0.195597798899 0.044397092395 0.044397047746
-0.194597298649 0.042977759200 0.042977714453
-0.193596798399 0.041568995868 0.041568951051
-0.192596298149 0.040170875293 0.040170830433
-0.191595797899 0.038783469460 0.038783424587
-0.190595297649 0.037406849448 0.037406804588
-0.189594797399 0.036041085419 0.036041040602
-0.188594297149 0.034686246622 0.034686201875
-0.187593796898 0.033342401385 0.033342356735
-0.186593296648 0.032009617113 0.032009572586
-0.185592796398 0.030687960283 0.030687915908
-0.184592296148 0.029377496446 0.029377452249
-0.183591795898 0.028078290217 0.028078246225
-0.182591295648 0.026790405278 0.026790361518
-0.181590795398 0.025513904371 0.025513860868
-0.180590295148 0.024248849297 0.024248806076
-0.179589794897 0.022995300911 0.022995257999
-0.178589294647 0.021753319123 0.021753276545
-0.177588794397 0.020522962892 0.020522920672
-0.176588294147 0.019304290224 0.019304248387
-0.175587793897 0.018097358168 0.018097316739
-0.174587293647 0.016902222818 0.016902181820
-0.173586793397 0.015718939306 0.015718898762
-0.172586293147 0.014547561800 0.014547521734
-0.171585792896 0.013388143504 0.013388103938
-0.170585292646 0.012240736653 0.012240697609
-0.169584792396 0.011105392511 0.011105354012
-0.168584292146 0.009982161372 0.009982123439
-0.167583791896 0.008871092553 0.008871055207
-0.166583291646 0.007772234395 0.007772197657
-0.165582791396 0.006685634261 0.006685598150
-0.164582291146 0.005611338531 0.005611303068
-0.163581790895 0.004549392604 0.004549357807
-0.162581290645 0.003499840894 0.003499806781
-0.161580790395 0.002462726825 0.002462693416
-0.160580290145 0.001438092838 0.001438060150
-0.159579789895 0.000425980379 0.000425948429
-0.158579289645 -0.000573570094 -0.000573601289
-0.157578789395 -0.001560519120 -0.001560549544
-0.156578289145 -0.002534828231 -0.002534857868
-0.155577788894 -0.003496459956 -0.003496488791
-0.154577288644 -0.004445377822 -0.004445405841
-0.153576788394 -0.005381546356 -0.005381573544
-0.152576288144 -0.006304931085 -0.006304957429
-0.151575787894 -0.007215498537 -0.007215524024
-0.150575287644 -0.008113216246 -0.008113240863
-0.149574787394 -0.008998052747 -0.008998076484
-0.148574287144 -0.009869977583 -0.009870000428
-0.147573786893 -0.010728961303 -0.010728983244
-0.146573286643 -0.011574975462 -0.011574996490
-0.145572786393 -0.012407992624 -0.012408012729
-0.144572286143 -0.013227986363 -0.013228005536
-0.143571785893 -0.014034931262 -0.014034949495
-0.142571285643 -0.014828802914 -0.014828820200
-0.141570785393 -0.015609577926 -0.015609594256
-0.140570285143 -0.016377233914 -0.016377249283
-0.139569784892 -0.017131749508 -0.017131763909
-0.138569284642 -0.017873104351 -0.017873117779
-0.137568784392 -0.018601279098 -0.018601291548
-0.136568284142 -0.019316255420 -0.019316266888
-0.135567783892 -0.020018016000 -0.020018026483
-0.134567283642 -0.020706544538 -0.020706554031
-0.133566783392 -0.021381825745 -0.021381834247
-0.132566283142 -0.022043845349 -0.022043852858
-0.131565782891 -0.022692590093 -0.022692596608
-0.130565282641 -0.023328047733 -0.023328053253
-0.129564782391 -0.023950207042 -0.023950211567
-0.128564282141 -0.024559057805 -0.024559061335
-0.127563781891 -0.025154590824 -0.025154593361
-0.126563281641 -0.025736797913 -0.025736799458
-0.125562781391 -0.026305671902 -0.026305672457
-0.124562281141 -0.026861206633 -0.026861206201
-0.123561780890 -0.027403396961 -0.027403395547
-0.122561280640 -0.027932238756 -0.027932236362
-0.121560780390 -0.028447728898 -0.028447725529
-0.120560280140 -0.028949865279 -0.028949860941
-0.119559779890 -0.029438646804 -0.029438641501
-0.118559279640 -0.029914073384 -0.029914067124
-0.117558779390 -0.030376145944 -0.030376138733
-0.116558279140 -0.030824866416 -0.030824858260
-0.115557778889 -0.031260237738 -0.031260228647
-0.114557278639 -0.031682263859 -0.031682253840
-0.113556778389 -0.032090949730 -0.032090938793
-0.112556278139 -0.032486301310 -0.032486289463
-0.111555777889 -0.032868325558 -0.032868312812
-0.110555277639 -0.033237030440 -0.033237016805
-0.109554777389 -0.033592424920 -0.033592410407
-0.108554277139 -0.033934518965 -0.033934503584
-0.107553776888 -0.034263323536 -0.034263307301
-0.106553276638 -0.034578850598 -0.034578833519
-0.105552776388 -0.034881113105 -0.034881095197
-0.104552276138 -0.035170125011 -0.035170106287
-0.103551775888 -0.035445901260 -0.035445881733
-0.102551275638 -0.035708457787 -0.035708437471
-0.101550775388 -0.035957811518 -0.035957790427
-0.100550275138 -0.036193980365 -0.036193958515
-0.099549774887 -0.036416983227 -0.036416960633
-0.098549274637 -0.036626839987 -0.036626816666
-0.097548774387 -0.036823571511 -0.036823547477
-0.096548274137 -0.037007199642 -0.037007174913
-0.095547773887 -0.037177747204 -0.037177721797
-0.094547273637 -0.037335237997 -0.037335211928
-0.093546773387 -0.037479696794 -0.037479670082
-0.092546273137 -0.037611149340 -0.037611122002
-0.091545772886 -0.037729622349 -0.037729594403
-0.090545272636 -0.037835143502 -0.037835114967
-0.089544772386 -0.037927741445 -0.037927712341
-0.088544272136 -0.038007445788 -0.038007416133
-0.087543771886 -0.038074287098 -0.038074256912
-0.086543271636 -0.038128296900 -0.038128266203
-0.085542771386 -0.038169507676 -0.038169476488
-0.084542271136 -0.038197952857 -0.038197921198
-0.083541770885 -0.038213666825 -0.038213634715
-0.082541270635 -0.038216684908 -0.038216652368
-0.081540770385 -0.038207043379 -0.038207010430
-0.080540270135 -0.038184779449 -0.038184746112
-0.079539769885 -0.038149931270 -0.038149897567
-0.078539269635 -0.038102537927 -0.038102503879
-0.077538769385 -0.038042639438 -0.038042605067
-0.076538269135 -0.037970276750 -0.037970242077
-0.075537768884 -0.037885491735 -0.037885456783
-0.074537268634 -0.037788327187 -0.037788291977
-0.073536768384 -0.037678826821 -0.037678791376
-0.072536268134 -0.037557035266 -0.037556999608
-0.071535767884 -0.037422998066 -0.037422962217
-0.070535267634 -0.037276761671 -0.037276725653
-0.069534767384 -0.037118373439 -0.037118337276
-0.068534267134 -0.036947881630 -0.036947845344
-0.067533766883 -0.036765335402 -0.036765299016
-0.066533266633 -0.036570784809 -0.036570748345
-0.065532766383 -0.036364280796 -0.036364244276
-0.064532266133 -0.036145875194 -0.036145838641
-0.063531765883 -0.035915620720 -0.035915584157
-0.062531265633 -0.035673570970 -0.035673534420
-0.061530765383 -0.035419780416 -0.035419743902
-0.060530265133 -0.035154304404 -0.035154267947
-0.059529764882 -0.034877199146 -0.034877162769
-0.058529264632 -0.034588521719 -0.034588485444
-0.057528764382 -0.034288330060 -0.034288293910
-0.056528264132 -0.033976682963 -0.033976646960
-0.055527763882 -0.033653640073 -0.033653604239
-0.054527263632 -0.033319261882 -0.033319226239
-0.053526763382 -0.032973609728 -0.032973574297
-0.052526263132 -0.032616745783 -0.032616710587
-0.051525762881 -0.032248733060 -0.032248698119
-0.050525262631 -0.031869635396 -0.031869600733
-0.049524762381 -0.031479517459 -0.031479483094
-0.048524262131 -0.031078444735 -0.031078410689
-0.047523761881 -0.030666483527 -0.030666449821
-0.046523261631 -0.030243700951 -0.030243667606
-0.045522761381 -0.029810164931 -0.029810131966
-0.044522261131 -0.029365944191 -0.029365911627
-0.043521760880 -0.028911108256 -0.028911076112
-0.042521260630 -0.028445727441 -0.028445695737
-0.041520760380 -0.027969872853 -0.027969841608
-0.040520260130 -0.027483616379 -0.027483585613
-0.039519759880 -0.026987030686 -0.026987000417
-0.038519259630 -0.026480189215 -0.026480159460
-0.037518759380 -0.025963166173 -0.025963136952
-0.036518259130 -0.025436036534 -0.025436007864
-0.035517758879 -0.024898876027 -0.024898847926
-0.034517258629 -0.024351761136 -0.024351733620
-0.033516758379 -0.023794769092 -0.023794742178
-0.032516258129 -0.023227977868 -0.023227951573
-0.031515757879 -0.022651466176 -0.022651440515
-0.030515257629 -0.022065313460 -0.022065288448
-0.029514757379 -0.021469599888 -0.021469575542
-0.028514257129 -0.020864406351 -0.020864382685
-0.027513756878 -0.020249814458 -0.020249791486
-0.026513256628 -0.019625906523 -0.019625884259
-0.025512756378 -0.018992765569 -0.018992744027
-0.024512256128 -0.018350475316 -0.018350454509
-0.023511755878 -0.017699120179 -0.017699100120
-0.022511255628 -0.017038785260 -0.017038765960
-0.021510755378 -0.016369556342 -0.016369537814
-0.020510255128 -0.015691519885 -0.015691502140
-0.019509754877 -0.015004763021 -0.015004746070
-0.018509254627 -0.014309373545 -0.014309357399
-0.017508754377 -0.013605439912 -0.013605424579
-0.016508254127 -0.012893051229 -0.012893036720
-0.015507753877 -0.012172297250 -0.012172283573
-0.014507253627 -0.011443268370 -0.011443255535
-0.013506753377 -0.010706055621 -0.010706043635
-0.012506253127 -0.009960750662 -0.009960739532
-0.011505752876 -0.009207445774 -0.009207435507
-0.010505252626 -0.008446233856 -0.008446224460
-0.009504752376 -0.007677208419 -0.007677199899
-0.008504252126 -0.006900463575 -0.006900455937
-0.007503751876 -0.006116094038 -0.006116087285
-0.006503251626 -0.005324195110 -0.005324189248
-0.005502751376 -0.004524862681 -0.004524857714
-0.004502251126 -0.003718193219 -0.003718189150
-0.003501750875 -0.002904283766 -0.002904280599
-0.002501250625 -0.002083231931 -0.002083229666
-0.001500750375 -0.001255135879 -0.001255134519
-0.000500250125 -0.000420094333 -0.000420093880
0.000500250125 0.000421793439 0.000421792985
0.001500750375 0.001270427628 0.001270426268
0.002501250625 0.002125707893 0.002125705626
0.003501750875 0.002987533363 0.002987530189
0.004502251126 0.003855802647 0.003855798570
0.005502751376 0.004730413843 0.004730408862
0.006503251626 0.005611264537 0.005611258656
0.007503751876 0.006498251817 0.006498245040
0.008504252126 0.007391272279 0.007391264608
0.009504752376 0.008290222029 0.008290213468
0.010505252626 0.009194996693 0.009194987248
0.011505752876 0.010105491426 0.010105481101
0.012506253127 0.011021600914 0.011021589715
0.013506753377 0.011943219386 0.011943207319
0.014507253627 0.012870240616 0.012870227688
0.015507753877 0.013802557934 0.013802544152
0.016508254127 0.014740064230 0.014740049601
0.017508754377 0.015682651963 0.015682636496
0.018509254627 0.016630213168 0.016630196872
0.019509754877 0.017582639461 0.017582622345
0.020510255128 0.018539822049 0.018539804122
0.021510755378 0.019501651734 0.019501633008
0.022511255628 0.020468018924 0.020467999408
0.023511755878 0.021438813636 0.021438793341
0.024512256128 0.022413925505 0.022413904444
0.025512756378 0.023393243793 0.023393221977
0.026513256628 0.024376657394 0.024376634835
0.027513756878 0.025364054840 0.025364031552
0.028514257129 0.026355324312 0.026355300308
0.029514757379 0.027350353644 0.027350328939
0.030515257629 0.028349030334 0.028349004942
0.031515757879 0.029351241547 0.029351215482
0.032516258129 0.030356874125 0.030356847401
0.033516758379 0.031365814592 0.031365787227
0.034517258629 0.032377949167 0.032377921175
0.035517758879 0.033393163764 0.033393135162
0.036518259130 0.034411344004 0.034411314810
0.037518759380 0.035432375223 0.035432345453
0.038519259630 0.036456142476 0.036456112148
0.039519759880 0.037482530548 0.037482499679
0.040520260130 0.038511423957 0.038511392566
0.041520760380 0.039542706969 0.039542675074
0.042521260630 0.040576263597 0.040576231218
0.043521760880 0.041611977615 0.041611944770
0.044522261131 0.042649732562 0.042649699270
0.045522761381 0.043689411750 0.043689378032
0.046523261631 0.044730898274 0.044730864150
0.047523761881 0.045774075018 0.045774040507
0.048524262131 0.046818824660 0.046818789784
0.049524762381 0.047865029684 0.047864994464
0.050525262631 0.048912572388 0.048912536844
0.051525762881 0.049961334885 0.049961299039
0.052526263132 0.051011199118 0.051011162992
0.053526763382 0.052062046865 0.052062010481
0.054527263632 0.053113759746 0.053113723125
0.055527763882 0.054166219230 0.054166182395
0.056528264132 0.055219306648 0.055219269620
0.057528764382 0.056272903192 0.056272865995
0.058529264632 0.057326889930 0.057326852586
0.059529764882 0.058381147811 0.058381110343
0.060530265133 0.059435557674 0.059435520105
0.061530765383 0.060490000253 0.060489962606
0.062531265633 0.061544356187 0.061544318485
0.063531765883 0.062598506029 0.062598468295
0.064532266133 0.063652330250 0.063652292508
0.065532766383 0.064705709251 0.064705671524
0.066533266633 0.065758523366 0.065758485678
0.067533766883 0.066810652876 0.066810615250
0.068534267134 0.067861978012 0.067861940470
0.069534767384 0.068912378962 0.068912341530
0.070535267634 0.069961735885 0.069961698585
0.071535767884 0.071009928912 0.071009891768
0.072536268134 0.072056838159 0.072056801193
0.073536768384 0.073102343729 0.073102306966
0.074537268634 0.074146325728 0.074146289191
0.075537768884 0.075188664264 0.075188627976
0.076538269135 0.076229239463 0.076229203447
0.077538769385 0.077267931469 0.077267895749
0.078539269635 0.078304620459 0.078304585058
0.079539769885 0.079339186647 0.079339151586
0.080540270135 0.080371510290 0.080371475594
0.081540770385 0.081401471702 0.081401437392
0.082541270635 0.082428951256 0.082428917355
0.083541770885 0.083453829394 0.083453795924
0.084542271136 0.084475986636 0.084475953619
0.085542771386 0.085495303585 0.085495271044
0.086543271636 0.086511660939 0.086511628895
0.087543771886 0.087524939495 0.087524907968
0.088544272136 0.088535020157 0.088534989170
0.089544772386 0.089541783948 0.089541753521
0.090545272636 0.090545112011 0.090545082165
0.091545772886 0.091544885625 0.091544856381
0.092546273137 0.092540986206 0.092540957583
0.093546773387 0.093533295318 0.093533267336
0.094547273637 0.094521694679 0.094521667357
0.095547773887 0.095506066172 0.095506039530
0.096548274137 0.096486291848 0.096486265905
0.097548774387 0.097462253940 0.097462228714
0.098549274637 0.098433834865 0.098433810374
0.099549774887 0.099400917234 0.099400893495
0.100550275138 0.100363383860 0.100363360892
0.101550775388 0.101321117767 0.101321095586
0.102551275638 0.102274002194 0.102273980817
0.103551775888 0.103221920608 0.103221900050
0.104552276138 0.104164756706 0.104164736984
0.105552776388 0.105102394426 0.105102375555
0.106553276638 0.106034717956 0.106034699950
0.107553776888 0.106961611738 0.106961594612
0.108554277139 0.107882960477 0.107882944245
0.109554777389 0.108798649153 0.108798633828
0.110555277639 0.109708563020 0.109708548615
0.111555777889 0.110612587622 0.110612574150
0.112556278139 0.111510608796 0.111510596268
0.113556778389 0.112402512679 0.112402501107
0.114557278639 0.113288185721 0.113288175116
0.115557778889 0.114167514686 0.114167505058
0.116558279140 0.115040386663 0.115040378022
0.117558779390 0.115906689074 0.115906681429
0.118559279640 0.116766309680 0.116766303040
0.119559779890 0.117619136590 0.117619130963
0.120560280140 0.118465058265 0.118465053659
0.121560780390 0.119303963530 0.119303959952
0.122561280640 0.120135741581 0.120135739037
0.123561780890 0.120960281987 0.120960280483
0.124562281141 0.121777474706 0.121777474247
0.125562781391 0.122587210084 0.122587210676
0.126563281641 0.123389378869 0.123389380514
0.127563781891 0.124183872214 0.124183874916
0.128564282141 0.124970581685 0.124970585448
0.129564782391 0.125749399273 0.125749404098
0.130565282641 0.126520217393 0.126520223282
0.131565782891 0.127282928899 0.127282935854
0.132566283142 0.128037427087 0.128037435107
0.133566783392 0.128783605704 0.128783614789
0.134567283642 0.129521358954 0.129521369103
0.135567783892 0.130250581505 0.130250592717
0.136568284142 0.130971168499 0.130971180772
0.137568784392 0.131683015556 0.131683028886
0.138569284642 0.132386018782 0.132386033166
0.139569784892 0.133080074776 0.133080090210
0.140570285143 0.133765080638 0.133765097118
0.141570785393 0.134440933977 0.134440951497
0.142571285643 0.135107532913 0.135107551466
0.143571785893 0.135764776090 0.135764795671
0.144572286143 0.136412562681 0.136412583281
0.145572786393 0.137050792391 0.137050814003
0.146573286643 0.137679365471 0.137679388087
0.147573786893 0.138298182720 0.138298206330
0.148574287144 0.138907145492 0.138907170086
0.149574787394 0.139506155705 0.139506181272
0.150575287644 0.140095115846 0.140095142376
0.151575787894 0.140673928979 0.140673956459
0.152576288144 0.141242498751 0.141242527170
0.153576788394 0.141800729399 0.141800758743
0.154577288644 0.142348525757 0.142348556012
0.155577788894 0.142885793260 0.142885824412
0.156578289145 0.143412437957 0.143412469991
0.157578789395 0.143928366508 0.143928399409
0.158579289645 0.144433486202 0.144433519953
0.159579789895 0.144927704952 0.144927739538
0.160580290145 0.145410931312 0.145410966714
0.161580790395 0.145883074474 0.145883110675
0.162581290645 0.146344044281 0.146344081263
0.163581790895 0.146793751232 0.146793788975
0.164582291146 0.147232106487 0.147232144972
0.165582791396 0.147659021873 0.147659061080
0.166583291646 0.148074409892 0.148074449800
0.167583791896 0.148478183727 0.148478224315
0.168584292146 0.148870257246 0.148870298493
0.169584792396 0.149250545012 0.149250586895
0.170585292646 0.149618962286 0.149619004782
0.171585792896 0.149975425034 0.149975468120
0.172586293147 0.150319849932 0.150319893585
0.173586793397 0.150652154377 0.150652198572
0.174587293647 0.150972256484 0.150972301197
0.175587793897 0.151280075102 0.151280120308
0.176588294147 0.151575529812 0.151575575485
0.177588794397 0.151858540937 0.151858587051
0.178589294647 0.152129029547 0.152129076076
0.179589794897 0.152386917464 0.152386964380
0.180590295148 0.152632127267 0.152632174545
0.181590795398 0.152864582303 0.152864629914
0.182591295648 0.153084206685 0.153084254602
0.183591795898 0.153290925304 0.153290973497
0.184592296148 0.153484663828 0.153484712270
0.185592796398 0.153665348717 0.153665397378
0.186593296648 0.153832907218 0.153832956070
0.187593796898 0.153987267379 0.153987316391
0.188594297149 0.154128358048 0.154128407192
0.189594797399 0.154256108885 0.154256158129
0.190595297649 0.154370450359 0.154370499675
0.191595797899 0.154471313762 0.154471363118
0.192596298149 0.154558631209 0.154558680573
0.193596798399 0.154632335642 0.154632384985
0.194597298649 0.154692360840 0.154692410131
0.195597798899 0.154738641423 0.154738690629
0.196598299150 0.154771112851 0.154771161942
0.197598799400 0.154789711439 0.154789760382
0.198599299650 0.154794374353 0.154794423117
0.199599799900 0.154785039620 0.154785088174
0.200600300150 0.154761646133 0.154761694444
0.201600800400 0.154724133652 0.154724181688
0.202601300650 0.154672442812 0.154672490541
0.203601800900 0.154606515127 0.154606562518
0.204602301151 0.154526292997 0.154526340016
0.205602801401 0.154431719706 0.154431766322
0.206603301651 0.154322739434 0.154322785615
0.207603801901 0.154199297257 0.154199342972
0.208604302151 0.154061339155 0.154061384371
0.209604802401 0.153908812013 0.153908856697
0.210605302651 0.153741663626 0.153741707748
0.211605802901 0.153559842705 0.153559886233
0.212606303152 0.153363298883 0.153363341785
0.213606803402 0.153151982712 0.153152024957
0.214607303652 0.152925845677 0.152925887233
0.215607803902 0.152684840191 0.152684881028
0.216608304152 0.152428919606 0.152428959694
0.217608804402 0.152158038214 0.152158077521
0.218609304652 0.151872151251 0.151872189747
0.219609804902 0.151571214901 0.151571252556
0.220610305153 0.151255186300 0.151255223085
0.221610805403 0.150924023542 0.150924059426
0.222611305653 0.150577685679 0.150577720634
0.223611805903 0.150216132728 0.150216166725
0.224612306153 0.149839325671 0.149839358682
0.225612806403 0.149447226465 0.149447258461
0.226613306653 0.149039798038 0.149039828992
0.227613806903 0.148617004297 0.148617034183
0.228614307154 0.148178810133 0.148178838923
0.229614807404 0.147725181420 0.147725209087
0.230615307654 0.147256085019 0.147256111539
0.231615807904 0.146771488786 0.146771514133
0.232616308154 0.146271361571 0.146271385720
0.233616808404 0.145755673222 0.145755696148
0.234617308654 0.145224394587 0.145224416267
0.235617808904 0.144677497521 0.144677517932
0.236618309155 0.144114954885 0.144114974005
0.237618809405 0.143536740553 0.143536758358
0.238619309655 0.142942829408 0.142942845879
0.239619809905 0.142333197355 0.142333212470
0.240620310155 0.141707821313 0.141707835053
0.241620810405 0.141066679228 0.141066691572
0.242621310655 0.140409750066 0.140409760997
0.243621810905 0.139737013825 0.139737023325
0.244622311156 0.139048451530 0.139048459580
0.245622811406 0.138344045238 0.138344051824
0.246623311656 0.137623778045 0.137623783150
0.247623811906 0.136887634081 0.136887637689
0.248624312156 0.136135598516 0.136135600615
0.249624812406 0.135367657565 0.135367658140
0.250625312656 0.134583798485 0.134583797524
0.251625812906 0.133784009580 0.133784007071
0.252626313157 0.132968280204 0.132968276135
0.253626813407 0.132136600760 0.132136595123
0.254627313657 0.131288962707 0.131288955491
0.255627813907 0.130425358555 0.130425349753
0.256628314157 0.129545781875 0.129545771479
0.257628814407 0.128650227293 0.128650215297
0.258629314657 0.127738690498 0.127738676897
0.259629814907 0.126811168241 0.126811153029
0.260630315158 0.125867658336 0.125867641509
0.261630815408 0.124908159663 0.124908141219
0.262631315658 0.123932672169 0.123932652106
0.263631815908 0.122941196869 0.122941175186
0.264632316158 0.121933735850 0.121933712547
0.265632816408 0.120910292268 0.120910267347
0.266633316658 0.119870870355 0.119870843817
0.267633816908 0.118815475413 0.118815447262
0.268634317159 0.117744113822 0.117744084061
0.269634817409 0.116656793038 0.116656761673
0.270635317659 0.115553521593 0.115553488630
0.271635817909 0.114434309100 0.114434274546
0.272636318159 0.113299166250 0.113299130113
0.273636818409 0.112148104813 0.112148067103
0.274637318659 0.110981137644 0.110981098370
0.275637818909 0.109798278675 0.109798237850
0.276638319160 0.108599542925 0.108599500560
0.277638819410 0.107384946495 0.107384902603
0.278639319660 0.106154506568 0.106154461164
0.279639819910 0.104908241414 0.104908194514
0.280640320160 0.103646170388 0.103646122008
0.281640820410 0.102368313928 0.102368264086
0.282641320660 0.101074693560 0.101074642275
0.283641820910 0.099765331896 0.099765279187
0.284642321161 0.098440252632 0.098440198520
0.285642821411 0.097099480554 0.097099425060
0.286643321661 0.095743041531 0.095742984679
0.287643821911 0.094370962521 0.094370904335
0.288644322161 0.092983271567 0.092983212072
0.289644822411 0.091579997801 0.091579937022
0.290645322661 0.090161171438 0.090161109403
0.291645822911 0.088726823782 0.088726760519
0.292646323162 0.087276987222 0.087276922759
0.293646823412 0.085811695231 0.085811629599
0.294647323662 0.084330982371 0.084330915600
0.295647823912 0.082834884284 0.082834816408
0.296648324162 0.081323437701 0.081323368751
0.297648824412 0.079796680433 0.079796610445
0.298649324662 0.078254651376 0.078254580384
0.299649824912 0.076697390509 0.076697318548
0.300650325163 0.075124938890 0.075124865998
0.301650825413 0.073537338660 0.073537264875
0.302651325663 0.071934633040 0.071934558400
0.303651825913 0.070316866329 0.070316790875
0.304652326163 0.068684083905 0.068684007676
0.305652826413 0.067036332222 0.067036255260
0.306653326663 0.065373658810 0.065373581157
0.307653826913 0.063696112274 0.063696033974
0.308654327164 0.062003742293 0.062003663390
0.309654827414 0.060296599617 0.060296520155
0.310655327664 0.058574736067 0.058574656092
0.311655827914 0.056838204535 0.056838124093
0.312656328164 0.055087058977 0.055086978116
0.313656828414 0.053321354420 0.053321273187
0.314657328664 0.051541146951 0.051541065395
0.315657828914 0.049746493724 0.049746411894
0.316658329165 0.047937452951 0.047937370898
0.317658829415 0.046114083907 0.046114001680
0.318659329665 0.044276446920 0.044276364572
0.319659829915 0.042424603378 0.042424520960
0.320660330165 0.040558615720 0.040558533285
0.321660830415 0.038678547438 0.038678465038
0.322661330665 0.036784463073 0.036784380762
0.323661830915 0.034876428212 0.034876346045
0.324662331166 0.032954509491 0.032954427521
0.325662831416 0.031018774584 0.031018692867
0.326663331666 0.029069292209 0.029069210801
0.327663831916 0.027106132121 0.027106051077
0.328664332166 0.025129365110 0.025129284487
0.329664832416 0.023139063001 0.023138982854
0.330665332666 0.021135298647 0.021135219034
0.331665832916 0.019118145930 0.019118066909
0.332666333167 0.017087679758 0.017087601385
0.333666833417 0.015043976061 0.015043898394
0.334667333667 0.012987111786 0.012987034884
0.335667833917 0.010917164902 0.010917088821
0.336668334167 0.008834214386 0.008834139186
0.337668834417 0.006738340229 0.006738265967
0.338669334667 0.004629623428 0.004629550164
0.339669834917 0.002508145988 0.002508073779
0.340670335168 0.000373990910 0.000373919815
0.341670835418 -0.001772757803 -0.001772827726
0.342671335668 -0.003932015155 -0.003932083847
0.343671835918 -0.006103695158 -0.006103762562
0.344672336168 -0.008287710836 -0.008287776893
0.345672836418 -0.010483974228 -0.010484038881
0.346673336668 -0.012692396394 -0.012692459584
0.347673836918 -0.014912887414 -0.014912949085
0.348674337169 -0.017145356397 -0.017145416491
0.349674837419 -0.019389711479 -0.019389769940
0.350675337669 -0.021645859833 -0.021645916604
0.351675837919 -0.023913707668 -0.023913762693
0.352676338169 -0.026193160233 -0.026193213457
0.353676838419 -0.028484121826 -0.028484173193
0.354677338669 -0.030786495792 -0.030786545247
0.355677838919 -0.033100184529 -0.033100232020
0.356678339170 -0.035425089495 -0.035425134967
0.357678839420 -0.037761111209 -0.037761154609
0.358679339670 -0.040108149254 -0.040108190530
0.359679839920 -0.042466102286 -0.042466141387
0.360680340170 -0.044834868034 -0.044834904909
0.361680840420 -0.047214343308 -0.047214377907
0.362681340670 -0.049604424000 -0.049604456274
0.363681840920 -0.052005005089 -0.052005034990
0.364682341171 -0.054415980649 -0.054416008129
0.365682841421 -0.056837243851 -0.056837268864
0.366683341671 -0.059268686966 -0.059268709467
0.367683841921 -0.061710201374 -0.061710221317
0.368684342171 -0.064161677564 -0.064161694907
0.369684842421 -0.066623005143 -0.066623019843
0.370685342671 -0.069094072839 -0.069094084856
0.371685842921 -0.071574768507 -0.071574777799
0.372686343172 -0.074064979130 -0.074064985660
0.373686843422 -0.076564590831 -0.076564594561
0.374687343672 -0.079073488871 -0.079073489765
0.375687843922 -0.081591557661 -0.081591555684
0.376688344172 -0.084118680761 -0.084118675878
0.377688844422 -0.086654740888 -0.086654733068
0.378689344672 -0.089199619923 -0.089199609136
0.379689844922 -0.091753198913 -0.091753185129
0.380690345173 -0.094315358079 -0.094315341271
0.381690845423 -0.096885976821 -0.096885956962
0.382691345673 -0.099464933722 -0.099464910787
0.383691845923 -0.102052106555 -0.102052080522
0.384692346173 -0.104647372289 -0.104647343136
0.385692846423 -0.107250607093 -0.107250574800
0.386693346673 -0.109861686343 -0.109861650893
0.387693846923 -0.112480484629 -0.112480446006
0.388694347174 -0.115106875757 -0.115106833946
0.389694847424 -0.117740732759 -0.117740687747
0.390695347674 -0.120381927895 -0.120381879672
0.391695847924 -0.123030332665 -0.123030281222
0.392696348174 -0.125685817807 -0.125685763137
0.393696848424 -0.128348253311 -0.128348195408
0.394697348674 -0.131017508417 -0.131017447279
0.395697848924 -0.133693451630 -0.133693387256
0.396698349175 -0.136375950719 -0.136375883111
0.397698849425 -0.139064872728 -0.139064801887
0.398699349675 -0.141760083979 -0.141760009910
0.399699849925 -0.144461450079 -0.144461372791
0.400700350175 -0.147168835929 -0.147168755431
0.401700850425 -0.149882105728 -0.149882022031
0.402701350675 -0.152601122981 -0.152601036098
0.403701850925 -0.155325750502 -0.155325660449
0.404702351176 -0.158055850426 -0.158055757221
0.405702851426 -0.160791284211 -0.160791187876
0.406703351676 -0.163531912649 -0.163531813205
0.407703851926 -0.166277595867 -0.166277493339
0.408704352176 -0.169028193341 -0.169028087756
0.409704852426 -0.171783563896 -0.171783455283
0.410705352676 -0.174543565716 -0.174543454108
0.411705852926 -0.177308056352 -0.177307941782
0.412706353177 -0.180076892727 -0.180076775232
0.413706853427 -0.182849931144 -0.182849810762
0.414707353677 -0.185627027292 -0.185626904065
0.415707853927 -0.188408036254 -0.188407910225
0.416708354177 -0.191192812514 -0.191192683729
0.417708854427 -0.193981209965 -0.193981078471
0.418709354677 -0.196773081912 -0.196772947761
0.419709854927 -0.199568281087 -0.199568144331
0.420710355178 -0.202366659648 -0.202366520343
0.421710855428 -0.205168069191 -0.205167927395
0.422711355678 -0.207972360759 -0.207972216532
0.423711855928 -0.210779384842 -0.210779238247
0.424712356178 -0.213588991394 -0.213588842495
0.425712856428 -0.216401029833 -0.216400878698
0.426713356678 -0.219215349052 -0.219215195750
0.427713856928 -0.222031797425 -0.222031642029
0.428714357179 -0.224850222817 -0.224850065401
0.429714857429 -0.227670472589 -0.227670313230
0.430715357679 -0.230492393606 -0.230492232383
0.431715857929 -0.233315832247 -0.233315669242
0.432716358179 -0.236140634410 -0.236140469706
0.433716858429 -0.238966645521 -0.238966479204
0.434717358679 -0.241793710541 -0.241793542700
0.435717858929 -0.244621673977 -0.244621504702
0.436718359180 -0.247450379884 -0.247450209269
0.437718859430 -0.250279671880 -0.250279500019
0.438719359680 -0.253109393146 -0.253109220137
0.439719859930 -0.255939386442 -0.255939212384
0.440720360180 -0.258769494109 -0.258769319103
0.441720860430 -0.261599558080 -0.261599382231
0.442721360680 -0.264429419888 -0.264429243300
0.443721860930 -0.267258920672 -0.267258743454
0.444722361181 -0.270087901188 -0.270087723450
0.445722861431 -0.272916201814 -0.272916023667
0.446723361681 -0.275743662562 -0.275743484121
0.447723861931 -0.278570123084 -0.278569944463
0.448724362181 -0.281395422678 -0.281395243995
0.449724862431 -0.284219400301 -0.284219221676
0.450725362681 -0.287041894575 -0.287041716128
0.451725862931 -0.289862743794 -0.289862565648
0.452726363182 -0.292681785935 -0.292681608215
0.453726863432 -0.295498858665 -0.295498681496
0.454727363682 -0.298313799349 -0.298313622859
0.455727863932 -0.301126445059 -0.301126269378
0.456728364182 -0.303936632584 -0.303936457841
0.457728864432 -0.306744198435 -0.306744024763
0.458729364682 -0.309548978856 -0.309548806388
0.459729864932 -0.312350809834 -0.312350638705
0.460730365183 -0.315149527104 -0.315149357449
0.461730865433 -0.317944966158 -0.317944798115
0.462731365683 -0.320736962258 -0.320736795964
0.463731865933 -0.323525350441 -0.323525186035
0.464732366183 -0.326309965525 -0.326309803148
0.465732866433 -0.329090642125 -0.329090481918
0.466733366683 -0.331867214656 -0.331867056760
0.467733866933 -0.334639517343 -0.334639361901
0.468734367184 -0.337407384231 -0.337407231385
0.469734867434 -0.340170649193 -0.340170499088
0.470735367684 -0.342929145938 -0.342928998718
0.471735867934 -0.345682708021 -0.345682563831
0.472736368184 -0.348431168853 -0.348431027837
0.473736868434 -0.351174361705 -0.351174224009
0.474737368684 -0.353912119724 -0.353911985493
0.475737868934 -0.356644275935 -0.356644145315
0.476738369185 -0.359370663255 -0.359370536391
0.477738869435 -0.362091114500 -0.362090991538
0.478739369685 -0.364805462392 -0.364805343477
0.479739869935 -0.367513539572 -0.367513424849
0.480740370185 -0.370215178606 -0.370215068219
0.481740870435 -0.372910211996 -0.372910106089
0.482741370685 -0.375598472185 -0.375598370903
0.483741870935 -0.378279791572 -0.378279695058
0.484742371186 -0.380954002518 -0.380953910913
0.485742871436 -0.383620937353 -0.383620850798
0.486743371686 -0.386280428388 -0.386280347024
0.487743871936 -0.388932307924 -0.388932231891
0.488744372186 -0.391576408259 -0.391576337695
0.489744872436 -0.394212561701 -0.394212496741
0.490745372686 -0.396840600571 -0.396840541352
0.491745872936 -0.399460357218 -0.399460303874
0.492746373187 -0.402071664026 -0.402071616689
0.493746873437 -0.404674353422 -0.404674312223
0.494747373687 -0.407268257887 -0.407268222955
0.495747873937 -0.409853209964 -0.409853181425
0.496748374187 -0.412429042266 -0.412429020246
0.497748874437 -0.414995587490 -0.414995572111
0.498749374687 -0.417552678421 -0.417552669803
0.499749874937 -0.420100147942 -0.420100146204
0.500750375188 -0.422637829048 -0.422637834305
0.501750875438 -0.425165554847 -0.425165567212
0.502751375688 -0.427683158577 -0.427683178161
0.503751875938 -0.430190473611 -0.430190500521
0.504752376188 -0.432687333468 -0.432687367808
0.505752876438 -0.435173571821 -0.435173613692
0.506753376688 -0.437649022505 -0.437649072006
0.507753876938 -0.440113519532 -0.440113576757
0.508754377189 -0.442566897092 -0.442566962133
0.509754877439 -0.445008989569 -0.445009062515
0.510755377689 -0.447439631549 -0.447439712482
0.511755877939 -0.449858657824 -0.449858746825
0.512756378189 -0.452265903409 -0.452266000555
0.513756878439 -0.454661203546 -0.454661308909
0.514757378689 -0.457044393715 -0.457044507363
0.515757878939 -0.459415309643 -0.459415431640
0.516758379190 -0.461773787314 -0.461773917720
0.517758879440 -0.464119662976 -0.464119801846
0.518759379690 -0.466452773154 -0.466452920538
0.519759879940 -0.468772954656 -0.468773110600
0.520760380190 -0.471080044583 -0.471080209129
0.521760880440 -0.473373880340 -0.473374053522
0.522761380690 -0.475654299642 -0.475654481493
0.523761880940 -0.477921140527 -0.477921331071
0.524762381191 -0.480174241362 -0.480174440620
0.525762881441 -0.482413440855 -0.482413648842
0.526763381691 -0.484638578060 -0.484638794786
0.527763881941 -0.486849492394 -0.486849717861
0.528764382191 -0.489046023636 -0.489046257844
0.529764882441 -0.491228011944 -0.491228254885
0.530765382691 -0.493395297863 -0.493395549522
0.531765882941 -0.495547722330 -0.495547982687
0.532766383192 -0.497685126687 -0.497685395718
0.533766883442 -0.499807352691 -0.499807630363
0.534767383692 -0.501914242520 -0.501914528793
0.535767883942 -0.504005638782 -0.504005933613
0.536768384192 -0.506081384530 -0.506081687866
0.537768884442 -0.508141323262 -0.508141635046
0.538769384692 -0.510185298938 -0.510185619105
0.539769884942 -0.512213155986 -0.512213484464
0.540770385193 -0.514224739310 -0.514225076020
0.541770885443 -0.516219894301 -0.516220239158
0.542771385693 -0.518198466845 -0.518198819756
0.543771885943 -0.520160303333 -0.520160664198
0.544772386193 -0.522105250669 -0.522105619381
0.545772886443 -0.524033156280 -0.524033532725
0.546773386693 -0.525943868124 -0.525944252181
0.547773886943 -0.527837234700 -0.527837626239
0.548774387194 -0.529713105056 -0.529713503941
0.549774887444 -0.531571328800 -0.531571734887
0.550775387694 -0.533411756105 -0.533412169242
0.551775887944 -0.535234237723 -0.535234657751
0.552776388194 -0.537038624990 -0.537039051741
0.553776888444 -0.538824769835 -0.538825203136
0.554777388694 -0.540592524793 -0.540592964461
0.555777888944 -0.542341743010 -0.542342188854
0.556778389195 -0.544072278250 -0.544072730073
0.557778889445 -0.545783984912 -0.545784442507
0.558779389695 -0.547476718028 -0.547477181182
0.559779889945 -0.549150333282 -0.549150801771
0.560780390195 -0.550804687010 -0.550805160606
0.561780890445 -0.552439636215 -0.552440114681
0.562781390695 -0.554055038573 -0.554055521662
0.563781890945 -0.555650752443 -0.555651239902
0.564782391196 -0.557226636874 -0.557227128441
0.565782891446 -0.558782551614 -0.558783047019
0.566783391696 -0.560318357119 -0.560318856085
0.567783891946 -0.561833914564 -0.561834416806
0.568784392196 -0.563329085847 -0.563329591071
0.569784892446 -0.564803733600 -0.564804241505
0.570785392696 -0.566257721198 -0.566258231475
0.571785892946 -0.567690912768 -0.567691425100
0.572786393197 -0.569103173193 -0.569103687257
0.573786893447 -0.570494368128 -0.570494883590
0.574787393697 -0.571864364001 -0.571864880521
0.575787893947 -0.573213028025 -0.573213545257
0.576788394197 -0.574540228208 -0.574540745795
0.577788894447 -0.575845833357 -0.575846350938
0.578789394697 -0.577129713088 -0.577130230293
0.579789894947 -0.578391737839 -0.578392254290
0.580790395198 -0.579631778868 -0.579632294182
0.581790895448 -0.580849708273 -0.580850222058
0.582791395698 -0.582045398990 -0.582045910848
0.583791895948 -0.583218724808 -0.583219234334
0.584792396198 -0.584369560375 -0.584370067156
0.585792896448 -0.585497781203 -0.585498284821
0.586793396698 -0.586603263682 -0.586603763712
0.587793896948 -0.587685885083 -0.587686381094
0.588794397199 -0.588745523568 -0.588746015122
0.589794897449 -0.589782058198 -0.589782544851
0.590795397699 -0.590795368940 -0.590795850243
0.591795897949 -0.591785336677 -0.591785812174
0.592796398199 -0.592751843212 -0.592752312443
0.593796898449 -0.593694771279 -0.593695233778
0.594797398699 -0.594614004552 -0.594614459847
0.595797898949 -0.595509427648 -0.595509875263
0.596798399200 -0.596380926137 -0.596381365592
0.597798899450 -0.597228386552 -0.597228817360
0.598799399700 -0.598051696394 -0.598052118065
0.599799899950 -0.598850744139 -0.598851156179
0.600800400200 -0.599625419247 -0.599625821159
0.601800900450 -0.600375612169 -0.600376003451
0.602801400700 -0.601101214355 -0.601101594502
0.603801900950 -0.601802118262 -0.601802486765
0.604802401201 -0.602478217358 -0.602478573707
0.605802901451 -0.603129406133 -0.603129749815
0.606803401701 -0.603755580105 -0.603755910603
0.607803901951 -0.604356635826 -0.604356952624
0.608804402201 -0.604932470893 -0.604932773470
0.609804902451 -0.605482983950 -0.605483271785
0.610805402701 -0.606008074698 -0.606008347269
0.611805902951 -0.606507643902 -0.606507900687
0.612806403202 -0.606981593400 -0.606981833875
0.613806903452 -0.607429826103 -0.607430049745
0.614807403702 -0.607852246011 -0.607852452297
0.615807903952 -0.608248758213 -0.608248946621
0.616808404202 -0.608619268898 -0.608619438905
0.617808904452 -0.608963685358 -0.608963836445
0.618809404702 -0.609281915999 -0.609282047648
0.619809904952 -0.609573870346 -0.609573982039
0.620810405203 -0.609839459046 -0.609839550271
0.621810905453 -0.610078593882 -0.610078664127
0.622811405703 -0.610291187773 -0.610291236529
0.623811905953 -0.610477154783 -0.610477181547
0.624812406203 -0.610636410127 -0.610636414400
0.625812906453 -0.610768870181 -0.610768851466
0.626813406703 -0.610874452481 -0.610874410288
0.627813906953 -0.610953075735 -0.610953009580
0.628814407204 -0.611004659830 -0.611004569233
0.629814907454 -0.611029125832 -0.611029010321
0.630815407704 -0.611026396000 -0.611026255109
0.631815907954 -0.610996393785 -0.610996227055
0.632816408204 -0.610939043841 -0.610938850821
0.633816908454 -0.610854272029 -0.610854052277
0.634817408704 -0.610742005423 -0.610741758505
0.635817908954 -0.610602172317 -0.610601897808
0.636818409205 -0.610434702228 -0.610434399714
0.637818909455 -0.610239525906 -0.610239194981
0.638819409705 -0.610016575336 -0.610016215608
0.639819909955 -0.609765783746 -0.609765394831
0.640820410205 -0.609487085611 -0.609486667139
0.641820910455 -0.609180416661 -0.609179968272
0.642821410705 -0.608845713882 -0.608845235232
0.643821910955 -0.608482915526 -0.608482406284
0.644822411206 -0.608091961116 -0.608091420963
0.645822911456 -0.607672791449 -0.607672220081
0.646823411706 -0.607225348601 -0.607224745731
0.647823911956 -0.606749575936 -0.606748941290
0.648824412206 -0.606245418107 -0.606244751429
0.649824912456 -0.605712821063 -0.605712122115
0.650825412706 -0.605151732056 -0.605151000614
0.651825912956 -0.604562099642 -0.604561335501
0.652826413207 -0.603943873687 -0.603943076663
0.653826913457 -0.603297005376 -0.603296175302
0.654827413707 -0.602621447211 -0.602620583940
0.655827913957 -0.601917153023 -0.601916256428
0.656828414207 -0.601184077971 -0.601183147946
0.657828914457 -0.600422178547 -0.600421215009
0.658829414707 -0.599631412586 -0.599630415472
0.659829914957 -0.598811739265 -0.598810708535
0.660830415208 -0.597963119109 -0.597962054747
0.661830915458 -0.597085513997 -0.597084416010
0.662831415708 -0.596178887162 -0.596177755583
0.663831915958 -0.595243203203 -0.595242038088
0.664832416208 -0.594278428080 -0.594277229512
0.665832916458 -0.593284529125 -0.593283297214
0.666833416708 -0.592261475044 -0.592260209924
0.667833916958 -0.591209235920 -0.591207937754
0.668834417209 -0.590127783218 -0.590126452197
0.669834917459 -0.589017089788 -0.589015726132
0.670835417709 -0.587877129871 -0.587875733827
0.671835917959 -0.586707879099 -0.586706450946
0.672836418209 -0.585509314503 -0.585507854550
0.673836918459 -0.584281414514 -0.584279923100
0.674837418709 -0.583024158966 -0.583022636462
0.675837918959 -0.581737529103 -0.581735975911
0.676838419210 -0.580421507579 -0.580419924133
0.677838919460 -0.579076078461 -0.579074465230
0.678839419710 -0.577701227236 -0.577699584721
0.679839919960 -0.576296940812 -0.576295269549
0.680840420210 -0.574863207519 -0.574861508077
0.681840920460 -0.573400017116 -0.573398290102
0.682841420710 -0.571907360794 -0.571905606847
0.683841920960 -0.570385231174 -0.570383450972
0.684842421211 -0.568833622316 -0.568831816571
0.685842921461 -0.567252529717 -0.567250699181
0.686843421711 -0.565641950319 -0.565640095778
0.687843921961 -0.564001882505 -0.564000004786
0.688844422211 -0.562332326108 -0.562330426074
0.689844922461 -0.560633282411 -0.560631360964
0.690845422711 -0.558904754146 -0.558902812228
0.691845922961 -0.557146745503 -0.557144784096
0.692846423212 -0.555359262130 -0.555357282254
0.693846923462 -0.553542311131 -0.553540313847
0.694847423712 -0.551695901073 -0.551693887484
0.695847923962 -0.549820041989 -0.549818013237
0.696848424212 -0.547914745376 -0.547912702644
0.697848924462 -0.545980024199 -0.545977968712
0.698849424712 -0.544015892894 -0.544013825918
0.699849924962 -0.542022367367 -0.542020290212
0.700850425213 -0.539999464999 -0.539997379015
0.701850925463 -0.537947204646 -0.537945111226
0.702851425713 -0.535865606642 -0.535863507221
0.703851925963 -0.533754692797 -0.533752588855
0.704852426213 -0.531614486405 -0.531612379460
0.705852926463 -0.529445012238 -0.529442903855
0.706853426713 -0.527246296554 -0.527244188339
0.707853926963 -0.525018367092 -0.525016260694
0.708854427214 -0.522761253079 -0.522759150191
0.709854927464 -0.520474985228 -0.520472887586
0.710855427714 -0.518159595741 -0.518157505121
0.711855927964 -0.515815118307 -0.515813036530
0.712856428214 -0.513441588105 -0.513439517035
0.713856928464 -0.511039041805 -0.511036983349
0.714857428714 -0.508607517571 -0.508605473675
0.715857928964 -0.506147055054 -0.506145027710
0.716858429215 -0.503657695402 -0.503655686642
0.717858929465 -0.501139481256 -0.501137493154
0.718859429715 -0.498592456750 -0.498590491420
0.719859929965 -0.496016667512 -0.496014727111
0.720860430215 -0.493412160666 -0.493410247391
0.721860930465 -0.490778984830 -0.490777100918
0.722861430715 -0.488117190119 -0.488115337845
0.723861930965 -0.485426828142 -0.485425009823
0.724862431216 -0.482707952003 -0.482706169993
0.725862931466 -0.479960616304 -0.479958872995
0.726863431716 -0.477184877141 -0.477183174961
0.727863931966 -0.474380792104 -0.474379133521
0.728864432216 -0.471548420281 -0.471546807796
0.729864932466 -0.468687822253 -0.468686258403
0.730865432716 -0.465799060096 -0.465797547452
0.731865932966 -0.462882197379 -0.462880738546
0.732866433217 -0.459937299166 -0.459935896782
0.733866933467 -0.456964432014 -0.456963088747
0.734867433717 -0.453963663970 -0.453962382520
0.735867933967 -0.450935064576 -0.450933847671
0.736868434217 -0.447878704862 -0.447877555259
0.737868934467 -0.444794657349 -0.444793577832
0.738869434717 -0.441682996046 -0.441681989425
0.739869934967 -0.438543796452 -0.438542865561
0.740870435218 -0.435377135549 -0.435376283247
0.741870935468 -0.432183091809 -0.432182320974
0.742871435718 -0.428961745186 -0.428961058717
0.743871935968 -0.425713177115 -0.425712577931
0.744872436218 -0.422437470517 -0.422436961554
0.745872936468 -0.419134709790 -0.419134293998
0.746873436718 -0.415804980810 -0.415804661155
0.747873936968 -0.412448370933 -0.412448150391
0.748874437219 -0.409064968988 -0.409064850546
0.749874937469 -0.405654865278 -0.405654851930
0.750875437719 -0.402218151577 -0.402218246325
0.751875937969 -0.398754921129 -0.398755126979
0.752876438219 -0.395265268645 -0.395265588606
0.753876938469 -0.391749290304 -0.391749727382
0.754877438719 -0.388207083746 -0.388207640947
0.755877938969 -0.384638748072 -0.384639428397
0.756878439220 -0.381044383843 -0.381045190286
0.757878939470 -0.377424093078 -0.377425028623
0.758879439720 -0.373777979246 -0.373779046865
0.759879939970 -0.370106147271 -0.370107349922
0.760880440220 -0.366408703525 -0.366410044148
0.761880940470 -0.362685755825 -0.362687237341
0.762881440720 -0.358937413433 -0.358939038740
0.763881940970 -0.355163787052 -0.355165559021
0.764882441221 -0.351364988822 -0.351366910295
0.765882941471 -0.347541132317 -0.347543206107
0.766883441721 -0.343692332544 -0.343694561426
0.767883941971 -0.339818705938 -0.339821092652
0.768884442221 -0.335920370360 -0.335922917602
0.769884942471 -0.331997445094 -0.332000155517
0.770885442721 -0.328050050841 -0.328052927048
0.771885942971 -0.324078309718 -0.324081354262
0.772886443222 -0.320082345255 -0.320085560633
0.773886943472 -0.316062282390 -0.316065671039
0.774887443722 -0.312018247464 -0.312021811761
0.775887943972 -0.307950368222 -0.307954110476
0.776888444222 -0.303858773805 -0.303862696253
0.777888944472 -0.299743594746 -0.299747699553
0.778889444722 -0.295604962969 -0.295609252221
0.779889944972 -0.291443011784 -0.291447487483
0.780890445223 -0.287257875881 -0.287262539945
0.781890945473 -0.283049691329 -0.283054545581
0.782891445723 -0.278818595568 -0.278823641739
0.783891945973 -0.274564727409 -0.274569967127
0.784892446223 -0.270288227024 -0.270293661816
0.785892946473 -0.265989235950 -0.265994867230
0.786893446723 -0.261667897075 -0.261673726146
0.787893946973 -0.257324354640 -0.257330382686
0.788894447224 -0.252958754231 -0.252964982312
0.789894947474 -0.248571242778 -0.248577671825
0.790895447724 -0.244161968544 -0.244168599357
0.791895947974 -0.239731081128 -0.239737914366
0.792896448224 -0.235278731452 -0.235285767632
0.793896948474 -0.230805071763 -0.230812311253
0.794897448724 -0.226310255623 -0.226317698636
0.795897948974 -0.221794437907 -0.221802084497
0.796898449225 -0.217257774794 -0.217265624852
0.797898949475 -0.212700423766 -0.212708477012
0.798899449725 -0.208122543603 -0.208130799580
0.799899949975 -0.203524294370 -0.203532752440
0.800900450225 -0.198905837422 -0.198914496761
0.801900950475 -0.194267335389 -0.194276194980
0.802901450725 -0.189608952180 -0.189618010805
0.803901950975 -0.184930852965 -0.184940109206
0.804902451226 -0.180233204183 -0.180242656408
0.805902951476 -0.175516173525 -0.175525819886
0.806903451726 -0.170779929933 -0.170789768362
0.807903951976 -0.166024643595 -0.166034671795
0.808904452226 -0.161250485936 -0.161260701374
0.809904952476 -0.156457629613 -0.156468029517
0.810905452726 -0.151646248511 -0.151656829862
0.811905952976 -0.146816517732 -0.146827277258
0.812906453227 -0.141968613594 -0.141979547764
0.813906953477 -0.137102713621 -0.137113818637
0.814907453727 -0.132218996537 -0.132230268332
0.815907953977 -0.127317642260 -0.127329076489
0.816908454227 -0.122398831897 -0.122410423929
0.817908954477 -0.117462747736 -0.117474492649
0.818909454727 -0.112509573236 -0.112521465813
0.819909954977 -0.107539493026 -0.107551527746
0.820910455228 -0.102552692895 -0.102564863926
0.821910955478 -0.097549359786 -0.097561660982
0.822911455728 -0.092529681787 -0.092542106677
0.823911955978 -0.087493848127 -0.087506389914
0.824912456228 -0.082442049166 -0.082454700716
0.825912956478 -0.077374476391 -0.077387230229
0.826913456728 -0.072291322404 -0.072304170709
0.827913956978 -0.067192780922 -0.067205715517
0.828914457229 -0.062079046761 -0.062092059110
0.829914957479 -0.056950315836 -0.056963397036
0.830915457729 -0.051806785147 -0.051819925924
0.831915957979 -0.046648652778 -0.046661843480
0.832916458229 -0.041476117885 -0.041489348473
0.833916958479 -0.036289380689 -0.036302640737
0.834917458729 -0.031088642470 -0.031101921153
0.835917958979 -0.025874105555 -0.025887391650
0.836918459230 -0.020645973316 -0.020659255190
0.837918959480 -0.015404450159 -0.015417715766
0.838919459730 -0.010149741514 -0.010162978392
0.839919959980 -0.004882053830 -0.004895249092
0.840920460230 0.000398405432 0.000385265102
0.841920960480 0.005691427813 0.005678356164
0.842921460730 0.010996803857 0.010983815076
0.843921960980 0.016314323124 0.016301431843
0.844922461231 0.021643774199 0.021630995495
0.845922961481 0.026984944695 0.026972294099
0.846923461731 0.032337621267 0.032325114766
0.847923961981 0.037701589619 0.037689243659
0.848924462231 0.043076634510 0.043064466003
0.849924962481 0.048462539766 0.048450566091
0.850925462731 0.053859088288 0.053847327294
0.851925962981 0.059266062060 0.059254532069
0.852926463232 0.064683242155 0.064671961967
0.853926963482 0.070110408751 0.070099397645
0.854927463732 0.075547341133 0.075536618868
0.855927963982 0.080993817705 0.080983404525
0.856928464232 0.086449616000 0.086439532632
0.857928964482 0.091914512687 0.091904780345
0.858929464732 0.097388283579 0.097378923965
0.859929964982 0.102870703648 0.102861738949
0.860930465233 0.108361547028 0.108352999920
0.861930965483 0.113860587026 0.113852480672
0.862931465733 0.119367596132 0.119359954183
0.863931965983 0.124882346031 0.124875192622
0.864932466233 0.130404607606 0.130397967358
0.865932966483 0.135934150955 0.135928048970
0.866933466733 0.141470745394 0.141465207254
0.867933966983 0.147014159470 0.147009211234
0.868934467234 0.152564160971 0.152559829172
0.869934967484 0.158120516935 0.158116828575
0.870935467734 0.163682993658 0.163679976203
0.871935967984 0.169251356706 0.169249038083
0.872936468234 0.174825370925 0.174823779514
0.873936968484 0.180404800448 0.180403965077
0.874937468734 0.185989408710 0.185989358647
0.875937968984 0.191578958452 0.191579723397
0.876938469235 0.197173211736 0.197174821815
0.877938969485 0.202771929952 0.202774415706
0.878939469735 0.208374873830 0.208378266204
0.879939969985 0.213981803448 0.213986133782
0.880940470235 0.219592478244 0.219597778264
0.881940970485 0.225206657029 0.225212958827
0.882941470735 0.230824097988 0.230831434018
0.883941970985 0.236444558703 0.236452961761
0.884942471236 0.242067796151 0.242077299363
0.885942971486 0.247693566725 0.247704203528
0.886943471736 0.253321626238 0.253333430367
0.887943971986 0.258951729933 0.258964735402
0.888944472236 0.264583632500 0.264597873581
0.889944972486 0.270217088080 0.270232599285
0.890945472736 0.275851850277 0.275868666338
0.891945972986 0.281487672173 0.281505828017
0.892946473237 0.287124306333 0.287143837060
0.893946973487 0.292761504819 0.292782445678
0.894947473737 0.298399019199 0.298421405564
0.895947973987 0.304036600561 0.304060467899
0.896948474237 0.309673999519 0.309699383366
0.897948974487 0.315310966230 0.315337902159
0.898949474737 0.320947250397 0.320975773990
0.899949974987 0.326582601290 0.326612748100
0.900950475238 0.332216767747 0.332248573269
0.901950975488 0.337849498191 0.337882997826
0.902951475738 0.343480540641 0.343515769655
0.903951975988 0.349109642720 0.349146636210
0.904952476238 0.354736551669 0.354775344521
0.905952976488 0.360361014358 0.360401641202
0.906953476738 0.365982777293 0.366025272466
0.907953976988 0.371601586635 0.371645984128
0.908954477239 0.377217188203 0.377263521619
0.909954977489 0.382829327493 0.382877629994
0.910955477739 0.388437749682 0.388488053942
0.911955977989 0.394042199644 0.394094537794
0.912956478239 0.399642421963 0.399696825531
0.913956978489 0.405238160938 0.405294660799
0.914957478739 0.410829160599 0.410887786914
0.915957978989 0.416415164721 0.416475946870
0.916958479240 0.421995916828 0.422058883351
0.917958979490 0.427571160212 0.427636338742
0.918959479740 0.433140637939 0.433208055132
0.919959979990 0.438704092863 0.438773774330
0.920960480240 0.444261267641 0.444333237869
0.921960980490 0.449811904737 0.449886187017
0.922961480740 0.455355746440 0.455432362787
0.923961980990 0.460892534874 0.460971505946
0.924962481241 0.466422012009 0.466503357020
0.925962981491 0.471943919671 0.472027656309
0.926963481741 0.477457999560 0.477544143890
0.927963981991 0.482963993253 0.483052559632
0.928964482241 0.488461642225 0.488552643198
0.929964982491 0.493950687853 0.494044134058
0.930965482741 0.499430871432 0.499526771498
0.931965982991 0.504901934187 0.505000294627
0.932966483242 0.510363617283 0.510464442383
0.933966983492 0.515815661838 0.515918953548
0.934967483742 0.521257808935 0.521363566751
0.935967983992 0.526689799633 0.526798020477
0.936968484242 0.532111374982 0.532222053079
0.937968984492 0.537522276029 0.537635402779
0.938969484742 0.542922243837 0.543037807686
0.939969984992 0.548311019491 0.548429005795
0.940970485243 0.553688344115 0.553808734999
0.941970985493 0.559053958881 0.559176733097
0.942971485743 0.564407605021 0.564532737802
0.943971985993 0.569749023841 0.569876486747
0.944972486243 0.575077956731 0.575207717495
0.945972986493 0.580394145179 0.580526167542
0.946973486743 0.585697330781 0.585831574332
0.947973986993 0.590987255256 0.591123675257
0.948974487244 0.596263660456 0.596402207668
0.949974987494 0.601526288377 0.601666908883
0.950975487744 0.606774881175 0.606917516191
0.951975987994 0.612009181173 0.612153766860
0.952976488244 0.617228930879 0.617375398146
0.953976988494 0.622433872995 0.622582147298
0.954977488744 0.627623750426 0.627773751563
0.955977988994 0.632798306300 0.632949948196
0.956978489245 0.637957283974 0.638110474465
0.957978989495 0.643100427047 0.643255067656
0.958979489745 0.648227479375 0.648383465081
0.959979989995 0.653338185080 0.653495404081
0.960980490245 0.658432288565 0.658590622038
0.961980990495 0.663509534523 0.663668856374
0.962981490745 0.668569667953 0.668729844561
0.963981990995 0.673612434169 0.673773324123
0.964982491246 0.678637578815 0.678799032647
0.965982991496 0.683644847875 0.683806707782
0.966983491746 0.688633987685 0.688796087246
0.967983991996 0.693604744948 0.693766908836
0.968984492246 0.698556866742 0.698718910423
0.969984992496 0.703490100539 0.703651829967
0.970985492746 0.708404194208 0.708565405513
0.971985992996 0.713298896035 0.713459375200
0.972986493247 0.718173954732 0.718333477266
0.973986993497 0.723029119449 0.723187450047
0.974987493747 0.727864139787 0.728021031986
0.975987993997 0.732678765811 0.732833961632
0.976988494247 0.737472748059 0.737625977650
0.977988994497 0.742245837559 0.742396818815
0.978989494747 0.746997785836 0.747146224024
0.979989994997 0.751728344930 0.751873932293
0.980990495248 0.756437267401 0.756579682763
0.981990995498 0.761124306348 0.761263214701
0.982991495748 0.765789215417 0.765924267503
0.983991995998 0.770431748815 0.770562580693
0.984992496248 0.775051661323 0.775177893931
0.985992996498 0.779648708303 0.779769947010
0.986993496748 0.784222645716 0.784338479857
0.987993996998 0.788773230134 0.788883232538
0.988994497249 0.793300218746 0.793403945256
0.989994997499 0.797803369377 0.797900358353
0.990995497749 0.802282440496 0.802372212309
0.991995997999 0.806737191229 0.806819247745
0.992996498249 0.811167381373 0.811241205421
0.993996998499 0.815572771403 0.815637826236
0.994997498749 0.819953122492 0.820008851228
0.995997998999 0.824308196514 0.824354021574
0.996998499250 0.828637756062 0.828673078588
0.997998999500 0.832941564460 0.832965763720
0.998999499750 0.837219385769 0.837231818554
1.000000000000 0.841470984808 0.841470984808
