-1.000000000000 -0.841470984808 -0.841470984808
-0.998999499750 -0.844005580176 -0.845206771366
-0.997998999500 -0.846500092589 -0.848857452094
-0.996998499250 -0.848954490407 -0.852423637350
-0.995997998999 -0.851368743841 -0.855905935001
-0.994997498749 -0.853742824947 -0.859304950429
-0.993996998499 -0.856076707627 -0.862621286537
-0.992996498249 -0.858370367629 -0.865855543752
-0.991995997999 -0.860623782541 -0.869008320035
-0.990995497749 -0.862836931791 -0.872080210883
-0.989994997499 -0.865009796646 -0.875071809340
-0.988994497249 -0.867142360211 -0.877983705995
-0.987993996998 -0.869234607423 -0.880816488996
-0.986993496748 -0.871286525052 -0.883570744049
-0.985992996498 -0.873298101700 -0.886247054429
-0.984992496248 -0.875269327793 -0.888846000982
-0.983991995998 -0.877200195585 -0.891368162133
-0.982991495748 -0.879090699152 -0.893814113892
-0.981990995498 -0.880940834392 -0.896184429856
-0.980990495248 -0.882750599017 -0.898479681221
-0.979989994997 -0.884519992559 -0.900700436781
-0.978989494747 -0.886249016356 -0.902847262940
-0.977988994497 -0.887937673562 -0.904920723712
-0.976988494247 -0.889585969132 -0.906921380732
-0.975987993997 -0.891193909828 -0.908849793259
-0.974987493747 -0.892761504210 -0.910706518178
-0.973986993497 -0.894288762635 -0.912492110015
-0.972986493247 -0.895775697256 -0.914207120935
-0.971985992996 -0.897222322014 -0.915852100748
-0.970985492746 -0.898628652639 -0.917427596920
-0.969984992496 -0.899994706643 -0.918934154573
-0.968984492246 -0.901320503319 -0.920372316494
-0.967983991996 -0.902606063735 -0.921742623140
-0.966983491746 -0.903851410733 -0.923045612643
-0.965982991496 -0.905056568922 -0.924281820816
-0.964982491246 -0.906221564679 -0.925451781158
-0.963981990995 -0.907346426137 -0.926556024862
-0.962981490745 -0.908431183191 -0.927595080817
-0.961980990495 -0.909475867485 -0.928569475616
-0.960980490245 -0.910480512414 -0.929479733562
-0.959979989995 -0.911445153115 -0.930326376673
-0.958979489745 -0.912369826466 -0.931109924686
-0.957978989495 -0.913254571081 -0.931830895065
-0.956978489245 -0.914099427305 -0.932489803006
-0.955977988994 -0.914904437207 -0.933087161440
-0.954977488744 -0.915669644582 -0.933623481045
-0.953976988494 -0.916395094938 -0.934099270242
-0.952976488244 -0.917080835497 -0.934515035211
-0.951975987994 -0.917726915189 -0.934871279888
-0.950975487744 -0.918333384645 -0.935168505975
-0.949974987494 -0.918900296195 -0.935407212946
-0.948974487244 -0.919427703861 -0.935587898050
-0.947973986993 -0.919915663351 -0.935711056317
-0.946973486743 -0.920364232056 -0.935777180567
-0.945972986493 -0.920773469043 -0.935786761408
-0.944972486243 -0.921143435051 -0.935740287252
-0.943971985993 -0.921474192485 -0.935638244310
-0.942971485743 -0.921765805410 -0.935481116606
-0.941970985493 -0.922018339546 -0.935269385976
-0.940970485243 -0.922231862261 -0.935003532079
-0.939969984992 -0.922406442568 -0.934684032397
-0.938969484742 -0.922542151118 -0.934311362246
-0.937968984492 -0.922639060190 -0.933885994776
-0.936968484242 -0.922697243694 -0.933408400983
-0.935967983992 -0.922716777157 -0.932879049707
-0.934967483742 -0.922697737720 -0.932298407643
-0.933966983492 -0.922640204131 -0.931666939345
-0.932966483242 -0.922544256742 -0.930985107232
-0.931965982991 -0.922409977498 -0.930253371589
-0.930965482741 -0.922237449932 -0.929472190579
-0.929964982491 -0.922026759163 -0.928642020245
-0.928964482241 -0.921777991884 -0.927763314515
-0.927963981991 -0.921491236356 -0.926836525210
-0.926963481741 -0.921166582405 -0.925862102046
-0.925962981491 -0.920804121413 -0.924840492642
-0.924962481241 -0.920403946311 -0.923772142523
-0.923961980990 -0.919966151573 -0.922657495129
-0.922961480740 -0.919490833209 -0.921496991818
-0.921960980490 -0.918978088759 -0.920291071870
-0.920960480240 -0.918428017282 -0.919040172496
-0.919959979990 -0.917840719356 -0.917744728840
-0.918959479740 -0.917216297065 -0.916405173986
-0.917958979490 -0.916554853992 -0.915021938964
-0.916958479240 -0.915856495217 -0.913595452755
-0.915957978989 -0.915121327305 -0.912126142293
-0.914957478739 -0.914349458298 -0.910614432477
-0.913956978489 -0.913540997713 -0.909060746169
-0.912956478239 -0.912696056528 -0.907465504205
-0.911955977989 -0.911814747181 -0.905829125397
-0.910955477739 -0.910897183555 -0.904152026542
-0.909954977489 -0.909943480978 -0.902434622421
-0.908954477239 -0.908953756210 -0.900677325810
-0.907953976988 -0.907928127437 -0.898880547484
-0.906953476738 -0.906866714264 -0.897044696221
-0.905952976488 -0.905769637705 -0.895170178809
-0.904952476238 -0.904637020179 -0.893257400047
-0.903951975988 -0.903468985496 -0.891306762758
-0.902951475738 -0.902265658856 -0.889318667786
-0.901950975488 -0.901027166835 -0.887293514007
-0.900950475238 -0.899753637381 -0.885231698333
-0.899949974987 -0.898445199801 -0.883133615714
-0.898949474737 -0.897101984761 -0.880999659149
-0.897948974487 -0.895724124267 -0.878830219684
-0.896948474237 -0.894311751667 -0.876625686425
-0.895947973987 -0.892865001634 -0.874386446538
-0.894947473737 -0.891384010164 -0.872112885255
-0.893946973487 -0.889868914565 -0.869805385882
-0.892946473237 -0.888319853446 -0.867464329799
-0.891945972986 -0.886736966714 -0.865090096470
-0.890945472736 -0.885120395559 -0.862683063448
-0.889944972486 -0.883470282452 -0.860243606377
-0.888944472236 -0.881786771128 -0.857772098998
-0.887943971986 -0.880070006588 -0.855268913156
-0.886943471736 -0.878320135078 -0.852734418806
-0.885942971486 -0.876537304092 -0.850168984013
-0.884942471236 -0.874721662352 -0.847572974962
-0.883941970985 -0.872873359808 -0.844946755963
-0.882941470735 -0.870992547624 -0.842290689454
-0.881940970485 -0.869079378171 -0.839605136005
-0.880940470235 -0.867134005017 -0.836890454327
-0.879939969985 -0.865156582916 -0.834147001276
-0.878939469735 -0.863147267805 -0.831375131855
-0.877938969485 -0.861106216786 -0.828575199223
-0.876938469235 -0.859033588125 -0.825747554699
-0.875937968984 -0.856929541237 -0.822892547765
-0.874937468734 -0.854794236679 -0.820010526073
-0.873936968484 -0.852627836140 -0.817101835451
-0.872936468234 -0.850430502434 -0.814166819907
-0.871935967984 -0.848202399485 -0.811205821632
-0.870935467734 -0.845943692322 -0.808219181008
-0.869934967484 -0.843654547070 -0.805207236614
-0.868934467234 -0.841335130935 -0.802170325226
-0.867933966983 -0.838985612203 -0.799108781827
-0.866933466733 -0.836606160220 -0.796022939611
-0.865932966483 -0.834196945391 -0.792913129986
-0.864932466233 -0.831758139166 -0.789779682579
-0.863931965983 -0.829289914030 -0.786622925246
-0.862931465733 -0.826792443496 -0.783443184071
-0.861930965483 -0.824265902092 -0.780240783373
-0.860930465233 -0.821710465353 -0.777016045712
-0.859929964982 -0.819126309811 -0.773769291894
-0.858929464732 -0.816513612983 -0.770500840975
-0.857928964482 -0.813872553365 -0.767211010266
-0.856928464232 -0.811203310417 -0.763900115339
-0.855927963982 -0.808506064558 -0.760568470031
-0.854927463732 -0.805780997150 -0.757216386449
-0.853926963482 -0.803028290495 -0.753844174975
-0.852926463232 -0.800248127820 -0.750452144273
-0.851925962981 -0.797440693265 -0.747040601290
-0.850925462731 -0.794606171881 -0.743609851264
-0.849924962481 -0.791744749610 -0.740160197729
-0.848924462231 -0.788856613282 -0.736691942518
-0.847923961981 -0.785941950600 -0.733205385769
-0.846923461731 -0.783000950132 -0.729700825929
-0.845922961481 -0.780033801302 -0.726178559762
-0.844922461231 -0.777040694376 -0.722638882350
-0.843921960980 -0.774021820454 -0.719082087100
-0.842921460730 -0.770977371459 -0.715508465747
-0.841920960480 -0.767907540127 -0.711918308364
-0.840920460230 -0.764812519996 -0.708311903360
-0.839919959980 -0.761692505394 -0.704689537488
-0.838919459730 -0.758547691433 -0.701051495853
-0.837918959480 -0.755378273993 -0.697398061911
-0.836918459230 -0.752184449716 -0.693729517478
-0.835917958979 -0.748966415991 -0.690046142733
-0.834917458729 -0.745724370948 -0.686348216224
-0.833916958479 -0.742458513444 -0.682636014872
-0.832916458229 -0.739169043053 -0.678909813976
-0.831915957979 -0.735856160058 -0.675169887218
-0.830915457729 -0.732520065435 -0.671416506667
-0.829914957479 -0.729160960847 -0.667649942786
-0.828914457229 -0.725779048633 -0.663870464435
-0.827913956978 -0.722374531793 -0.660078338875
-0.826913456728 -0.718947613983 -0.656273831776
-0.825912956478 -0.715498499499 -0.652457207217
-0.824912456228 -0.712027393270 -0.648628727696
-0.823911955978 -0.708534500845 -0.644788654131
-0.822911455728 -0.705020028384 -0.640937245867
-0.821910955478 -0.701484182645 -0.637074760680
-0.820910455228 -0.697927170975 -0.633201454780
-0.819909954977 -0.694349201298 -0.629317582819
-0.818909454727 -0.690750482104 -0.625423397893
-0.817908954477 -0.687131222440 -0.621519151550
-0.816908454227 -0.683491631897 -0.617605093789
-0.815907953977 -0.679831920599 -0.613681473072
-0.814907453727 -0.676152299194 -0.609748536323
-0.813906953477 -0.672452978841 -0.605806528935
-0.812906453227 -0.668734171202 -0.601855694775
-0.811905952976 -0.664996088425 -0.597896276188
-0.810905452726 -0.661238943142 -0.593928514002
-0.809904952476 -0.657462948450 -0.589952647533
-0.808904452226 -0.653668317904 -0.585968914587
-0.807903951976 -0.649855265505 -0.581977551471
-0.806903451726 -0.646024005690 -0.577978792990
-0.805902951476 -0.642174753318 -0.573972872457
-0.804902451226 -0.638307723663 -0.569960021695
-0.803901950975 -0.634423132402 -0.565940471044
-0.802901450725 -0.630521195601 -0.561914449364
-0.801900950475 -0.626602129707 -0.557882184038
-0.800900450225 -0.622666151537 -0.553843900982
-0.799899949975 -0.618713478265 -0.549799824643
-0.798899449725 -0.614744327413 -0.545750178007
-0.797898949475 -0.610758916839 -0.541695182607
-0.796898449225 -0.606757464724 -0.537635058520
-0.795897948974 -0.602740189567 -0.533570024377
-0.794897448724 -0.598707310166 -0.529500297366
-0.793896948474 -0.594659045614 -0.525426093239
-0.792896448224 -0.590595615284 -0.521347626311
-0.791895947974 -0.586517238818 -0.517265109471
-0.790895447724 -0.582424136118 -0.513178754182
-0.789894947474 -0.578316527334 -0.509088770487
-0.788894447224 -0.574194632852 -0.504995367014
-0.787893946973 -0.570058673286 -0.500898750982
-0.786893446723 -0.565908869463 -0.496799128200
-0.785892946473 -0.561745442414 -0.492696703080
-0.784892446223 -0.557568613365 -0.488591678634
-0.783891945973 -0.553378603720 -0.484484256481
-0.782891445723 -0.549175635059 -0.480374636854
-0.781890945473 -0.544959929119 -0.476263018602
-0.780890445223 -0.540731707785 -0.472149599194
-0.779889944972 -0.536491193084 -0.468034574725
-0.778889444722 -0.532238607167 -0.463918139921
-0.777888944472 -0.527974172301 -0.459800488141
-0.776888444222 -0.523698110862 -0.455681811384
-0.775887943972 -0.519410645315 -0.451562300292
-0.774887443722 -0.515111998214 -0.447442144155
-0.773886943472 -0.510802392181 -0.443321530917
-0.772886443222 -0.506482049903 -0.439200647175
-0.771885942971 -0.502151194115 -0.435079678193
-0.770885442721 -0.497810047596 -0.430958807895
-0.769884942471 -0.493458833149 -0.426838218880
-0.768884442221 -0.489097773600 -0.422718092419
-0.767883941971 -0.484727091779 -0.418598608462
-0.766883441721 -0.480347010516 -0.414479945645
-0.765882941471 -0.475957752623 -0.410362281290
-0.764882441221 -0.471559540891 -0.406245791411
-0.763881940970 -0.467152598072 -0.402130650721
-0.762881440720 -0.462737146875 -0.398017032633
-0.761880940470 -0.458313409949 -0.393905109264
-0.760880440220 -0.453881609877 -0.389795051443
-0.759879939970 -0.449441969163 -0.385687028714
-0.758879439720 -0.444994710222 -0.381581209339
-0.757878939470 -0.440540055368 -0.377477760301
-0.756878439220 -0.436078226808 -0.373376847314
-0.755877938969 -0.431609446624 -0.369278634823
-0.754877438719 -0.427133936768 -0.365183286006
-0.753876938469 -0.422651919051 -0.361090962786
-0.752876438219 -0.418163615129 -0.357001825829
-0.751875937969 -0.413669246498 -0.352916034550
-0.750875437719 -0.409169034477 -0.348833747117
-0.749874937469 -0.404663200204 -0.344755120459
-0.748874437219 -0.400151964618 -0.340680310263
-0.747873936968 -0.395635548457 -0.336609470986
-0.746873436718 -0.391114172243 -0.332542755854
-0.745872936468 -0.386588056270 -0.328480316868
-0.744872436218 -0.382057420597 -0.324422304810
-0.743871935968 -0.377522485038 -0.320368869245
-0.742871435718 -0.372983469148 -0.316320158525
-0.741870935468 -0.368440592216 -0.312276319795
-0.740870435218 -0.363894073253 -0.308237498996
-0.739869934967 -0.359344130983 -0.304203840873
-0.738869434717 -0.354790983832 -0.300175488971
-0.737868934467 -0.350234849920 -0.296152585648
-0.736868434217 -0.345675947045 -0.292135272074
-0.735867933967 -0.341114492681 -0.288123688237
-0.734867433717 -0.336550703961 -0.284117972949
-0.733866933467 -0.331984797672 -0.280118263844
-0.732866433217 -0.327416990240 -0.276124697390
-0.731865932966 -0.322847497726 -0.272137408889
-0.730865432716 -0.318276535811 -0.268156532481
-0.729864932466 -0.313704319787 -0.264182201151
-0.728864432216 -0.309131064552 -0.260214546728
-0.727863931966 -0.304556984591 -0.256253699895
-0.726863431716 -0.299982293975 -0.252299790191
-0.725862931466 -0.295407206347 -0.248352946013
-0.724862431216 -0.290831934913 -0.244413294623
-0.723861930965 -0.286256692430 -0.240480962152
-0.722861430715 -0.281681691202 -0.236556073601
-0.721860930465 -0.277107143065 -0.232638752850
-0.720860430215 -0.272533259379 -0.228729122659
-0.719859929965 -0.267960251020 -0.224827304670
-0.718859429715 -0.263388328367 -0.220933419419
-0.717858929465 -0.258817701298 -0.217047586330
-0.716858429215 -0.254248579174 -0.213169923727
-0.715857928964 -0.249681170836 -0.209300548836
-0.714857428714 -0.245115684589 -0.205439577785
-0.713856928464 -0.240552328200 -0.201587125614
-0.712856428214 -0.235991308881 -0.197743306276
-0.711855927964 -0.231432833287 -0.193908232643
-0.710855427714 -0.226877107501 -0.190082016505
-0.709854927464 -0.222324337029 -0.186264768582
-0.708854427214 -0.217774726788 -0.182456598522
-0.707853926963 -0.213228481098 -0.178657614906
-0.706853426713 -0.208685803673 -0.174867925254
-0.705852926463 -0.204146897614 -0.171087636030
-0.704852426213 -0.199611965395 -0.167316852640
-0.703851925963 -0.195081208859 -0.163555679444
-0.702851425713 -0.190554829206 -0.159804219753
-0.701850925463 -0.186033026987 -0.156062575839
-0.700850425213 -0.181516002093 -0.152330848934
-0.699849924962 -0.177003953746 -0.148609139238
-0.698849424712 -0.172497080492 -0.144897545921
-0.697848924462 -0.167995580192 -0.141196167125
-0.696848424212 -0.163499650013 -0.137505099973
-0.695847923962 -0.159009486417 -0.133824440570
-0.694847423712 -0.154525285158 -0.130154284005
-0.693846923462 -0.150047241268 -0.126494724360
-0.692846423212 -0.145575549054 -0.122845854709
-0.691845922961 -0.141110402084 -0.119207767125
-0.690845422711 -0.136651993183 -0.115580552683
-0.689844922461 -0.132200514421 -0.111964301466
-0.688844422211 -0.127756157109 -0.108359102563
-0.687843921961 -0.123319111788 -0.104765044080
-0.686843421711 -0.118889568221 -0.101182213141
-0.685842921461 -0.114467715387 -0.097610695889
-0.684842421211 -0.110053741469 -0.094050577497
-0.683841920960 -0.105647833851 -0.090501942163
-0.682841420710 -0.101250179107 -0.086964873122
-0.681840920460 -0.096860962993 -0.083439452645
-0.680840420210 -0.092480370440 -0.079925762045
-0.679839919960 -0.088108585546 -0.076423881680
-0.678839419710 -0.083745791570 -0.072933890957
-0.677838919460 -0.079392170922 -0.069455868337
-0.676838419210 -0.075047905155 -0.065989891336
-0.675837918959 -0.070713174960 -0.062536036532
-0.674837418709 -0.066388160156 -0.059094379567
-0.673836918459 -0.062073039686 -0.055664995154
-0.672836418209 -0.057767991604 -0.052247957075
-0.671835917959 -0.053473193074 -0.048843338189
-0.670835417709 -0.049188820358 -0.045451210436
-0.669834917459 -0.044915048811 -0.042071644840
-0.668834417209 -0.040652052874 -0.038704711512
-0.667833916958 -0.036400006064 -0.035350479654
-0.666833416708 -0.032159080972 -0.032009017565
-0.665832916458 -0.027929449250 -0.028680392641
-0.664832416208 -0.023711281611 -0.025364671382
-0.663831915958 -0.019504747815 -0.022061919395
-0.662831415708 -0.015310016667 -0.018772201397
-0.661830915458 -0.011127256008 -0.015495581219
-0.660830415208 -0.006956632711 -0.012232121812
-0.659829914957 -0.002798312669 -0.008981885246
-0.658829414707 0.001347539205 -0.005744932718
-0.657828914457 0.005480758991 -0.002521324554
-0.656828414207 0.009601183761 0.000688879785
-0.655827913957 0.013708651595 0.003885621704
-0.654827413707 0.017803001578 0.007068843467
-0.653826913457 0.021884073811 0.010238488191
-0.652826413207 0.025951709419 0.013394499848
-0.651825912956 0.030005750551 0.016536823257
-0.650825412706 0.034046040394 0.019665404082
-0.649824912456 0.038072423172 0.022780188826
-0.648824412206 0.042084744156 0.025881124833
-0.647823911956 0.046082849669 0.028968160275
-0.646823411706 0.050066587092 0.032041244159
-0.645822911456 0.054035804869 0.035100326315
-0.644822411206 0.057990352514 0.038145357396
-0.643821910955 0.061930080615 0.041176288873
-0.642821410705 0.065854840842 0.044193073035
-0.641820910455 0.069764485951 0.047195662978
-0.640820410205 0.073658869790 0.050184012610
-0.639819909955 0.077537847303 0.053158076639
-0.638819409705 0.081401274537 0.056117810577
-0.637818909455 0.085249008649 0.059063170730
-0.636818409205 0.089080907906 0.061994114200
-0.635817908954 0.092896831696 0.064910598876
-0.634817408704 0.096696640529 0.067812583434
-0.633816908454 0.100480196044 0.070700027332
-0.632816408204 0.104247361013 0.073572890808
-0.631815907954 0.107997999349 0.076431134874
-0.630815407704 0.111731976104 0.079274721312
-0.629814907454 0.115449157483 0.082103612676
-0.628814407204 0.119149410841 0.084917772280
-0.627813906953 0.122832604691 0.087717164202
-0.626813406703 0.126498608709 0.090501753276
-0.625812906453 0.130147293737 0.093271505089
-0.624812406203 0.133778531788 0.096026385979
-0.623811905953 0.137392196053 0.098766363031
-0.622811405703 0.140988160900 0.101491404073
-0.621810905453 0.144566301882 0.104201477670
-0.620810405203 0.148126495743 0.106896553126
-0.619809904952 0.151668620417 0.109576600477
-0.618809404702 0.155192555036 0.112241590486
-0.617808904452 0.158698179932 0.114891494644
-0.616808404202 0.162185376643 0.117526285162
-0.615807903952 0.165654027914 0.120145934970
-0.614807403702 0.169104017703 0.122750417713
-0.613806903452 0.172535231187 0.125339707748
-0.612806403202 0.175947554758 0.127913780139
-0.611805902951 0.179340876035 0.130472610654
-0.610805402701 0.182715083864 0.133016175764
-0.609804902451 0.186070068319 0.135544452635
-0.608804402201 0.189405720711 0.138057419131
-0.607803901951 0.192721933586 0.140555053802
-0.606803401701 0.196018600733 0.143037335888
-0.605802901451 0.199295617183 0.145504245312
-0.604802401201 0.202552879214 0.147955762678
-0.603801900950 0.205790284356 0.150391869267
-0.602801400700 0.209007731388 0.152812547031
-0.601800900450 0.212205120350 0.155217778595
-0.600800400200 0.215382352539 0.157607547250
-0.599799899950 0.218539330511 0.159981836950
-0.598799399700 0.221675958090 0.162340632308
-0.597798899450 0.224792140367 0.164683918595
-0.596798399200 0.227887783699 0.167011681734
-0.595797898949 0.230962795721 0.169323908299
-0.594797398699 0.234017085337 0.171620585508
-0.593796898449 0.237050562732 0.173901701225
-0.592796398199 0.240063139368 0.176167243952
-0.591795897949 0.243054727992 0.178417202827
-0.590795397699 0.246025242631 0.180651567622
-0.589794897449 0.248974598600 0.182870328738
-0.588794397199 0.251902712503 0.185073477202
-0.587793896948 0.254809502232 0.187261004665
-0.586793396698 0.257694886972 0.189432903396
-0.585792896448 0.260558787202 0.191589166281
-0.584792396198 0.263401124696 0.193729786821
-0.583791895948 0.266221822527 0.195854759125
-0.582791395698 0.269020805064 0.197964077907
-0.581790895448 0.271797997979 0.200057738486
-0.580790395198 0.274553328245 0.202135736781
-0.579789894947 0.277286724139 0.204198069306
-0.578789394697 0.279998115242 0.206244733171
-0.577788894447 0.282687432443 0.208275726073
-0.576788394197 0.285354607935 0.210291046298
-0.575787893947 0.287999575224 0.212290692714
-0.574787393697 0.290622269121 0.214274664770
-0.573786893447 0.293222625751 0.216242962492
-0.572786393197 0.295800582549 0.218195586481
-0.571785892946 0.298356078263 0.220132537906
-0.570785392696 0.300889052954 0.222053818505
-0.569784892446 0.303399447997 0.223959430580
-0.568784392196 0.305887206083 0.225849376994
-0.567783891946 0.308352271216 0.227723661167
-0.566783391696 0.310794588718 0.229582287075
-0.565782891446 0.313214105226 0.231425259244
-0.564782391196 0.315610768694 0.233252582749
-0.563781890945 0.317984528393 0.235064263208
-0.562781390695 0.320335334913 0.236860306785
-0.561780890445 0.322663140158 0.238640720178
-0.560780390195 0.324967897353 0.240405510624
-0.559779889945 0.327249561039 0.242154685889
-0.558779389695 0.329508087076 0.243888254272
-0.557778889445 0.331743432640 0.245606224595
-0.556778389195 0.333955556226 0.247308606204
-0.555777888944 0.336144417645 0.248995408965
-0.554777388694 0.338309978027 0.250666643261
-0.553776888444 0.340452199815 0.252322319987
-0.552776388194 0.342571046773 0.253962450551
-0.551775887944 0.344666483977 0.255587046865
-0.550775387694 0.346738477820 0.257196121347
-0.549774887444 0.348786996009 0.258789686918
-0.548774387194 0.350812007565 0.260367756993
-0.547773886943 0.352813482823 0.261930345485
-0.546773386693 0.354791393430 0.263477466798
-0.545772886443 0.356745712342 0.265009135826
-0.544772386193 0.358676413830 0.266525367946
-0.543771885943 0.360583473471 0.268026179019
-0.542771385693 0.362466868151 0.269511585388
-0.541770885443 0.364326576065 0.270981603869
-0.540770385193 0.366162576713 0.272436251754
-0.539769884942 0.367974850899 0.273875546805
-0.538769384692 0.369763380731 0.275299507250
-0.537768884442 0.371528149620 0.276708151784
-0.536768384192 0.373269142275 0.278101499561
-0.535767883942 0.374986344707 0.279479570197
-0.534767383692 0.376679744223 0.280842383759
-0.533766883442 0.378349329424 0.282189960770
-0.532766383192 0.379995090208 0.283522322201
-0.531765882941 0.381617017763 0.284839489471
-0.530765382691 0.383215104568 0.286141484439
-0.529764882441 0.384789344390 0.287428329409
-0.528764382191 0.386339732284 0.288700047120
-0.527763881941 0.387866264586 0.289956660746
-0.526763381691 0.389368938916 0.291198193894
-0.525762881441 0.390847754175 0.292424670597
-0.524762381191 0.392302710539 0.293636115318
-0.523761880940 0.393733809462 0.294832552938
-0.522761380690 0.395141053669 0.296014008762
-0.521760880440 0.396524447156 0.297180508511
-0.520760380190 0.397883995189 0.298332078318
-0.519759879940 0.399219704295 0.299468744731
-0.518759379690 0.400531582268 0.300590534703
-0.517758879440 0.401819638161 0.301697475594
-0.516758379190 0.403083882282 0.302789595166
-0.515757878939 0.404324326196 0.303866921582
-0.514757378689 0.405540982719 0.304929483399
-0.513756878439 0.406733865915 0.305977309572
-0.512756378189 0.407902991095 0.307010429443
-0.511755877939 0.409048374811 0.308028872744
-0.510755377689 0.410170034854 0.309032669594
-0.509754877439 0.411267990254 0.310021850491
-0.508754377189 0.412342261271 0.310996446315
-0.507753876938 0.413392869397 0.311956488322
-0.506753376688 0.414419837348 0.312902008144
-0.505752876438 0.415423189064 0.313833037780
-0.504752376188 0.416402949705 0.314749609602
-0.503751875938 0.417359145646 0.315651756345
-0.502751375688 0.418291804474 0.316539511106
-0.501750875438 0.419200954985 0.317412907344
-0.500750375188 0.420086627179 0.318271978875
-0.499749874937 0.420948852258 0.319116759868
-0.498749374687 0.421787662621 0.319947284844
-0.497748874437 0.422603091859 0.320763588673
-0.496748374187 0.423395174753 0.321565706573
-0.495747873937 0.424163947270 0.322353674102
-0.494747373687 0.424909446558 0.323127527161
-0.493746873437 0.425631710941 0.323887301987
-0.492746373187 0.426330779915 0.324633035154
-0.491745872936 0.427006694148 0.325364763566
-0.490745372686 0.427659495469 0.326082524460
-0.489744872436 0.428289226868 0.326786355396
-0.488744372186 0.428895932491 0.327476294261
-0.487743871936 0.429479657635 0.328152379263
-0.486743371686 0.430040448742 0.328814648926
-0.485742871436 0.430578353398 0.329463142095
-0.484742371186 0.431093420324 0.330097897924
-0.483741870935 0.431585699376 0.330718955880
-0.482741370685 0.432055241536 0.331326355737
-0.481740870435 0.432502098910 0.331920137575
-0.480740370185 0.432926324721 0.332500341776
-0.479739869935 0.433327973308 0.333067009022
-0.478739369685 0.433707100114 0.333620180294
-0.477738869435 0.434063761690 0.334159896866
-0.476738369185 0.434398015683 0.334686200303
-0.475737868934 0.434709920831 0.335199132463
-0.474737368684 0.434999536964 0.335698735487
-0.473736868434 0.435266924993 0.336185051803
-0.472736368184 0.435512146905 0.336658124118
-0.471735867934 0.435735265761 0.337117995421
-0.470735367684 0.435936345690 0.337564708974
-0.469734867434 0.436115451878 0.337998308316
-0.468734367184 0.436272650572 0.338418837254
-0.467733866933 0.436408009067 0.338826339866
-0.466733366683 0.436521595701 0.339220860494
-0.465732866433 0.436613479855 0.339602443746
-0.464732366183 0.436683731942 0.339971134488
-0.463731865933 0.436732423401 0.340326977846
-0.462731365683 0.436759626695 0.340670019201
-0.461730865433 0.436765415305 0.341000304187
-0.460730365183 0.436749863718 0.341317878690
-0.459729864932 0.436713047429 0.341622788843
-0.458729364682 0.436655042931 0.341915081023
-0.457728864432 0.436575927710 0.342194801854
-0.456728364182 0.436475780236 0.342461998197
-0.455727863932 0.436354679962 0.342716717151
-0.454727363682 0.436212707315 0.342959006053
-0.453726863432 0.436049943691 0.343188912472
-0.452726363182 0.435866471445 0.343406484206
-0.451725862931 0.435662373892 0.343611769282
-0.450725362681 0.435437735293 0.343804815954
-0.449724862431 0.435192640853 0.343985672696
-0.448724362181 0.434927176714 0.344154388205
-0.447723861931 0.434641429950 0.344311011394
-0.446723361681 0.434335488556 0.344455591395
-0.445722861431 0.434009441445 0.344588177551
-0.444722361181 0.433663378443 0.344708819414
-0.443721860930 0.433297390278 0.344817566747
-0.442721360680 0.432911568575 0.344914469519
-0.441720860430 0.432506005852 0.344999577901
-0.440720360180 0.432080795511 0.345072942265
-0.439719859930 0.431636031828 0.345134613183
-0.438719359680 0.431171809955 0.345184641422
-0.437718859430 0.430688225904 0.345223077943
-0.436718359180 0.430185376545 0.345249973899
-0.435717858929 0.429663359599 0.345265380631
-0.434717358679 0.429122273627 0.345269349668
-0.433716858429 0.428562218031 0.345261932722
-0.432716358179 0.427983293038 0.345243181688
-0.431715857929 0.427385599699 0.345213148639
-0.430715357679 0.426769239880 0.345171885827
-0.429714857429 0.426134316254 0.345119445677
-0.428714357179 0.425480932295 0.345055880788
-0.427713856928 0.424809192272 0.344981243928
-0.426713356678 0.424119201238 0.344895588033
-0.425712856428 0.423411065026 0.344798966206
-0.424712356178 0.422684890241 0.344691431711
-0.423711855928 0.421940784254 0.344573037974
-0.422711355678 0.421178855189 0.344443838579
-0.421710855428 0.420399211925 0.344303887266
-0.420710355178 0.419601964079 0.344153237930
-0.419709854927 0.418787222004 0.343991944616
-0.418709354677 0.417955096782 0.343820061520
-0.417708854427 0.417105700214 0.343637642984
-0.416708354177 0.416239144811 0.343444743496
-0.415707853927 0.415355543794 0.343241417684
-0.414707353677 0.414455011075 0.343027720319
-0.413706853427 0.413537661261 0.342803706309
-0.412706353177 0.412603609637 0.342569430697
-0.411705852926 0.411652972165 0.342324948660
-0.410705352676 0.410685865471 0.342070315506
-0.409704852426 0.409702406842 0.341805586674
-0.408704352176 0.408702714215 0.341530817727
-0.407703851926 0.407686906170 0.341246064355
-0.406703351676 0.406655101923 0.340951382367
-0.405702851426 0.405607421318 0.340646827697
-0.404702351176 0.404543984818 0.340332456393
-0.403701850925 0.403464913497 0.340008324620
-0.402701350675 0.402370329035 0.339674488658
-0.401700850425 0.401260353706 0.339331004896
-0.400700350175 0.400135110374 0.338977929834
-0.399699849925 0.398994722482 0.338615320079
-0.398699349675 0.397839314045 0.338243232343
-0.397698849425 0.396669009643 0.337861723438
-0.396698349175 0.395483934410 0.337470850281
-0.395697848924 0.394284214030 0.337070669884
-0.394697348674 0.393069974726 0.336661239358
-0.393696848424 0.391841343253 0.336242615906
-0.392696348174 0.390598446890 0.335814856824
-0.391695847924 0.389341413431 0.335378019499
-0.390695347674 0.388070371176 0.334932161403
-0.389694847424 0.386785448927 0.334477340097
-0.388694347174 0.385486775976 0.334013613223
-0.387693846923 0.384174482096 0.333541038507
-0.386693346673 0.382848697537 0.333059673752
-0.385692846423 0.381509553014 0.332569576841
-0.384692346173 0.380157179700 0.332070805729
-0.383691845923 0.378791709218 0.331563418447
-0.382691345673 0.377413273632 0.331047473096
-0.381690845423 0.376022005441 0.330523027847
-0.380690345173 0.374618037566 0.329990140937
-0.379689844922 0.373201503347 0.329448870668
-0.378689344672 0.371772536530 0.328899275406
-0.377688844422 0.370331271264 0.328341413577
-0.376688344172 0.368877842085 0.327775343666
-0.375687843922 0.367412383916 0.327201124216
-0.374687343672 0.365935032052 0.326618813824
-0.373686843422 0.364445922157 0.326028471138
-0.372686343172 0.362945190249 0.325430154861
-0.371685842921 0.361432972699 0.324823923742
-0.370685342671 0.359909406218 0.324209836577
-0.369684842421 0.358374627848 0.323587952208
-0.368684342171 0.356828774957 0.322958329519
-0.367683841921 0.355271985227 0.322321027435
-0.366683341671 0.353704396648 0.321676104922
-0.365682841421 0.352126147510 0.321023620979
-0.364682341171 0.350537376391 0.320363634643
-0.363681840920 0.348938222151 0.319696204985
-0.362681340670 0.347328823924 0.319021391104
-0.361680840420 0.345709321109 0.318339252131
-0.360680340170 0.344079853361 0.317649847223
-0.359679839920 0.342440560581 0.316953235563
-0.358679339670 0.340791582913 0.316249476356
-0.357678839420 0.339133060726 0.315538628831
-0.356678339170 0.337465134618 0.314820752235
-0.355677838919 0.335787945394 0.314095905834
-0.354677338669 0.334101634069 0.313364148908
-0.353676838419 0.332406341853 0.312625540752
-0.352676338169 0.330702210143 0.311880140674
-0.351675837919 0.328989380516 0.311128007992
-0.350675337669 0.327267994721 0.310369202031
-0.349674837419 0.325538194669 0.309603782123
-0.348674337169 0.323800122424 0.308831807606
-0.347673836918 0.322053920197 0.308053337820
-0.346673336668 0.320299730335 0.307268432105
-0.345672836418 0.318537695314 0.306477149802
-0.344672336168 0.316767957728 0.305679550248
-0.343671835918 0.314990660284 0.304875692775
-0.342671335668 0.313205945792 0.304065636711
-0.341670835418 0.311413957156 0.303249441373
-0.340670335168 0.309614837364 0.302427166070
-0.339669834917 0.307808729485 0.301598870099
-0.338669334667 0.305995776653 0.300764612743
-0.337668834417 0.304176122065 0.299924453270
-0.336668334167 0.302349908968 0.299078450931
-0.335667833917 0.300517280654 0.298226664957
-0.334667333667 0.298678380448 0.297369154560
-0.333666833417 0.296833351703 0.296505978928
-0.332666333167 0.294982337789 0.295637197226
-0.331665832916 0.293125482085 0.294762868594
-0.330665332666 0.291262927974 0.293883052142
-0.329664832416 0.289394818828 0.292997806951
-0.328664332166 0.287521298005 0.292107192074
-0.327663831916 0.285642508838 0.291211266526
-0.326663331666 0.283758594628 0.290310089293
-0.325662831416 0.281869698636 0.289403719319
-0.324662331166 0.279975964070 0.288492215515
-0.323661830915 0.278077534085 0.287575636750
-0.322661330665 0.276174551766 0.286654041852
-0.321660830415 0.274267160126 0.285727489605
-0.320660330165 0.272355502094 0.284796038750
-0.319659829915 0.270439720508 0.283859747980
-0.318659329665 0.268519958106 0.282918675942
-0.317658829415 0.266596357520 0.281972881230
-0.316658329165 0.264669061266 0.281022422389
-0.315657828914 0.262738211732 0.280067357911
-0.314657328664 0.260803951179 0.279107746232
-0.313656828414 0.258866421723 0.278143645733
-0.312656328164 0.256925765333 0.277175114736
-0.311655827914 0.254982123821 0.276202211503
-0.310655327664 0.253035638833 0.275224994237
-0.309654827414 0.251086451842 0.274243521076
-0.308654327164 0.249134704138 0.273257850094
-0.307653826913 0.247180536824 0.272268039300
-0.306653326663 0.245224090804 0.271274146633
-0.305652826413 0.243265506774 0.270276229966
-0.304652326163 0.241304925218 0.269274347099
-0.303651825913 0.239342486399 0.268268555760
-0.302651325663 0.237378330347 0.267258913603
-0.301650825413 0.235412596858 0.266245478206
-0.300650325163 0.233445425477 0.265228307073
-0.299649824912 0.231476955499 0.264207457624
-0.298649324662 0.229507325956 0.263182987204
-0.297648824412 0.227536675609 0.262154953072
-0.296648324162 0.225565142943 0.261123412408
-0.295647823912 0.223592866155 0.260088422303
-0.294647323662 0.221619983152 0.259050039765
-0.293646823412 0.219646631536 0.258008321712
-0.292646323162 0.217672948604 0.256963324974
-0.291645822911 0.215699071331 0.255915106290
-0.290645322661 0.213725136373 0.254863722305
-0.289644822411 0.211751280049 0.253809229573
-0.288644322161 0.209777638342 0.252751684550
-0.287643821911 0.207804346884 0.251691143598
-0.286643321661 0.205831540954 0.250627662978
-0.285642821411 0.203859355467 0.249561298852
-0.284642321161 0.201887924968 0.248492107283
-0.283641820910 0.199917383623 0.247420144228
-0.282641320660 0.197947865213 0.246345465542
-0.281640820410 0.195979503128 0.245268126975
-0.280640320160 0.194012430354 0.244188184168
-0.279639819910 0.192046779472 0.243105692655
-0.278639319660 0.190082682645 0.242020707860
-0.277638819410 0.188120271615 0.240933285095
-0.276638319160 0.186159677694 0.239843479561
-0.275637818909 0.184201031755 0.238751346343
-0.274637318659 0.182244464229 0.237656940412
-0.273636818409 0.180290105093 0.236560316622
-0.272636318159 0.178338083864 0.235461529707
-0.271635817909 0.176388529596 0.234360634285
-0.270635317659 0.174441570866 0.233257684849
-0.269634817409 0.172497335773 0.232152735772
-0.268634317159 0.170555951927 0.231045841304
-0.267633816908 0.168617546443 0.229937055567
-0.266633316658 0.166682245936 0.228826432559
-0.265632816408 0.164750176510 0.227714026151
-0.264632316158 0.162821463754 0.226599890081
-0.263631815908 0.160896232736 0.225484077960
-0.262631315658 0.158974607993 0.224366643268
-0.261630815408 0.157056713526 0.223247639348
-0.260630315158 0.155142672793 0.222127119412
-0.259629814907 0.153232608702 0.221005136535
-0.258629314657 0.151326643605 0.219881743655
-0.257628814407 0.149424899290 0.218756993572
-0.256628314157 0.147527496975 0.217630938947
-0.255627813907 0.145634557302 0.216503632299
-0.254627313657 0.143746200331 0.215375126006
-0.253626813407 0.141862545529 0.214245472301
-0.252626313157 0.139983711771 0.213114723274
-0.251625812906 0.138109817326 0.211982930869
-0.250625312656 0.136240979857 0.210850146882
-0.249624812406 0.134377316408 0.209716422960
-0.248624312156 0.132518943406 0.208581810602
-0.247623811906 0.130665976645 0.207446361156
-0.246623311656 0.128818531288 0.206310125816
-0.245622811406 0.126976721858 0.205173155625
-0.244622311156 0.125140662228 0.204035501471
-0.243621810905 0.123310465622 0.202897214084
-0.242621310655 0.121486244604 0.201758344040
-0.241620810405 0.119668111070 0.200618941755
-0.240620310155 0.117856176251 0.199479057487
-0.239619809905 0.116050550697 0.198338741332
-0.238619309655 0.114251344275 0.197198043225
-0.237618809405 0.112458666167 0.196057012940
-0.236618309155 0.110672624857 0.194915700083
-0.235617808904 0.108893328131 0.193774154099
-0.234617308654 0.107120883067 0.192632424263
-0.233616808404 0.105355396035 0.191490559686
-0.232616308154 0.103596972684 0.190348609307
-0.231615807904 0.101845717942 0.189206621897
-0.230615307654 0.100101736008 0.188064646058
-0.229614807404 0.098365130349 0.186922730216
-0.228614307154 0.096636003690 0.185780922626
-0.227613806903 0.094914458012 0.184639271370
-0.226613306653 0.093200594548 0.183497824352
-0.225612806403 0.091494513773 0.182356629301
-0.224612306153 0.089796315403 0.181215733770
-0.223611805903 0.088106098387 0.180075185130
-0.222611305653 0.086423960903 0.178935030575
-0.221610805403 0.084750000354 0.177795317117
-0.220610305153 0.083084313362 0.176656091588
-0.219609804902 0.081426995759 0.175517400633
-0.218609304652 0.079778142592 0.174379290718
-0.217608804402 0.078137848106 0.173241808121
-0.216608304152 0.076506205748 0.172104998935
-0.215607803902 0.074883308159 0.170968909066
-0.214607303652 0.073269247168 0.169833584231
-0.213606803402 0.071664113791 0.168699069959
-0.212606303152 0.070067998221 0.167565411588
-0.211605802901 0.068480989829 0.166432654266
-0.210605302651 0.066903177155 0.165300842948
-0.209604802401 0.065334647907 0.164170022396
-0.208604302151 0.063775488953 0.163040237177
-0.207603801901 0.062225786319 0.161911531666
-0.206603301651 0.060685625184 0.160783950037
-0.205602801401 0.059155089877 0.159657536272
-0.204602301151 0.057634263870 0.158532334152
-0.203601800900 0.056123229774 0.157408387259
-0.202601300650 0.054622069340 0.156285738976
-0.201600800400 0.053130863446 0.155164432484
-0.200600300150 0.051649692103 0.154044510765
-0.199599799900 0.050178634443 0.152926016595
-0.198599299650 0.048717768717 0.151808992548
-0.197598799400 0.047267172296 0.150693480992
-0.196598299150 0.045826921658 0.149579524091
-0.195597798899 0.044397092395 0.148467163801
-0.194597298649 0.042977759200 0.147356441873
-0.193596798399 0.041568995868 0.146247399847
-0.192596298149 0.040170875293 0.145140079056
-0.191595797899 0.038783469460 0.144034520621
-0.190595297649 0.037406849448 0.142930765454
-0.189594797399 0.036041085419 0.141828854254
-0.188594297149 0.034686246622 0.140728827508
-0.187593796898 0.033342401385 0.139630725488
-0.186593296648 0.032009617113 0.138534588254
-0.185592796398 0.030687960283 0.137440455649
-0.184592296148 0.029377496446 0.136348367301
-0.183591795898 0.028078290217 0.135258362619
-0.182591295648 0.026790405278 0.134170480797
-0.181590795398 0.025513904371 0.133084760809
-0.180590295148 0.024248849297 0.132001241410
-0.179589794897 0.022995300911 0.130919961134
-0.178589294647 0.021753319123 0.129840958294
-0.177588794397 0.020522962892 0.128764270983
-0.176588294147 0.019304290224 0.127689937070
-0.175587793897 0.018097358168 0.126617994200
-0.174587293647 0.016902222818 0.125548479794
-0.173586793397 0.015718939306 0.124481431050
-0.172586293147 0.014547561800 0.123416884938
-0.171585792896 0.013388143504 0.122354878203
-0.170585292646 0.012240736653 0.121295447361
-0.169584792396 0.011105392511 0.120238628702
-0.168584292146 0.009982161372 0.119184458286
-0.167583791896 0.008871092553 0.118132971943
-0.166583291646 0.007772234395 0.117084205276
-0.165582791396 0.006685634261 0.116038193652
-0.164582291146 0.005611338531 0.114994972210
-0.163581790895 0.004549392604 0.113954575856
-0.162581290645 0.003499840894 0.112917039262
-0.161580790395 0.002462726825 0.111882396868
-0.160580290145 0.001438092838 0.110850682876
-0.159579789895 0.000425980379 0.109821931256
-0.158579289645 -0.000573570094 0.108796175742
-0.157578789395 -0.001560519120 0.107773449830
-0.156578289145 -0.002534828231 0.106753786779
-0.155577788894 -0.003496459956 0.105737219611
-0.154577288644 -0.004445377822 0.104723781109
-0.153576788394 -0.005381546356 0.103713503816
-0.152576288144 -0.006304931085 0.102706420038
-0.151575787894 -0.007215498537 0.101702561836
-0.150575287644 -0.008113216246 0.100701961033
-0.149574787394 -0.008998052747 0.099704649210
-0.148574287144 -0.009869977583 0.098710657706
-0.147573786893 -0.010728961303 0.097720017615
-0.146573286643 -0.011574975462 0.096732759789
-0.145572786393 -0.012407992624 0.095748914835
-0.144572286143 -0.013227986363 0.094768513117
-0.143571785893 -0.014034931262 0.093791584751
-0.142571285643 -0.014828802914 0.092818159608
-0.141570785393 -0.015609577926 0.091848267314
-0.140570285143 -0.016377233914 0.090881937246
-0.139569784892 -0.017131749508 0.089919198533
-0.138569284642 -0.017873104351 0.088960080058
-0.137568784392 -0.018601279098 0.088004610454
-0.136568284142 -0.019316255420 0.087052818103
-0.135567783892 -0.020018016000 0.086104731139
-0.134567283642 -0.020706544538 0.085160377446
-0.133566783392 -0.021381825745 0.084219784656
-0.132566283142 -0.022043845349 0.083282980149
-0.131565782891 -0.022692590093 0.082349991054
-0.130565282641 -0.023328047733 0.081420844247
-0.129564782391 -0.023950207042 0.080495566351
-0.128564282141 -0.024559057805 0.079574183737
-0.127563781891 -0.025154590824 0.078656722518
-0.126563281641 -0.025736797913 0.077743208558
-0.125562781391 -0.026305671902 0.076833667461
-0.124562281141 -0.026861206633 0.075928124578
-0.123561780890 -0.027403396961 0.075026605004
-0.122561280640 -0.027932238756 0.074129133577
-0.121560780390 -0.028447728898 0.073235734879
-0.120560280140 -0.028949865279 0.072346433234
-0.119559779890 -0.029438646804 0.071461252708
-0.118559279640 -0.029914073384 0.070580217110
-0.117558779390 -0.030376145944 0.069703349988
-0.116558279140 -0.030824866416 0.068830674635
-0.115557778889 -0.031260237738 0.067962214080
-0.114557278639 -0.031682263859 0.067097991096
-0.113556778389 -0.032090949730 0.066238028193
-0.112556278139 -0.032486301310 0.065382347621
-0.111555777889 -0.032868325558 0.064530971370
-0.110555277639 -0.033237030440 0.063683921167
-0.109554777389 -0.033592424920 0.062841218479
-0.108554277139 -0.033934518965 0.062002884509
-0.107553776888 -0.034263323536 0.061168940199
-0.106553276638 -0.034578850598 0.060339406226
-0.105552776388 -0.034881113105 0.059514303005
-0.104552276138 -0.035170125011 0.058693650688
-0.103551775888 -0.035445901260 0.057877469162
-0.102551275638 -0.035708457787 0.057065778049
-0.101550775388 -0.035957811518 0.056258596709
-0.100550275138 -0.036193980365 0.055455944233
-0.099549774887 -0.036416983227 0.054657839451
-0.098549274637 -0.036626839987 0.053864300924
-0.097548774387 -0.036823571511 0.053075346948
-0.096548274137 -0.037007199642 0.052290995553
-0.095547773887 -0.037177747204 0.051511264504
-0.094547273637 -0.037335237997 0.050736171297
-0.093546773387 -0.037479696794 0.049965733160
-0.092546273137 -0.037611149340 0.049199967057
-0.091545772886 -0.037729622349 0.048438889682
-0.090545272636 -0.037835143502 0.047682517460
-0.089544772386 -0.037927741445 0.046930866552
-0.088544272136 -0.038007445788 0.046183952846
-0.087543771886 -0.038074287098 0.045441791964
-0.086543271636 -0.038128296900 0.044704399257
-0.085542771386 -0.038169507676 0.043971789810
-0.084542271136 -0.038197952857 0.043243978436
-0.083541770885 -0.038213666825 0.042520979678
-0.082541270635 -0.038216684908 0.041802807811
-0.081540770385 -0.038207043379 0.041089476840
-0.080540270135 -0.038184779449 0.040381000498
-0.079539769885 -0.038149931270 0.039677392249
-0.078539269635 -0.038102537927 0.038978665285
-0.077538769385 -0.038042639438 0.038284832529
-0.076538269135 -0.037970276750 0.037595906631
-0.075537768884 -0.037885491735 0.036911899972
-0.074537268634 -0.037788327187 0.036232824661
-0.073536768384 -0.037678826821 0.035558692533
-0.072536268134 -0.037557035266 0.034889515155
-0.071535767884 -0.037422998066 0.034225303820
-0.070535267634 -0.037276761671 0.033566069550
-0.069534767384 -0.037118373439 0.032911823094
-0.068534267134 -0.036947881630 0.032262574929
-0.067533766883 -0.036765335402 0.031618335261
-0.066533266633 -0.036570784809 0.030979114023
-0.065532766383 -0.036364280796 0.030344920873
-0.064532266133 -0.036145875194 0.029715765200
-0.063531765883 -0.035915620720 0.029091656118
-0.062531265633 -0.035673570970 0.028472602468
-0.061530765383 -0.035419780416 0.027858612820
-0.060530265133 -0.035154304404 0.027249695469
-0.059529764882 -0.034877199146 0.026645858438
-0.058529264632 -0.034588521719 0.026047109476
-0.057528764382 -0.034288330060 0.025453456059
-0.056528264132 -0.033976682963 0.024864905390
-0.055527763882 -0.033653640073 0.024281464400
-0.054527263632 -0.033319261882 0.023703139743
-0.053526763382 -0.032973609728 0.023129937803
-0.052526263132 -0.032616745783 0.022561864689
-0.051525762881 -0.032248733060 0.021998926238
-0.050525262631 -0.031869635396 0.021441128010
-0.049524762381 -0.031479517459 0.020888475296
-0.048524262131 -0.031078444735 0.020340973111
-0.047523761881 -0.030666483527 0.019798626195
-0.046523261631 -0.030243700951 0.019261439019
-0.045522761381 -0.029810164931 0.018729415776
-0.044522261131 -0.029365944191 0.018202560388
-0.043521760880 -0.028911108256 0.017680876502
-0.042521260630 -0.028445727441 0.017164367494
-0.041520760380 -0.027969872853 0.016653036464
-0.040520260130 -0.027483616379 0.016146886240
-0.039519759880 -0.026987030686 0.015645919376
-0.038519259630 -0.026480189215 0.015150138154
-0.037518759380 -0.025963166173 0.014659544582
-0.036518259130 -0.025436036534 0.014174140394
-0.035517758879 -0.024898876027 0.013693927053
-0.034517258629 -0.024351761136 0.013218905747
-0.033516758379 -0.023794769092 0.012749077392
-0.032516258129 -0.023227977868 0.012284442632
-0.031515757879 -0.022651466176 0.011825001837
-0.030515257629 -0.022065313460 0.011370755105
-0.029514757379 -0.021469599888 0.010921702261
-0.028514257129 -0.020864406351 0.010477842860
-0.027513756878 -0.020249814458 0.010039176181
-0.026513256628 -0.019625906523 0.009605701234
-0.025512756378 -0.018992765569 0.009177416755
-0.024512256128 -0.018350475316 0.008754321210
-0.023511755878 -0.017699120179 0.008336412792
-0.022511255628 -0.017038785260 0.007923689423
-0.021510755378 -0.016369556342 0.007516148752
-0.020510255128 -0.015691519885 0.007113788160
-0.019509754877 -0.015004763021 0.006716604755
-0.018509254627 -0.014309373545 0.006324595374
-0.017508754377 -0.013605439912 0.005937756584
-0.016508254127 -0.012893051229 0.005556084681
-0.015507753877 -0.012172297250 0.005179575691
-0.014507253627 -0.011443268370 0.004808225371
-0.013506753377 -0.010706055621 0.004442029205
-0.012506253127 -0.009960750662 0.004080982411
-0.011505752876 -0.009207445774 0.003725079936
-0.010505252626 -0.008446233856 0.003374316457
-0.009504752376 -0.007677208419 0.003028686383
-0.008504252126 -0.006900463575 0.002688183854
-0.007503751876 -0.006116094038 0.002352802742
-0.006503251626 -0.005324195110 0.002022536651
-0.005502751376 -0.004524862681 0.001697378915
-0.004502251126 -0.003718193219 0.001377322602
-0.003501750875 -0.002904283766 0.001062360512
-0.002501250625 -0.002083231931 0.000752485180
-0.001500750375 -0.001255135879 0.000447688870
-0.000500250125 -0.000420094333 0.000147963583
0.000500250125 0.000421793439 -0.000146698948
0.001500750375 0.001270427628 -0.000436307256
0.002501250625 0.002125707893 -0.000720870140
0.003501750875 0.002987533363 -0.001000396662
0.004502251126 0.003855802647 -0.001274896151
0.005502751376 0.004730413843 -0.001544378202
0.006503251626 0.005611264537 -0.001808852671
0.007503751876 0.006498251817 -0.002068329682
0.008504252126 0.007391272279 -0.002322819618
0.009504752376 0.008290222029 -0.002572333131
0.010505252626 0.009194996693 -0.002816881131
0.011505752876 0.010105491426 -0.003056474792
0.012506253127 0.011021600914 -0.003291125553
0.013506753377 0.011943219386 -0.003520845112
0.014507253627 0.012870240616 -0.003745645429
0.015507753877 0.013802557934 -0.003965538725
0.016508254127 0.014740064230 -0.004180537483
0.017508754377 0.015682651963 -0.004390654445
0.018509254627 0.016630213168 -0.004595902614
0.019509754877 0.017582639461 -0.004796295252
0.020510255128 0.018539822049 -0.004991845879
0.021510755378 0.019501651734 -0.005182568275
0.022511255628 0.020468018924 -0.005368476479
0.023511755878 0.021438813636 -0.005549584786
0.024512256128 0.022413925505 -0.005725907749
0.025512756378 0.023393243793 -0.005897460178
0.026513256628 0.024376657394 -0.006064257140
0.027513756878 0.025364054840 -0.006226313957
0.028514257129 0.026355324312 -0.006383646207
0.029514757379 0.027350353644 -0.006536269723
0.030515257629 0.028349030334 -0.006684200594
0.031515757879 0.029351241547 -0.006827455160
0.032516258129 0.030356874125 -0.006966050017
0.033516758379 0.031365814592 -0.007100002013
0.034517258629 0.032377949167 -0.007229328249
0.035517758879 0.033393163764 -0.007354046079
0.036518259130 0.034411344004 -0.007474173108
0.037518759380 0.035432375223 -0.007589727190
0.038519259630 0.036456142476 -0.007700726432
0.039519759880 0.037482530548 -0.007807189190
0.040520260130 0.038511423957 -0.007909134070
0.041520760380 0.039542706969 -0.008006579926
0.042521260630 0.040576263597 -0.008099545862
0.043521760880 0.041611977615 -0.008188051227
0.044522261131 0.042649732562 -0.008272115620
0.045522761381 0.043689411750 -0.008351758886
0.046523261631 0.044730898274 -0.008427001113
0.047523761881 0.045774075018 -0.008497862640
0.048524262131 0.046818824660 -0.008564364046
0.049524762381 0.047865029684 -0.008626526157
0.050525262631 0.048912572388 -0.008684370041
0.051525762881 0.049961334885 -0.008737917011
0.052526263132 0.051011199118 -0.008787188621
0.053526763382 0.052062046865 -0.008832206666
0.054527263632 0.053113759746 -0.008872993186
0.055527763882 0.054166219230 -0.008909570456
0.056528264132 0.055219306648 -0.008941960997
0.057528764382 0.056272903192 -0.008970187563
0.058529264632 0.057326889930 -0.008994273153
0.059529764882 0.058381147811 -0.009014240999
0.060530265133 0.059435557674 -0.009030114572
0.061530765383 0.060490000253 -0.009041917580
0.062531265633 0.061544356187 -0.009049673968
0.063531765883 0.062598506029 -0.009053407913
0.064532266133 0.063652330250 -0.009053143831
0.065532766383 0.064705709251 -0.009048906367
0.066533266633 0.065758523366 -0.009040720404
0.067533766883 0.066810652876 -0.009028611053
0.068534267134 0.067861978012 -0.009012603661
0.069534767384 0.068912378962 -0.008992723803
0.070535267634 0.069961735885 -0.008968997285
0.071535767884 0.071009928912 -0.008941450144
0.072536268134 0.072056838159 -0.008910108644
0.073536768384 0.073102343729 -0.008874999279
0.074537268634 0.074146325728 -0.008836148768
0.075537768884 0.075188664264 -0.008793584058
0.076538269135 0.076229239463 -0.008747332323
0.077538769385 0.077267931469 -0.008697420959
0.078539269635 0.078304620459 -0.008643877590
0.079539769885 0.079339186647 -0.008586730060
0.080540270135 0.080371510290 -0.008526006438
0.081540770385 0.081401471702 -0.008461735014
0.082541270635 0.082428951256 -0.008393944300
0.083541770885 0.083453829394 -0.008322663028
0.084542271136 0.084475986636 -0.008247920148
0.085542771386 0.085495303585 -0.008169744830
0.086543271636 0.086511660939 -0.008088166463
0.087543771886 0.087524939495 -0.008003214651
0.088544272136 0.088535020157 -0.007914919215
0.089544772386 0.089541783948 -0.007823310192
0.090545272636 0.090545112011 -0.007728417832
0.091545772886 0.091544885625 -0.007630272601
0.092546273137 0.092540986206 -0.007528905175
0.093546773387 0.093533295318 -0.007424346444
0.094547273637 0.094521694679 -0.007316627507
0.095547773887 0.095506066172 -0.007205779676
0.096548274137 0.096486291848 -0.007091834471
0.097548774387 0.097462253940 -0.006974823619
0.098549274637 0.098433834865 -0.006854779056
0.099549774887 0.099400917234 -0.006731732925
0.100550275138 0.100363383860 -0.006605717573
0.101550775388 0.101321117767 -0.006476765553
0.102551275638 0.102274002194 -0.006344909621
0.103551775888 0.103221920608 -0.006210182737
0.104552276138 0.104164756706 -0.006072618063
0.105552776388 0.105102394426 -0.005932248961
0.106553276638 0.106034717956 -0.005789108992
0.107553776888 0.106961611738 -0.005643231920
0.108554277139 0.107882960477 -0.005494651703
0.109554777389 0.108798649153 -0.005343402499
0.110555277639 0.109708563020 -0.005189518661
0.111555777889 0.110612587622 -0.005033034737
0.112556278139 0.111510608796 -0.004873985471
0.113556778389 0.112402512679 -0.004712405797
0.114557278639 0.113288185721 -0.004548330845
0.115557778889 0.114167514686 -0.004381795934
0.116558279140 0.115040386663 -0.004212836573
0.117558779390 0.115906689074 -0.004041488462
0.118559279640 0.116766309680 -0.003867787489
0.119559779890 0.117619136590 -0.003691769727
0.120560280140 0.118465058265 -0.003513471437
0.121560780390 0.119303963530 -0.003332929065
0.122561280640 0.120135741581 -0.003150179241
0.123561780890 0.120960281987 -0.002965258778
0.124562281141 0.121777474706 -0.002778204670
0.125562781391 0.122587210084 -0.002589054093
0.126563281641 0.123389378869 -0.002397844404
0.127563781891 0.124183872214 -0.002204613135
0.128564282141 0.124970581685 -0.002009397999
0.129564782391 0.125749399273 -0.001812236885
0.130565282641 0.126520217393 -0.001613167857
0.131565782891 0.127282928899 -0.001412229153
0.132566283142 0.128037427087 -0.001209459184
0.133566783392 0.128783605704 -0.001004896535
0.134567283642 0.129521358954 -0.000798579961
0.135567783892 0.130250581505 -0.000590548385
0.136568284142 0.130971168499 -0.000380840903
0.137568784392 0.131683015556 -0.000169496775
0.138569284642 0.132386018782 0.000043444572
0.139569784892 0.133080074776 0.000257943544
0.140570285143 0.133765080638 0.000473960384
0.141570785393 0.134440933977 0.000691455172
0.142571285643 0.135107532913 0.000910387825
0.143571785893 0.135764776090 0.001130718101
0.144572286143 0.136412562681 0.001352405598
0.145572786393 0.137050792391 0.001575409755
0.146573286643 0.137679365471 0.001799689854
0.147573786893 0.138298182720 0.002025205022
0.148574287144 0.138907145492 0.002251914230
0.149574787394 0.139506155705 0.002479776297
0.150575287644 0.140095115846 0.002708749889
0.151575787894 0.140673928979 0.002938793520
0.152576288144 0.141242498751 0.003169865555
0.153576788394 0.141800729399 0.003401924211
0.154577288644 0.142348525757 0.003634927558
0.155577788894 0.142885793260 0.003868833518
0.156578289145 0.143412437957 0.004103599869
0.157578789395 0.143928366508 0.004339184246
0.158579289645 0.144433486202 0.004575544142
0.159579789895 0.144927704952 0.004812636907
0.160580290145 0.145410931312 0.005050419754
0.161580790395 0.145883074474 0.005288849755
0.162581290645 0.146344044281 0.005527883847
0.163581790895 0.146793751232 0.005767478829
0.164582291146 0.147232106487 0.006007591368
0.165582791396 0.147659021873 0.006248177995
0.166583291646 0.148074409892 0.006489195110
0.167583791896 0.148478183727 0.006730598984
0.168584292146 0.148870257246 0.006972345757
0.169584792396 0.149250545012 0.007214391442
0.170585292646 0.149618962286 0.007456691924
0.171585792896 0.149975425034 0.007699202964
0.172586293147 0.150319849932 0.007941880199
0.173586793397 0.150652154377 0.008184679143
0.174587293647 0.150972256484 0.008427555189
0.175587793897 0.151280075102 0.008670463610
0.176588294147 0.151575529812 0.008913359562
0.177588794397 0.151858540937 0.009156198081
0.178589294647 0.152129029547 0.009398934091
0.179589794897 0.152386917464 0.009641522400
0.180590295148 0.152632127267 0.009883917701
0.181590795398 0.152864582303 0.010126074579
0.182591295648 0.153084206685 0.010367947508
0.183591795898 0.153290925304 0.010609490852
0.184592296148 0.153484663828 0.010850658870
0.185592796398 0.153665348717 0.011091405713
0.186593296648 0.153832907218 0.011331685430
0.187593796898 0.153987267379 0.011571451965
0.188594297149 0.154128358048 0.011810659162
0.189594797399 0.154256108885 0.012049260765
0.190595297649 0.154370450359 0.012287210419
0.191595797899 0.154471313762 0.012524461672
0.192596298149 0.154558631209 0.012760967977
0.193596798399 0.154632335642 0.012996682692
0.194597298649 0.154692360840 0.013231559084
0.195597798899 0.154738641423 0.013465550328
0.196598299150 0.154771112851 0.013698609509
0.197598799400 0.154789711439 0.013930689625
0.198599299650 0.154794374353 0.014161743587
0.199599799900 0.154785039620 0.014391724221
0.200600300150 0.154761646133 0.014620584269
0.201600800400 0.154724133652 0.014848276392
0.202601300650 0.154672442812 0.015074753170
0.203601800900 0.154606515127 0.015299967104
0.204602301151 0.154526292997 0.015523870618
0.205602801401 0.154431719706 0.015746416062
0.206603301651 0.154322739434 0.015967555707
0.207603801901 0.154199297257 0.016187241757
0.208604302151 0.154061339155 0.016405426342
0.209604802401 0.153908812013 0.016622061522
0.210605302651 0.153741663626 0.016837099290
0.211605802901 0.153559842705 0.017050491574
0.212606303152 0.153363298883 0.017262190235
0.213606803402 0.153151982712 0.017472147073
0.214607303652 0.152925845677 0.017680313826
0.215607803902 0.152684840191 0.017886642170
0.216608304152 0.152428919606 0.018091083726
0.217608804402 0.152158038214 0.018293590057
0.218609304652 0.151872151251 0.018494112670
0.219609804902 0.151571214901 0.018692603021
0.220610305153 0.151255186300 0.018889012513
0.221610805403 0.150924023542 0.019083292498
0.222611305653 0.150577685679 0.019275394282
0.223611805903 0.150216132728 0.019465269123
0.224612306153 0.149839325671 0.019652868234
0.225612806403 0.149447226465 0.019838142785
0.226613306653 0.149039798038 0.020021043904
0.227613806903 0.148617004297 0.020201522679
0.228614307154 0.148178810133 0.020379530161
0.229614807404 0.147725181420 0.020555017363
0.230615307654 0.147256085019 0.020727935265
0.231615807904 0.146771488786 0.020898234811
0.232616308154 0.146271361571 0.021065866916
0.233616808404 0.145755673222 0.021230782465
0.234617308654 0.145224394587 0.021392932314
0.235617808904 0.144677497521 0.021552267295
0.236618309155 0.144114954885 0.021708738213
0.237618809405 0.143536740553 0.021862295853
0.238619309655 0.142942829408 0.022012890977
0.239619809905 0.142333197355 0.022160474328
0.240620310155 0.141707821313 0.022304996632
0.241620810405 0.141066679228 0.022446408601
0.242621310655 0.140409750066 0.022584660932
0.243621810905 0.139737013825 0.022719704308
0.244622311156 0.139048451530 0.022851489406
0.245622811406 0.138344045238 0.022979966891
0.246623311656 0.137623778045 0.023105087422
0.247623811906 0.136887634081 0.023226801656
0.248624312156 0.136135598516 0.023345060243
0.249624812406 0.135367657565 0.023459813835
0.250625312656 0.134583798485 0.023571013083
0.251625812906 0.133784009580 0.023678608643
0.252626313157 0.132968280204 0.023782551171
0.253626813407 0.132136600760 0.023882791333
0.254627313657 0.131288962707 0.023979279802
0.255627813907 0.130425358555 0.024071967262
0.256628314157 0.129545781875 0.024160804406
0.257628814407 0.128650227293 0.024245741943
0.258629314657 0.127738690498 0.024326730598
0.259629814907 0.126811168241 0.024403721112
0.260630315158 0.125867658336 0.024476664246
0.261630815408 0.124908159663 0.024545510783
0.262631315658 0.123932672169 0.024610211528
0.263631815908 0.122941196869 0.024670717313
0.264632316158 0.121933735850 0.024726978994
0.265632816408 0.120910292268 0.024778947458
0.266633316658 0.119870870355 0.024826573624
0.267633816908 0.118815475413 0.024869808442
0.268634317159 0.117744113822 0.024908602897
0.269634817409 0.116656793038 0.024942908012
0.270635317659 0.115553521593 0.024972674847
0.271635817909 0.114434309100 0.024997854503
0.272636318159 0.113299166250 0.025018398125
0.273636818409 0.112148104813 0.025034256901
0.274637318659 0.110981137644 0.025045382068
0.275637818909 0.109798278675 0.025051724908
0.276638319160 0.108599542925 0.025053236756
0.277638819410 0.107384946495 0.025049869000
0.278639319660 0.106154506568 0.025041573081
0.279639819910 0.104908241414 0.025028300497
0.280640320160 0.103646170388 0.025010002806
0.281640820410 0.102368313928 0.024986631625
0.282641320660 0.101074693560 0.024958138634
0.283641820910 0.099765331896 0.024924475578
0.284642321161 0.098440252632 0.024885594270
0.285642821411 0.097099480554 0.024841446589
0.286643321661 0.095743041531 0.024791984487
0.287643821911 0.094370962521 0.024737159989
0.288644322161 0.092983271567 0.024676925193
0.289644822411 0.091579997801 0.024611232277
0.290645322661 0.090161171438 0.024540033496
0.291645822911 0.088726823782 0.024463281187
0.292646323162 0.087276987222 0.024380927770
0.293646823412 0.085811695231 0.024292925751
0.294647323662 0.084330982371 0.024199227723
0.295647823912 0.082834884284 0.024099786369
0.296648324162 0.081323437701 0.023994554464
0.297648824412 0.079796680433 0.023883484875
0.298649324662 0.078254651376 0.023766530569
0.299649824912 0.076697390509 0.023643644607
0.300650325163 0.075124938890 0.023514780152
0.301650825413 0.073537338660 0.023379890471
0.302651325663 0.071934633040 0.023238928933
0.303651825913 0.070316866329 0.023091849015
0.304652326163 0.068684083905 0.022938604303
0.305652826413 0.067036332222 0.022779148494
0.306653326663 0.065373658810 0.022613435398
0.307653826913 0.063696112274 0.022441418942
0.308654327164 0.062003742293 0.022263053168
0.309654827414 0.060296599617 0.022078292240
0.310655327664 0.058574736067 0.021887090443
0.311655827914 0.056838204535 0.021689402187
0.312656328164 0.055087058977 0.021485182008
0.313656828414 0.053321354420 0.021274384572
0.314657328664 0.051541146951 0.021056964672
0.315657828914 0.049746493724 0.020832877240
0.316658329165 0.047937452951 0.020602077339
0.317658829415 0.046114083907 0.020364520172
0.318659329665 0.044276446920 0.020120161081
0.319659829915 0.042424603378 0.019868955549
0.320660330165 0.040558615720 0.019610859206
0.321660830415 0.038678547438 0.019345827827
0.322661330665 0.036784463073 0.019073817336
0.323661830915 0.034876428212 0.018794783810
0.324662331166 0.032954509491 0.018508683478
0.325662831416 0.031018774584 0.018215472725
0.326663331666 0.029069292209 0.017915108094
0.327663831916 0.027106132121 0.017607546290
0.328664332166 0.025129365110 0.017292744178
0.329664832416 0.023139063001 0.016970658792
0.330665332666 0.021135298647 0.016641247329
0.331665832916 0.019118145930 0.016304467160
0.332666333167 0.017087679758 0.015960275826
0.333666833417 0.015043976061 0.015608631042
0.334667333667 0.012987111786 0.015249490700
0.335667833917 0.010917164902 0.014882812873
0.336668334167 0.008834214386 0.014508555814
0.337668834417 0.006738340229 0.014126677959
0.338669334667 0.004629623428 0.013737137933
0.339669834917 0.002508145988 0.013339894548
0.340670335168 0.000373990910 0.012934906806
0.341670835418 -0.001772757803 0.012522133905
0.342671335668 -0.003932015155 0.012101535237
0.343671835918 -0.006103695158 0.011673070392
0.344672336168 -0.008287710836 0.011236699163
0.345672836418 -0.010483974228 0.010792381544
0.346673336668 -0.012692396394 0.010340077735
0.347673836918 -0.014912887414 0.009879748145
0.348674337169 -0.017145356397 0.009411353391
0.349674837419 -0.019389711479 0.008934854305
0.350675337669 -0.021645859833 0.008450211934
0.351675837919 -0.023913707668 0.007957387543
0.352676338169 -0.026193160233 0.007456342615
0.353676838419 -0.028484121826 0.006947038859
0.354677338669 -0.030786495792 0.006429438206
0.355677838919 -0.033100184529 0.005903502817
0.356678339170 -0.035425089495 0.005369195082
0.357678839420 -0.037761111209 0.004826477624
0.358679339670 -0.040108149254 0.004275313302
0.359679839920 -0.042466102286 0.003715665210
0.360680340170 -0.044834868034 0.003147496684
0.361680840420 -0.047214343308 0.002570771303
0.362681340670 -0.049604424000 0.001985452891
0.363681840920 -0.052005005089 0.001391505519
0.364682341171 -0.054415980649 0.000788893508
0.365682841421 -0.056837243851 0.000177581433
0.366683341671 -0.059268686966 -0.000442465876
0.367683841921 -0.061710201374 -0.001071283332
0.368684342171 -0.064161677564 -0.001708905586
0.369684842421 -0.066623005143 -0.002355367028
0.370685342671 -0.069094072839 -0.003010701781
0.371685842921 -0.071574768507 -0.003674943699
0.372686343172 -0.074064979130 -0.004348126368
0.373686843422 -0.076564590831 -0.005030283097
0.374687343672 -0.079073488871 -0.005721446923
0.375687843922 -0.081591557661 -0.006421650601
0.376688344172 -0.084118680761 -0.007130926607
0.377688844422 -0.086654740888 -0.007849307131
0.378689344672 -0.089199619923 -0.008576824080
0.379689844922 -0.091753198913 -0.009313509069
0.380690345173 -0.094315358079 -0.010059393422
0.381690845423 -0.096885976821 -0.010814508170
0.382691345673 -0.099464933722 -0.011578884045
0.383691845923 -0.102052106555 -0.012352551481
0.384692346173 -0.104647372289 -0.013135540609
0.385692846423 -0.107250607093 -0.013927881255
0.386693346673 -0.109861686343 -0.014729602938
0.387693846923 -0.112480484629 -0.015540734865
0.388694347174 -0.115106875757 -0.016361305933
0.389694847424 -0.117740732759 -0.017191344720
0.390695347674 -0.120381927895 -0.018030879488
0.391695847924 -0.123030332665 -0.018879938177
0.392696348174 -0.125685817807 -0.019738548403
0.393696848424 -0.128348253311 -0.020606737457
0.394697348674 -0.131017508417 -0.021484532298
0.395697848924 -0.133693451630 -0.022371959556
0.396698349175 -0.136375950719 -0.023269045524
0.397698849425 -0.139064872728 -0.024175816159
0.398699349675 -0.141760083979 -0.025092297078
0.399699849925 -0.144461450079 -0.026018513553
0.400700350175 -0.147168835929 -0.026954490513
0.401700850425 -0.149882105728 -0.027900252537
0.402701350675 -0.152601122981 -0.028855823854
0.403701850925 -0.155325750502 -0.029821228336
0.404702351176 -0.158055850426 -0.030796489502
0.405702851426 -0.160791284211 -0.031781630509
0.406703351676 -0.163531912649 -0.032776674153
0.407703851926 -0.166277595867 -0.033781642864
0.408704352176 -0.169028193341 -0.034796558705
0.409704852426 -0.171783563896 -0.035821443366
0.410705352676 -0.174543565716 -0.036856318166
0.411705852926 -0.177308056352 -0.037901204047
0.412706353177 -0.180076892727 -0.038956121569
0.413706853427 -0.182849931144 -0.040021090915
0.414707353677 -0.185627027292 -0.041096131877
0.415707853927 -0.188408036254 -0.042181263865
0.416708354177 -0.191192812514 -0.043276505895
0.417708854427 -0.193981209965 -0.044381876590
0.418709354677 -0.196773081912 -0.045497394176
0.419709854927 -0.199568281087 -0.046623076481
0.420710355178 -0.202366659648 -0.047758940932
0.421710855428 -0.205168069191 -0.048905004547
0.422711355678 -0.207972360759 -0.050061283939
0.423711855928 -0.210779384842 -0.051227795311
0.424712356178 -0.213588991394 -0.052404554449
0.425712856428 -0.216401029833 -0.053591576725
0.426713356678 -0.219215349052 -0.054788877092
0.427713856928 -0.222031797425 -0.055996470077
0.428714357179 -0.224850222817 -0.057214369784
0.429714857429 -0.227670472589 -0.058442589890
0.430715357679 -0.230492393606 -0.059681143638
0.431715857929 -0.233315832247 -0.060930043837
0.432716358179 -0.236140634410 -0.062189302862
0.433716858429 -0.238966645521 -0.063458932643
0.434717358679 -0.241793710541 -0.064738944671
0.435717858929 -0.244621673977 -0.066029349988
0.436718359180 -0.247450379884 -0.067330159189
0.437718859430 -0.250279671880 -0.068641382416
0.438719359680 -0.253109393146 -0.069963029355
0.439719859930 -0.255939386442 -0.071295109236
0.440720360180 -0.258769494109 -0.072637630826
0.441720860430 -0.261599558080 -0.073990602430
0.442721360680 -0.264429419888 -0.075354031883
0.443721860930 -0.267258920672 -0.076727926553
0.444722361181 -0.270087901188 -0.078112293333
0.445722861431 -0.272916201814 -0.079507138639
0.446723361681 -0.275743662562 -0.080912468411
0.447723861931 -0.278570123084 -0.082328288103
0.448724362181 -0.281395422678 -0.083754602686
0.449724862431 -0.284219400301 -0.085191416642
0.450725362681 -0.287041894575 -0.086638733961
0.451725862931 -0.289862743794 -0.088096558139
0.452726363182 -0.292681785935 -0.089564892175
0.453726863432 -0.295498858665 -0.091043738567
0.454727363682 -0.298313799349 -0.092533099307
0.455727863932 -0.301126445059 -0.094032975884
0.456728364182 -0.303936632584 -0.095543369273
0.457728864432 -0.306744198435 -0.097064279940
0.458729364682 -0.309548978856 -0.098595707831
0.459729864932 -0.312350809834 -0.100137652376
0.460730365183 -0.315149527104 -0.101690112479
0.461730865433 -0.317944966158 -0.103253086521
0.462731365683 -0.320736962258 -0.104826572354
0.463731865933 -0.323525350441 -0.106410567298
0.464732366183 -0.326309965525 -0.108005068136
0.465732866433 -0.329090642125 -0.109610071115
0.466733366683 -0.331867214656 -0.111225571941
0.467733866933 -0.334639517343 -0.112851565774
0.468734367184 -0.337407384231 -0.114488047227
0.469734867434 -0.340170649193 -0.116135010362
0.470735367684 -0.342929145938 -0.117792448685
0.471735867934 -0.345682708021 -0.119460355149
0.472736368184 -0.348431168853 -0.121138722143
0.473736868434 -0.351174361705 -0.122827541494
0.474737368684 -0.353912119724 -0.124526804461
0.475737868934 -0.356644275935 -0.126236501733
0.476738369185 -0.359370663255 -0.127956623426
0.477738869435 -0.362091114500 -0.129687159081
0.478739369685 -0.364805462392 -0.131428097656
0.479739869935 -0.367513539572 -0.133179427527
0.480740370185 -0.370215178606 -0.134941136486
0.481740870435 -0.372910211996 -0.136713211733
0.482741370685 -0.375598472185 -0.138495639876
0.483741870935 -0.378279791572 -0.140288406926
0.484742371186 -0.380954002518 -0.142091498296
0.485742871436 -0.383620937353 -0.143904898795
0.486743371686 -0.386280428388 -0.145728592627
0.487743871936 -0.388932307924 -0.147562563386
0.488744372186 -0.391576408259 -0.149406794055
0.489744872436 -0.394212561701 -0.151261267000
0.490745372686 -0.396840600571 -0.153125963967
0.491745872936 -0.399460357218 -0.155000866080
0.492746373187 -0.402071664026 -0.156885953839
0.493746873437 -0.404674353422 -0.158781207112
0.494747373687 -0.407268257887 -0.160686605137
0.495747873937 -0.409853209964 -0.162602126515
0.496748374187 -0.412429042266 -0.164527749208
0.497748874437 -0.414995587490 -0.166463450535
0.498749374687 -0.417552678421 -0.168409207169
0.499749874937 -0.420100147942 -0.170364995136
0.500750375188 -0.422637829048 -0.172330789806
0.501750875438 -0.425165554847 -0.174306565895
0.502751375688 -0.427683158577 -0.176292297459
0.503751875938 -0.430190473611 -0.178287957893
0.504752376188 -0.432687333468 -0.180293519922
0.505752876438 -0.435173571821 -0.182308955605
0.506753376688 -0.437649022505 -0.184334236326
0.507753876938 -0.440113519532 -0.186369332794
0.508754377189 -0.442566897092 -0.188414215036
0.509754877439 -0.445008989569 -0.190468852398
0.510755377689 -0.447439631549 -0.192533213539
0.511755877939 -0.449858657824 -0.194607266425
0.512756378189 -0.452265903409 -0.196690978333
0.513756878439 -0.454661203546 -0.198784315839
0.514757378689 -0.457044393715 -0.200887244820
0.515757878939 -0.459415309643 -0.202999730449
0.516758379190 -0.461773787314 -0.205121737192
0.517758879440 -0.464119662976 -0.207253228804
0.518759379690 -0.466452773154 -0.209394168324
0.519759879940 -0.468772954656 -0.211544518075
0.520760380190 -0.471080044583 -0.213704239657
0.521760880440 -0.473373880340 -0.215873293947
0.522761380690 -0.475654299642 -0.218051641092
0.523761880940 -0.477921140527 -0.220239240507
0.524762381191 -0.480174241362 -0.222436050873
0.525762881441 -0.482413440855 -0.224642030130
0.526763381691 -0.484638578060 -0.226857135477
0.527763881941 -0.486849492394 -0.229081323367
0.528764382191 -0.489046023636 -0.231314549502
0.529764882441 -0.491228011944 -0.233556768832
0.530765382691 -0.493395297863 -0.235807935550
0.531765882941 -0.495547722330 -0.238068003088
0.532766383192 -0.497685126687 -0.240336924116
0.533766883442 -0.499807352691 -0.242614650535
0.534767383692 -0.501914242520 -0.244901133474
0.535767883942 -0.504005638782 -0.247196323290
0.536768384192 -0.506081384530 -0.249500169560
0.537768884442 -0.508141323262 -0.251812621079
0.538769384692 -0.510185298938 -0.254133625859
0.539769884942 -0.512213155986 -0.256463131119
0.540770385193 -0.514224739310 -0.258801083289
0.541770885443 -0.516219894301 -0.261147428001
0.542771385693 -0.518198466845 -0.263502110087
0.543771885943 -0.520160303333 -0.265865073575
0.544772386193 -0.522105250669 -0.268236261688
0.545772886443 -0.524033156280 -0.270615616836
0.546773386693 -0.525943868124 -0.273003080616
0.547773886943 -0.527837234700 -0.275398593804
0.548774387194 -0.529713105056 -0.277802096358
0.549774887444 -0.531571328800 -0.280213527408
0.550775387694 -0.533411756105 -0.282632825255
0.551775887944 -0.535234237723 -0.285059927367
0.552776388194 -0.537038624990 -0.287494770378
0.553776888444 -0.538824769835 -0.289937290078
0.554777388694 -0.540592524793 -0.292387421415
0.555777888944 -0.542341743010 -0.294845098489
0.556778389195 -0.544072278250 -0.297310254548
0.557778889445 -0.545783984912 -0.299782821987
0.558779389695 -0.547476718028 -0.302262732338
0.559779889945 -0.549150333282 -0.304749916275
0.560780390195 -0.550804687010 -0.307244303601
0.561780890445 -0.552439636215 -0.309745823254
0.562781390695 -0.554055038573 -0.312254403294
0.563781890945 -0.555650752443 -0.314769970905
0.564782391196 -0.557226636874 -0.317292452390
0.565782891446 -0.558782551614 -0.319821773166
0.566783391696 -0.560318357119 -0.322357857760
0.567783891946 -0.561833914564 -0.324900629809
0.568784392196 -0.563329085847 -0.327450012052
0.569784892446 -0.564803733600 -0.330005926327
0.570785392696 -0.566257721198 -0.332568293569
0.571785892946 -0.567690912768 -0.335137033803
0.572786393197 -0.569103173193 -0.337712066146
0.573786893447 -0.570494368128 -0.340293308796
0.574787393697 -0.571864364001 -0.342880679033
0.575787893947 -0.573213028025 -0.345474093214
0.576788394197 -0.574540228208 -0.348073466767
0.577788894447 -0.575845833357 -0.350678714191
0.578789394697 -0.577129713088 -0.353289749050
0.579789894947 -0.578391737839 -0.355906483968
0.580790395198 -0.579631778868 -0.358528830629
0.581790895448 -0.580849708273 -0.361156699767
0.582791395698 -0.582045398990 -0.363790001170
0.583791895948 -0.583218724808 -0.366428643667
0.584792396198 -0.584369560375 -0.369072535133
0.585792896448 -0.585497781203 -0.371721582479
0.586793396698 -0.586603263682 -0.374375691651
0.587793896948 -0.587685885083 -0.377034767624
0.588794397199 -0.588745523568 -0.379698714401
0.589794897449 -0.589782058198 -0.382367435006
0.590795397699 -0.590795368940 -0.385040831481
0.591795897949 -0.591785336677 -0.387718804885
0.592796398199 -0.592751843212 -0.390401255286
0.593796898449 -0.593694771279 -0.393088081758
0.594797398699 -0.594614004552 -0.395779182378
0.595797898949 -0.595509427648 -0.398474454222
0.596798399200 -0.596380926137 -0.401173793362
0.597798899450 -0.597228386552 -0.403877094859
0.598799399700 -0.598051696394 -0.406584252761
0.599799899950 -0.598850744139 -0.409295160099
0.600800400200 -0.599625419247 -0.412009708884
0.601800900450 -0.600375612169 -0.414727790100
0.602801400700 -0.601101214355 -0.417449293703
0.603801900950 -0.601802118262 -0.420174108616
0.604802401201 -0.602478217358 -0.422902122723
0.605802901451 -0.603129406133 -0.425633222869
0.606803401701 -0.603755580105 -0.428367294853
0.607803901951 -0.604356635826 -0.431104223423
0.608804402201 -0.604932470893 -0.433843892277
0.609804902451 -0.605482983950 -0.436586184054
0.610805402701 -0.606008074698 -0.439330980330
0.611805902951 -0.606507643902 -0.442078161618
0.612806403202 -0.606981593400 -0.444827607360
0.613806903452 -0.607429826103 -0.447579195925
0.614807403702 -0.607852246011 -0.450332804604
0.615807903952 -0.608248758213 -0.453088309607
0.616808404202 -0.608619268898 -0.455845586057
0.617808904452 -0.608963685358 -0.458604507987
0.618809404702 -0.609281915999 -0.461364948338
0.619809904952 -0.609573870346 -0.464126778950
0.620810405203 -0.609839459046 -0.466889870562
0.621810905453 -0.610078593882 -0.469654092808
0.622811405703 -0.610291187773 -0.472419314210
0.623811905953 -0.610477154783 -0.475185402174
0.624812406203 -0.610636410127 -0.477952222990
0.625812906453 -0.610768870181 -0.480719641824
0.626813406703 -0.610874452481 -0.483487522714
0.627813906953 -0.610953075735 -0.486255728569
0.628814407204 -0.611004659830 -0.489024121159
0.629814907454 -0.611029125832 -0.491792561117
0.630815407704 -0.611026396000 -0.494560907933
0.631815907954 -0.610996393785 -0.497329019946
0.632816408204 -0.610939043841 -0.500096754347
0.633816908454 -0.610854272029 -0.502863967167
0.634817408704 -0.610742005423 -0.505630513278
0.635817908954 -0.610602172317 -0.508396246387
0.636818409205 -0.610434702228 -0.511161019033
0.637818909455 -0.610239525906 -0.513924682581
0.638819409705 -0.610016575336 -0.516687087219
0.639819909955 -0.609765783746 -0.519448081952
0.640820410205 -0.609487085611 -0.522207514602
0.641820910455 -0.609180416661 -0.524965231798
0.642821410705 -0.608845713882 -0.527721078976
0.643821910955 -0.608482915526 -0.530474900374
0.644822411206 -0.608091961116 -0.533226539027
0.645822911456 -0.607672791449 -0.535975836761
0.646823411706 -0.607225348601 -0.538722634193
0.647823911956 -0.606749575936 -0.541466770723
0.648824412206 -0.606245418107 -0.544208084531
0.649824912456 -0.605712821063 -0.546946412575
0.650825412706 -0.605151732056 -0.549681590580
0.651825912956 -0.604562099642 -0.552413453043
0.652826413207 -0.603943873687 -0.555141833221
0.653826913457 -0.603297005376 -0.557866563130
0.654827413707 -0.602621447211 -0.560587473540
0.655827913957 -0.601917153023 -0.563304393972
0.656828414207 -0.601184077971 -0.566017152691
0.657828914457 -0.600422178547 -0.568725576705
0.658829414707 -0.599631412586 -0.571429491757
0.659829914957 -0.598811739265 -0.574128722324
0.660830415208 -0.597963119109 -0.576823091610
0.661830915458 -0.597085513997 -0.579512421544
0.662831415708 -0.596178887162 -0.582196532774
0.663831915958 -0.595243203203 -0.584875244661
0.664832416208 -0.594278428080 -0.587548375279
0.665832916458 -0.593284529125 -0.590215741409
0.666833416708 -0.592261475044 -0.592877158531
0.667833916958 -0.591209235920 -0.595532440825
0.668834417209 -0.590127783218 -0.598181401161
0.669834917459 -0.589017089788 -0.600823851102
0.670835417709 -0.587877129871 -0.603459600891
0.671835917959 -0.586707879099 -0.606088459454
0.672836418209 -0.585509314503 -0.608710234390
0.673836918459 -0.584281414514 -0.611324731970
0.674837418709 -0.583024158966 -0.613931757131
0.675837918959 -0.581737529103 -0.616531113473
0.676838419210 -0.580421507579 -0.619122603253
0.677838919460 -0.579076078461 -0.621706027379
0.678839419710 -0.577701227236 -0.624281185412
0.679839919960 -0.576296940812 -0.626847875553
0.680840420210 -0.574863207519 -0.629405894645
0.681840920460 -0.573400017116 -0.631955038166
0.682841420710 -0.571907360794 -0.634495100223
0.683841920960 -0.570385231174 -0.637025873550
0.684842421211 -0.568833622316 -0.639547149505
0.685842921461 -0.567252529717 -0.642058718060
0.686843421711 -0.565641950319 -0.644560367800
0.687843921961 -0.564001882505 -0.647051885920
0.688844422211 -0.562332326108 -0.649533058218
0.689844922461 -0.560633282411 -0.652003669088
0.690845422711 -0.558904754146 -0.654463501523
0.691845922961 -0.557146745503 -0.656912337104
0.692846423212 -0.555359262130 -0.659349955996
0.693846923462 -0.553542311131 -0.661776136947
0.694847423712 -0.551695901073 -0.664190657279
0.695847923962 -0.549820041989 -0.666593292889
0.696848424212 -0.547914745376 -0.668983818238
0.697848924462 -0.545980024199 -0.671362006350
0.698849424712 -0.544015892894 -0.673727628809
0.699849924962 -0.542022367367 -0.676080455750
0.700850425213 -0.539999464999 -0.678420255857
0.701850925463 -0.537947204646 -0.680746796359
0.702851425713 -0.535865606642 -0.683059843024
0.703851925963 -0.533754692797 -0.685359160156
0.704852426213 -0.531614486405 -0.687644510586
0.705852926463 -0.529445012238 -0.689915655675
0.706853426713 -0.527246296554 -0.692172355301
0.707853926963 -0.525018367092 -0.694414367860
0.708854427214 -0.522761253079 -0.696641450261
0.709854927464 -0.520474985228 -0.698853357917
0.710855427714 -0.518159595741 -0.701049844746
0.711855927964 -0.515815118307 -0.703230663161
0.712856428214 -0.513441588105 -0.705395564071
0.713856928464 -0.511039041805 -0.707544296871
0.714857428714 -0.508607517571 -0.709676609440
0.715857928964 -0.506147055054 -0.711792248136
0.716858429215 -0.503657695402 -0.713890957793
0.717858929465 -0.501139481256 -0.715972481710
0.718859429715 -0.498592456750 -0.718036561656
0.719859929965 -0.496016667512 -0.720082937856
0.720860430215 -0.493412160666 -0.722111348992
0.721860930465 -0.490778984830 -0.724121532197
0.722861430715 -0.488117190119 -0.726113223048
0.723861930965 -0.485426828142 -0.728086155565
0.724862431216 -0.482707952003 -0.730040062204
0.725862931466 -0.479960616304 -0.731974673852
0.726863431716 -0.477184877141 -0.733889719822
0.727863931966 -0.474380792104 -0.735784927850
0.728864432216 -0.471548420281 -0.737660024089
0.729864932466 -0.468687822253 -0.739514733106
0.730865432716 -0.465799060096 -0.741348777872
0.731865932966 -0.462882197379 -0.743161879765
0.732866433217 -0.459937299166 -0.744953758558
0.733866933467 -0.456964432014 -0.746724132419
0.734867433717 -0.453963663970 -0.748472717904
0.735867933967 -0.450935064576 -0.750199229951
0.736868434217 -0.447878704862 -0.751903381879
0.737868934467 -0.444794657349 -0.753584885381
0.738869434717 -0.441682996046 -0.755243450517
0.739869934967 -0.438543796452 -0.756878785714
0.740870435218 -0.435377135549 -0.758490597755
0.741870935468 -0.432183091809 -0.760078591780
0.742871435718 -0.428961745186 -0.761642471279
0.743871935968 -0.425713177115 -0.763181938086
0.744872436218 -0.422437470517 -0.764696692374
0.745872936468 -0.419134709790 -0.766186432653
0.746873436718 -0.415804980810 -0.767650855761
0.747873936968 -0.412448370933 -0.769089656863
0.748874437219 -0.409064968988 -0.770502529444
0.749874937469 -0.405654865278 -0.771889165304
0.750875437719 -0.402218151577 -0.773249254554
0.751875937969 -0.398754921129 -0.774582485610
0.752876438219 -0.395265268645 -0.775888545189
0.753876938469 -0.391749290304 -0.777167118304
0.754877438719 -0.388207083746 -0.778417888259
0.755877938969 -0.384638748072 -0.779640536644
0.756878439220 -0.381044383843 -0.780834743328
0.757878939470 -0.377424093078 -0.782000186459
0.758879439720 -0.373777979246 -0.783136542454
0.759879939970 -0.370106147271 -0.784243485996
0.760880440220 -0.366408703525 -0.785320690031
0.761880940470 -0.362685755825 -0.786367825758
0.762881440720 -0.358937413433 -0.787384562630
0.763881940970 -0.355163787052 -0.788370568344
0.764882441221 -0.351364988822 -0.789325508840
0.765882941471 -0.347541132317 -0.790249048293
0.766883441721 -0.343692332544 -0.791140849109
0.767883941971 -0.339818705938 -0.792000571919
0.768884442221 -0.335920370360 -0.792827875579
0.769884942471 -0.331997445094 -0.793622417156
0.770885442721 -0.328050050841 -0.794383851931
0.771885942971 -0.324078309718 -0.795111833390
0.772886443222 -0.320082345255 -0.795806013220
0.773886943472 -0.316062282390 -0.796466041305
0.774887443722 -0.312018247464 -0.797091565718
0.775887943972 -0.307950368222 -0.797682232718
0.776888444222 -0.303858773805 -0.798237686746
0.777888944472 -0.299743594746 -0.798757570416
0.778889444722 -0.295604962969 -0.799241524516
0.779889944972 -0.291443011784 -0.799689187995
0.780890445223 -0.287257875881 -0.800100197967
0.781890945473 -0.283049691329 -0.800474189697
0.782891445723 -0.278818595568 -0.800810796603
0.783891945973 -0.274564727409 -0.801109650246
0.784892446223 -0.270288227024 -0.801370380328
0.785892946473 -0.265989235950 -0.801592614684
0.786893446723 -0.261667897075 -0.801775979282
0.787893946973 -0.257324354640 -0.801920098211
0.788894447224 -0.252958754231 -0.802024593680
0.789894947474 -0.248571242778 -0.802089086013
0.790895447724 -0.244161968544 -0.802113193643
0.791895947974 -0.239731081128 -0.802096533105
0.792896448224 -0.235278731452 -0.802038719035
0.793896948474 -0.230805071763 -0.801939364161
0.794897448724 -0.226310255623 -0.801798079299
0.795897948974 -0.221794437907 -0.801614473349
0.796898449225 -0.217257774794 -0.801388153288
0.797898949475 -0.212700423766 -0.801118724166
0.798899449725 -0.208122543603 -0.800805789101
0.799899949975 -0.203524294370 -0.800448949272
0.800900450225 -0.198905837422 -0.800047803916
0.801900950475 -0.194267335389 -0.799601950322
0.802901450725 -0.189608952180 -0.799110983824
0.803901950975 -0.184930852965 -0.798574497798
0.804902451226 -0.180233204183 -0.797992083658
0.805902951476 -0.175516173525 -0.797363330846
0.806903451726 -0.170779929933 -0.796687826830
0.807903951976 -0.166024643595 -0.795965157100
0.808904452226 -0.161250485936 -0.795194905159
0.809904952476 -0.156457629613 -0.794376652521
0.810905452726 -0.151646248511 -0.793509978705
0.811905952976 -0.146816517732 -0.792594461227
0.812906453227 -0.141968613594 -0.791629675598
0.813906953477 -0.137102713621 -0.790615195318
0.814907453727 -0.132218996537 -0.789550591870
0.815907953977 -0.127317642260 -0.788435434714
0.816908454227 -0.122398831897 -0.787269291285
0.817908954477 -0.117462747736 -0.786051726982
0.818909454727 -0.112509573236 -0.784782305168
0.819909954977 -0.107539493026 -0.783460587163
0.820910455228 -0.102552692895 -0.782086132236
0.821910955478 -0.097549359786 -0.780658497605
0.822911455728 -0.092529681787 -0.779177238426
0.823911955978 -0.087493848127 -0.777641907791
0.824912456228 -0.082442049166 -0.776052056723
0.825912956478 -0.077374476391 -0.774407234167
0.826913456728 -0.072291322404 -0.772706986989
0.827913956978 -0.067192780922 -0.770950859969
0.828914457229 -0.062079046761 -0.769138395793
0.829914957479 -0.056950315836 -0.767269135053
0.830915457729 -0.051806785147 -0.765342616235
0.831915957979 -0.046648652778 -0.763358375719
0.832916458229 -0.041476117885 -0.761315947773
0.833916958479 -0.036289380689 -0.759214864543
0.834917458729 -0.031088642470 -0.757054656054
0.835917958979 -0.025874105555 -0.754834850199
0.836918459230 -0.020645973316 -0.752554972736
0.837918959480 -0.015404450159 -0.750214547284
0.838919459730 -0.010149741514 -0.747813095316
0.839919959980 -0.004882053830 -0.745350136151
0.840920460230 0.000398405432 -0.742825186954
0.841920960480 0.005691427813 -0.740237762726
0.842921460730 0.010996803857 -0.737587376300
0.843921960980 0.016314323124 -0.734873538337
0.844922461231 0.021643774199 -0.732095757318
0.845922961481 0.026984944695 -0.729253539539
0.846923461731 0.032337621267 -0.726346389108
0.847923961981 0.037701589619 -0.723373807937
0.848924462231 0.043076634510 -0.720335295735
0.849924962481 0.048462539766 -0.717230350008
0.850925462731 0.053859088288 -0.714058466048
0.851925962981 0.059266062060 -0.710819136929
0.852926463232 0.064683242155 -0.707511853504
0.853926963482 0.070110408751 -0.704136104395
0.854927463732 0.075547341133 -0.700691375992
0.855927963982 0.080993817705 -0.697177152445
0.856928464232 0.086449616000 -0.693592915657
0.857928964482 0.091914512687 -0.689938145281
0.858929464732 0.097388283579 -0.686212318716
0.859929964982 0.102870703648 -0.682414911095
0.860930465233 0.108361547028 -0.678545395285
0.861930965483 0.113860587026 -0.674603241882
0.862931465733 0.119367596132 -0.670587919200
0.863931965983 0.124882346031 -0.666498893271
0.864932466233 0.130404607606 -0.662335627834
0.865932966483 0.135934150955 -0.658097584337
0.866933466733 0.141470745394 -0.653784221921
0.867933966983 0.147014159470 -0.649394997426
0.868934467234 0.152564160971 -0.644929365374
0.869934967484 0.158120516935 -0.640386777974
0.870935467734 0.163682993658 -0.635766685106
0.871935967984 0.169251356706 -0.631068534325
0.872936468234 0.174825370925 -0.626291770848
0.873936968484 0.180404800448 -0.621435837552
0.874937468734 0.185989408710 -0.616500174967
0.875937968984 0.191578958452 -0.611484221272
0.876938469235 0.197173211736 -0.606387412288
0.877938969485 0.202771929952 -0.601209181471
0.878939469735 0.208374873830 -0.595948959909
0.879939969985 0.213981803448 -0.590606176314
0.880940470235 0.219592478244 -0.585180257018
0.881940970485 0.225206657029 -0.579670625966
0.882941470735 0.230824097988 -0.574076704712
0.883941970985 0.236444558703 -0.568397912412
0.884942471236 0.242067796151 -0.562633665816
0.885942971486 0.247693566725 -0.556783379267
0.886943471736 0.253321626238 -0.550846464693
0.887943971986 0.258951729933 -0.544822331600
0.888944472236 0.264583632500 -0.538710387067
0.889944972486 0.270217088080 -0.532510035741
0.890945472736 0.275851850277 -0.526220679832
0.891945972986 0.281487672173 -0.519841719105
0.892946473237 0.287124306333 -0.513372550875
0.893946973487 0.292761504819 -0.506812570002
0.894947473737 0.298399019199 -0.500161168884
0.895947973987 0.304036600561 -0.493417737453
0.896948474237 0.309673999519 -0.486581663166
0.897948974487 0.315310966230 -0.479652331004
0.898949474737 0.320947250397 -0.472629123460
0.899949974987 0.326582601290 -0.465511420539
0.900950475238 0.332216767747 -0.458298599750
0.901950975488 0.337849498191 -0.450990036098
0.902951475738 0.343480540641 -0.443585102081
0.903951975988 0.349109642720 -0.436083167683
0.904952476238 0.354736551669 -0.428483600369
0.905952976488 0.360361014358 -0.420785765077
0.906953476738 0.365982777293 -0.412989024215
0.907953976988 0.371601586635 -0.405092737652
0.908954477239 0.377217188203 -0.397096262716
0.909954977489 0.382829327493 -0.388998954184
0.910955477739 0.388437749682 -0.380800164278
0.911955977989 0.394042199644 -0.372499242661
0.912956478239 0.399642421963 -0.364095536427
0.913956978489 0.405238160938 -0.355588390099
0.914957478739 0.410829160599 -0.346977145619
0.915957978989 0.416415164721 -0.338261142348
0.916958479240 0.421995916828 -0.329439717052
0.917958979490 0.427571160212 -0.320512203904
0.918959479740 0.433140637939 -0.311477934474
0.919959979990 0.438704092863 -0.302336237722
0.920960480240 0.444261267641 -0.293086439996
0.921960980490 0.449811904737 -0.283727865020
0.922961480740 0.455355746440 -0.274259833897
0.923961980990 0.460892534874 -0.264681665092
0.924962481241 0.466422012009 -0.254992674437
0.925962981491 0.471943919671 -0.245192175116
0.926963481741 0.477457999560 -0.235279477664
0.927963981991 0.482963993253 -0.225253889960
0.928964482241 0.488461642225 -0.215114717222
0.929964982491 0.493950687853 -0.204861261996
0.930965482741 0.499430871432 -0.194492824157
0.931965982991 0.504901934187 -0.184008700900
0.932966483242 0.510363617283 -0.173408186730
0.933966983492 0.515815661838 -0.162690573464
0.934967483742 0.521257808935 -0.151855150217
0.935967983992 0.526689799633 -0.140901203402
0.936968484242 0.532111374982 -0.129828016720
0.937968984492 0.537522276029 -0.118634871155
0.938969484742 0.542922243837 -0.107321044971
0.939969984992 0.548311019491 -0.095885813700
0.940970485243 0.553688344115 -0.084328450141
0.941970985493 0.559053958881 -0.072648224352
0.942971485743 0.564407605021 -0.060844403642
0.943971985993 0.569749023841 -0.048916252569
0.944972486243 0.575077956731 -0.036863032932
0.945972986493 0.580394145179 -0.024684003763
0.946973486743 0.585697330781 -0.012378421323
0.947973986993 0.590987255256 0.000054460904
0.948974487244 0.596263660456 0.012615392218
0.949974987494 0.601526288377 0.025305124709
0.950975487744 0.606774881175 0.038124413264
0.951975987994 0.612009181173 0.051074015570
0.952976488244 0.617228930879 0.064154692125
0.953976988494 0.622433872995 0.077367206239
0.954977488744 0.627623750426 0.090712324044
0.955977988994 0.632798306300 0.104190814498
0.956978489245 0.637957283974 0.117803449394
0.957978989495 0.643100427047 0.131551003363
0.958979489745 0.648227479375 0.145434253880
0.959979989995 0.653338185080 0.159453981274
0.960980490245 0.658432288565 0.173610968730
0.961980990495 0.663509534523 0.187906002299
0.962981490745 0.668569667953 0.202339870900
0.963981990995 0.673612434169 0.216913366331
0.964982491246 0.678637578815 0.231627283269
0.965982991496 0.683644847875 0.246482419285
0.966983491746 0.688633987685 0.261479574840
0.967983991996 0.693604744948 0.276619553301
0.968984492246 0.698556866742 0.291903160940
0.969984992496 0.703490100539 0.307331206943
0.970985492746 0.708404194208 0.322904503417
0.971985992996 0.713298896035 0.338623865397
0.972986493247 0.718173954732 0.354490110847
0.973986993497 0.723029119449 0.370504060674
0.974987493747 0.727864139787 0.386666538727
0.975987993997 0.732678765811 0.402978371810
0.976988494247 0.737472748059 0.419440389683
0.977988994497 0.742245837559 0.436053425070
0.978989494747 0.746997785836 0.452818313667
0.979989994997 0.751728344930 0.469735894145
0.980990495248 0.756437267401 0.486807008161
0.981990995498 0.761124306348 0.504032500359
0.982991495748 0.765789215417 0.521413218381
0.983991995998 0.770431748815 0.538950012869
0.984992496248 0.775051661323 0.556643737476
0.985992996498 0.779648708303 0.574495248869
0.986993496748 0.784222645716 0.592505406736
0.987993996998 0.788773230134 0.610675073794
0.988994497249 0.793300218746 0.629005115792
0.989994997499 0.797803369377 0.647496401521
0.990995497749 0.802282440496 0.666149802819
0.991995997999 0.806737191229 0.684966194578
0.992996498249 0.811167381373 0.703946454748
0.993996998499 0.815572771403 0.723091464345
0.994997498749 0.819953122492 0.742402107459
0.995997998999 0.824308196514 0.761879271259
0.996998499250 0.828637756062 0.781523845999
0.997998999500 0.832941564460 0.801336725024
0.998999499750 0.837219385769 0.821318804777
1.000000000000 0.841470984808 0.841470984808
