-1.000000000000 -0.841470984808
-0.888888888889 -0.881692266360
-0.777777777778 -0.527499624447
-0.666666666667 -0.031453353467
-0.555555555556 0.336627668298
-0.444444444444 0.433563709832
-0.333333333333 0.296217005003
-0.222222222222 0.085771999271
-0.111111111111 -0.033033838251
0.000000000000 0.000000000000
0.111111111111 0.110211533295
0.222222222222 0.150714178414
0.333333333333 0.015726676734
0.444444444444 -0.269302134639
0.555555555556 -0.541954637290
0.666666666667 -0.592434010006
0.777777777778 -0.300201997447
0.888888888889 0.264270706010
1.000000000000 0.841470984808
