-1.000000000000 -0.841470984808 -0.841470984808
-0.998999499750 -0.844005580176 -0.844005619566
-0.997998999500 -0.846500092589 -0.846500168597
-0.996998499250 -0.848954490407 -0.848954600390
-0.995997998999 -0.851368743841 -0.851368885278
-0.994997498749 -0.853742824947 -0.853742995438
-0.993996998499 -0.856076707627 -0.856076904886
-0.992996498249 -0.858370367629 -0.858370589479
-0.991995997999 -0.860623782541 -0.860624026911
-0.990995497749 -0.862836931791 -0.862837196714
-0.989994997499 -0.865009796646 -0.865010080254
-0.988994497249 -0.867142360211 -0.867142660727
-0.987993996998 -0.869234607423 -0.869234923165
-0.986993496748 -0.871286525052 -0.871286854422
-0.985992996498 -0.873298101700 -0.873298443186
-0.984992496248 -0.875269327793 -0.875269679964
-0.983991995998 -0.877200195585 -0.877200557086
-0.982991495748 -0.879090699152 -0.879091068705
-0.981990995498 -0.880940834392 -0.880941210788
-0.980990495248 -0.882750599017 -0.882750981117
-0.979989994997 -0.884519992559 -0.884520379288
-0.978989494747 -0.886249016356 -0.886249406706
-0.977988994497 -0.887937673562 -0.887938066581
-0.976988494247 -0.889585969132 -0.889586363929
-0.975987993997 -0.891193909828 -0.891194305566
-0.974987493747 -0.892761504210 -0.892761900105
-0.973986993497 -0.894288762635 -0.894289157956
-0.972986493247 -0.895775697256 -0.895776091319
-0.971985992996 -0.897222322014 -0.897222714182
-0.970985492746 -0.898628652639 -0.898629042319
-0.969984992496 -0.899994706643 -0.899995093285
-0.968984492246 -0.901320503319 -0.901320886413
-0.967983991996 -0.902606063735 -0.902606442811
-0.966983491746 -0.903851410733 -0.903851785356
-0.965982991496 -0.905056568922 -0.905056938695
-0.964982491246 -0.906221564679 -0.906221929236
-0.963981990995 -0.907346426137 -0.907346785146
-0.962981490745 -0.908431183191 -0.908431536349
-0.961980990495 -0.909475867485 -0.909476214520
-0.960980490245 -0.910480512414 -0.910480853078
-0.959979989995 -0.911445153115 -0.911445487189
-0.958979489745 -0.912369826466 -0.912370153755
-0.957978989495 -0.913254571081 -0.913254891414
-0.956978489245 -0.914099427305 -0.914099740532
-0.955977988994 -0.914904437207 -0.914904743201
-0.954977488744 -0.915669644582 -0.915669943234
-0.953976988494 -0.916395094938 -0.916395386159
-0.952976488244 -0.917080835497 -0.917081119217
-0.951975987994 -0.917726915189 -0.917727191354
-0.950975487744 -0.918333384645 -0.918333653216
-0.949974987494 -0.918900296195 -0.918900557148
-0.948974487244 -0.919427703861 -0.919427957187
-0.947973986993 -0.919915663351 -0.919915909053
-0.946973486743 -0.920364232056 -0.920364470151
-0.945972986493 -0.920773469043 -0.920773699558
-0.944972486243 -0.921143435051 -0.921143658026
-0.943971985993 -0.921474192485 -0.921474407967
-0.942971485743 -0.921765805410 -0.921766013458
-0.941970985493 -0.922018339546 -0.922018540226
-0.940970485243 -0.922231862261 -0.922232055649
-0.939969984992 -0.922406442568 -0.922406628745
-0.938969484742 -0.922542151118 -0.922542330173
-0.937968984492 -0.922639060190 -0.922639232221
-0.936968484242 -0.922697243694 -0.922697408800
-0.935967983992 -0.922716777157 -0.922716935446
-0.934967483742 -0.922697737720 -0.922697889303
-0.933966983492 -0.922640204131 -0.922640349124
-0.932966483242 -0.922544256742 -0.922544395265
-0.931965982991 -0.922409977498 -0.922410109674
-0.930965482741 -0.922237449932 -0.922237575889
-0.929964982491 -0.922026759163 -0.922026879030
-0.928964482241 -0.921777991884 -0.921778105791
-0.927963981991 -0.921491236356 -0.921491344438
-0.926963481741 -0.921166582405 -0.921166684797
-0.925962981491 -0.920804121413 -0.920804218252
-0.924962481241 -0.920403946311 -0.920404037736
-0.923961980990 -0.919966151573 -0.919966237722
-0.922961480740 -0.919490833209 -0.919490914222
-0.921960980490 -0.918978088759 -0.918978164775
-0.920960480240 -0.918428017282 -0.918428088442
-0.919959979990 -0.917840719356 -0.917840785799
-0.918959479740 -0.917216297065 -0.917216358930
-0.917958979490 -0.916554853992 -0.916554911419
-0.916958479240 -0.915856495217 -0.915856548345
-0.915957978989 -0.915121327305 -0.915121376270
-0.914957478739 -0.914349458298 -0.914349503238
-0.913956978489 -0.913540997713 -0.913541038762
-0.912956478239 -0.912696056528 -0.912696093822
-0.911955977989 -0.911814747181 -0.911814780851
-0.910955477739 -0.910897183555 -0.910897213733
-0.909954977489 -0.909943480978 -0.909943507793
-0.908954477239 -0.908953756210 -0.908953779790
-0.907953976988 -0.907928127437 -0.907928147908
-0.906953476738 -0.906866714264 -0.906866731750
-0.905952976488 -0.905769637705 -0.905769652329
-0.904952476238 -0.904637020179 -0.904637032060
-0.903951975988 -0.903468985496 -0.903468994753
-0.902951475738 -0.902265658856 -0.902265665605
-0.901950975488 -0.901027166835 -0.901027171188
-0.900950475238 -0.899753637381 -0.899753639450
-0.899949974987 -0.898445199801 -0.898445199695
-0.898949474737 -0.897101984761 -0.897101982586
-0.897948974487 -0.895724124267 -0.895724120128
-0.896948474237 -0.894311751667 -0.894311745665
-0.895947973987 -0.892865001634 -0.892864993869
-0.894947473737 -0.891384010164 -0.891384000734
-0.893946973487 -0.889868914565 -0.889868903563
-0.892946473237 -0.888319853446 -0.888319840965
-0.891945972986 -0.886736966714 -0.886736952843
-0.890945472736 -0.885120395559 -0.885120380385
-0.889944972486 -0.883470282452 -0.883470266060
-0.888944472236 -0.881786771128 -0.881786753601
-0.887943971986 -0.880070006588 -0.880069988005
-0.886943471736 -0.878320135078 -0.878320115517
-0.885942971486 -0.876537304092 -0.876537283627
-0.884942471236 -0.874721662352 -0.874721641057
-0.883941970985 -0.872873359808 -0.872873337753
-0.882941470735 -0.870992547624 -0.870992524877
-0.881940970485 -0.869079378171 -0.869079354798
-0.880940470235 -0.867134005017 -0.867133981080
-0.879939969985 -0.865156582916 -0.865156558478
-0.878939469735 -0.863147267805 -0.863147242923
-0.877938969485 -0.861106216786 -0.861106191518
-0.876938469235 -0.859033588125 -0.859033562525
-0.875937968984 -0.856929541237 -0.856929515358
-0.874937468734 -0.854794236679 -0.854794210570
-0.873936968484 -0.852627836140 -0.852627809851
-0.872936468234 -0.850430502434 -0.850430476010
-0.871935967984 -0.848202399485 -0.848202372970
-0.870935467734 -0.845943692322 -0.845943665759
-0.869934967484 -0.843654547070 -0.843654520498
-0.868934467234 -0.841335130935 -0.841335104394
-0.867933966983 -0.838985612203 -0.838985585728
-0.866933466733 -0.836606160220 -0.836606133847
-0.865932966483 -0.834196945391 -0.834196919152
-0.864932466233 -0.831758139166 -0.831758113093
-0.863931965983 -0.829289914030 -0.829289888153
-0.862931465733 -0.826792443496 -0.826792417842
-0.861930965483 -0.824265902092 -0.824265876688
-0.860930465233 -0.821710465353 -0.821710440224
-0.859929964982 -0.819126309811 -0.819126284980
-0.858929464732 -0.816513612983 -0.816513588472
-0.857928964482 -0.813872553365 -0.813872529194
-0.856928464232 -0.811203310417 -0.811203286605
-0.855927963982 -0.808506064558 -0.808506041122
-0.854927463732 -0.805780997150 -0.805780974108
-0.853926963482 -0.803028290495 -0.803028267861
-0.852926463232 -0.800248127820 -0.800248105608
-0.851925962981 -0.797440693265 -0.797440671488
-0.850925462731 -0.794606171881 -0.794606150550
-0.849924962481 -0.791744749610 -0.791744728736
-0.848924462231 -0.788856613282 -0.788856592874
-0.847923961981 -0.785941950600 -0.785941930666
-0.846923461731 -0.783000950132 -0.783000930680
-0.845922961481 -0.780033801302 -0.780033782337
-0.844922461231 -0.777040694376 -0.777040675904
-0.843921960980 -0.774021820454 -0.774021802480
-0.842921460730 -0.770977371459 -0.770977353986
-0.841920960480 -0.767907540127 -0.767907523158
-0.840920460230 -0.764812519996 -0.764812503532
-0.839919959980 -0.761692505394 -0.761692489438
-0.838919459730 -0.758547691433 -0.758547675984
-0.837918959480 -0.755378273993 -0.755378259052
-0.836918459230 -0.752184449716 -0.752184435281
-0.835917958979 -0.748966415991 -0.748966402061
-0.834917458729 -0.745724370948 -0.745724357521
-0.833916958479 -0.742458513444 -0.742458500517
-0.832916458229 -0.739169043053 -0.739169030623
-0.831915957979 -0.735856160058 -0.735856148121
-0.830915457729 -0.732520065435 -0.732520053987
-0.829914957479 -0.729160960847 -0.729160949884
-0.828914457229 -0.725779048633 -0.725779038149
-0.827913956978 -0.722374531793 -0.722374521783
-0.826913456728 -0.718947613983 -0.718947604441
-0.825912956478 -0.715498499499 -0.715498490418
-0.824912456228 -0.712027393270 -0.712027384644
-0.823911955978 -0.708534500845 -0.708534492667
-0.822911455728 -0.705020028384 -0.705020020647
-0.821910955478 -0.701484182645 -0.701484175342
-0.820910455228 -0.697927170975 -0.697927164097
-0.819909954977 -0.694349201298 -0.694349194838
-0.818909454727 -0.690750482104 -0.690750476054
-0.817908954477 -0.687131222440 -0.687131216791
-0.816908454227 -0.683491631897 -0.683491626640
-0.815907953977 -0.679831920599 -0.679831915726
-0.814907453727 -0.676152299194 -0.676152294696
-0.813906953477 -0.672452978841 -0.672452974710
-0.812906453227 -0.668734171202 -0.668734167427
-0.811905952976 -0.664996088425 -0.664996084999
-0.810905452726 -0.661238943142 -0.661238940054
-0.809904952476 -0.657462948450 -0.657462945692
-0.808904452226 -0.653668317904 -0.653668315466
-0.807903951976 -0.649855265505 -0.649855263378
-0.806903451726 -0.646024005690 -0.646024003864
-0.805902951476 -0.642174753318 -0.642174751784
-0.804902451226 -0.638307723663 -0.638307722412
-0.803901950975 -0.634423132402 -0.634423131424
-0.802901450725 -0.630521195601 -0.630521194887
-0.801900950475 -0.626602129707 -0.626602129248
-0.800900450225 -0.622666151537 -0.622666151324
-0.799899949975 -0.618713478265 -0.618713478289
-0.798899449725 -0.614744327413 -0.614744327664
-0.797898949475 -0.610758916839 -0.610758917308
-0.796898449225 -0.606757464724 -0.606757465402
-0.795897948974 -0.602740189567 -0.602740190445
-0.794897448724 -0.598707310166 -0.598707311237
-0.793896948474 -0.594659045614 -0.594659046868
-0.792896448224 -0.590595615284 -0.590595616712
-0.791895947974 -0.586517238818 -0.586517240411
-0.790895447724 -0.582424136118 -0.582424137869
-0.789894947474 -0.578316527334 -0.578316529235
-0.788894447224 -0.574194632852 -0.574194634895
-0.787893946973 -0.570058673286 -0.570058675462
-0.786893446723 -0.565908869463 -0.565908871765
-0.785892946473 -0.561745442414 -0.561745444834
-0.784892446223 -0.557568613365 -0.557568615895
-0.783891945973 -0.553378603720 -0.553378606354
-0.782891445723 -0.549175635059 -0.549175637789
-0.781890945473 -0.544959929119 -0.544959931938
-0.780890445223 -0.540731707785 -0.540731710686
-0.779889944972 -0.536491193084 -0.536491196061
-0.778889444722 -0.532238607167 -0.532238610212
-0.777888944472 -0.527974172301 -0.527974175409
-0.776888444222 -0.523698110862 -0.523698114026
-0.775887943972 -0.519410645315 -0.519410648529
-0.774887443722 -0.515111998214 -0.515112001472
-0.773886943472 -0.510802392181 -0.510802395478
-0.772886443222 -0.506482049903 -0.506482053233
-0.771885942971 -0.502151194115 -0.502151197473
-0.770885442721 -0.497810047596 -0.497810050976
-0.769884942471 -0.493458833149 -0.493458836546
-0.768884442221 -0.489097773600 -0.489097777010
-0.767883941971 -0.484727091779 -0.484727095197
-0.766883441721 -0.480347010516 -0.480347013936
-0.765882941471 -0.475957752623 -0.475957756042
-0.764882441221 -0.471559540891 -0.471559544304
-0.763881940970 -0.467152598072 -0.467152601476
-0.762881440720 -0.462737146875 -0.462737150265
-0.761880940470 -0.458313409949 -0.458313413322
-0.760880440220 -0.453881609877 -0.453881613229
-0.759879939970 -0.449441969163 -0.449441972491
-0.758879439720 -0.444994710222 -0.444994713522
-0.757878939470 -0.440540055368 -0.440540058638
-0.756878439220 -0.436078226808 -0.436078230044
-0.755877938969 -0.431609446624 -0.431609449823
-0.754877438719 -0.427133936768 -0.427133939928
-0.753876938469 -0.422651919051 -0.422651922169
-0.752876438219 -0.418163615129 -0.418163618203
-0.751875937969 -0.413669246498 -0.413669249525
-0.750875437719 -0.409169034477 -0.409169037456
-0.749874937469 -0.404663200204 -0.404663203131
-0.748874437219 -0.400151964618 -0.400151967493
-0.747873936968 -0.395635548457 -0.395635551278
-0.746873436718 -0.391114172243 -0.391114175008
-0.745872936468 -0.386588056270 -0.386588058978
-0.744872436218 -0.382057420597 -0.382057423246
-0.743871935968 -0.377522485038 -0.377522487627
-0.742871435718 -0.372983469148 -0.372983471676
-0.741870935468 -0.368440592216 -0.368440594681
-0.740870435218 -0.363894073253 -0.363894075655
-0.739869934967 -0.359344130983 -0.359344133321
-0.738869434717 -0.354790983832 -0.354790986106
-0.737868934467 -0.350234849920 -0.350234852128
-0.736868434217 -0.345675947045 -0.345675949188
-0.735867933967 -0.341114492681 -0.341114494758
-0.734867433717 -0.336550703961 -0.336550705971
-0.733866933467 -0.331984797672 -0.331984799615
-0.732866433217 -0.327416990240 -0.327416992117
-0.731865932966 -0.322847497726 -0.322847499536
-0.730865432716 -0.318276535811 -0.318276537554
-0.729864932466 -0.313704319787 -0.313704321464
-0.728864432216 -0.309131064552 -0.309131066161
-0.727863931966 -0.304556984591 -0.304556986134
-0.726863431716 -0.299982293975 -0.299982295452
-0.725862931466 -0.295407206347 -0.295407207759
-0.724862431216 -0.290831934913 -0.290831936259
-0.723861930965 -0.286256692430 -0.286256693712
-0.722861430715 -0.281681691202 -0.281681692420
-0.721860930465 -0.277107143065 -0.277107144219
-0.720860430215 -0.272533259379 -0.272533260470
-0.719859929965 -0.267960251020 -0.267960252048
-0.718859429715 -0.263388328367 -0.263388329334
-0.717858929465 -0.258817701298 -0.258817702205
-0.716858429215 -0.254248579174 -0.254248580021
-0.715857928964 -0.249681170836 -0.249681171624
-0.714857428714 -0.245115684589 -0.245115685320
-0.713856928464 -0.240552328200 -0.240552328873
-0.712856428214 -0.235991308881 -0.235991309499
-0.711855927964 -0.231432833287 -0.231432833850
-0.710855427714 -0.226877107501 -0.226877108010
-0.709854927464 -0.222324337029 -0.222324337485
-0.708854427214 -0.217774726788 -0.217774727192
-0.707853926963 -0.213228481098 -0.213228481452
-0.706853426713 -0.208685803673 -0.208685803978
-0.705852926463 -0.204146897614 -0.204146897871
-0.704852426213 -0.199611965395 -0.199611965605
-0.703851925963 -0.195081208859 -0.195081209023
-0.702851425713 -0.190554829206 -0.190554829326
-0.701850925463 -0.186033026987 -0.186033027064
-0.700850425213 -0.181516002093 -0.181516002128
-0.699849924962 -0.177003953746 -0.177003953740
-0.698849424712 -0.172497080492 -0.172497080447
-0.697848924462 -0.167995580192 -0.167995580109
-0.696848424212 -0.163499650013 -0.163499649892
-0.695847923962 -0.159009486417 -0.159009486261
-0.694847423712 -0.154525285158 -0.154525284967
-0.693846923462 -0.150047241268 -0.150047241045
-0.692846423212 -0.145575549054 -0.145575548799
-0.691845922961 -0.141110402084 -0.141110401799
-0.690845422711 -0.136651993183 -0.136651992868
-0.689844922461 -0.132200514421 -0.132200514078
-0.688844422211 -0.127756157109 -0.127756156739
-0.687843921961 -0.123319111788 -0.123319111393
-0.686843421711 -0.118889568221 -0.118889567802
-0.685842921461 -0.114467715387 -0.114467714944
-0.684842421211 -0.110053741469 -0.110053741005
-0.683841920960 -0.105647833851 -0.105647833366
-0.682841420710 -0.101250179107 -0.101250178603
-0.681840920460 -0.096860962993 -0.096860962470
-0.680840420210 -0.092480370440 -0.092480369900
-0.679839919960 -0.088108585546 -0.088108584990
-0.678839419710 -0.083745791570 -0.083745791000
-0.677838919460 -0.079392170922 -0.079392170338
-0.676838419210 -0.075047905155 -0.075047904558
-0.675837918959 -0.070713174960 -0.070713174351
-0.674837418709 -0.066388160156 -0.066388159537
-0.673836918459 -0.062073039686 -0.062073039057
-0.672836418209 -0.057767991604 -0.057767990967
-0.671835917959 -0.053473193074 -0.053473192429
-0.670835417709 -0.049188820358 -0.049188819707
-0.669834917459 -0.044915048811 -0.044915048154
-0.668834417209 -0.040652052874 -0.040652052212
-0.667833916958 -0.036400006064 -0.036400005398
-0.666833416708 -0.032159080972 -0.032159080303
-0.665832916458 -0.027929449250 -0.027929448579
-0.664832416208 -0.023711281611 -0.023711280939
-0.663831915958 -0.019504747815 -0.019504747142
-0.662831415708 -0.015310016667 -0.015310015995
-0.661830915458 -0.011127256008 -0.011127255338
-0.660830415208 -0.006956632711 -0.006956632042
-0.659829914957 -0.002798312669 -0.002798312003
-0.658829414707 0.001347539205 0.001347539868
-0.657828914457 0.005480758991 0.005480759650
-0.656828414207 0.009601183761 0.009601184416
-0.655827913957 0.013708651595 0.013708652245
-0.654827413707 0.017803001578 0.017803002222
-0.653826913457 0.021884073811 0.021884074449
-0.652826413207 0.025951709419 0.025951710049
-0.651825912956 0.030005750551 0.030005751174
-0.650825412706 0.034046040394 0.034046041009
-0.649824912456 0.038072423172 0.038072423779
-0.648824412206 0.042084744156 0.042084744754
-0.647823911956 0.046082849669 0.046082850258
-0.646823411706 0.050066587092 0.050066587671
-0.645822911456 0.054035804869 0.054035805438
-0.644822411206 0.057990352514 0.057990353072
-0.643821910955 0.061930080615 0.061930081162
-0.642821410705 0.065854840842 0.065854841378
-0.641820910455 0.069764485951 0.069764486476
-0.640820410205 0.073658869790 0.073658870303
-0.639819909955 0.077537847303 0.077537847804
-0.638819409705 0.081401274537 0.081401275026
-0.637818909455 0.085249008649 0.085249009125
-0.636818409205 0.089080907906 0.089080908370
-0.635817908954 0.092896831696 0.092896832147
-0.634817408704 0.096696640529 0.096696640966
-0.633816908454 0.100480196044 0.100480196468
-0.632816408204 0.104247361013 0.104247361424
-0.631815907954 0.107997999349 0.107997999746
-0.630815407704 0.111731976104 0.111731976489
-0.629814907454 0.115449157483 0.115449157854
-0.628814407204 0.119149410841 0.119149411199
-0.627813906953 0.122832604691 0.122832605035
-0.626813406703 0.126498608709 0.126498609039
-0.625812906453 0.130147293737 0.130147294053
-0.624812406203 0.133778531788 0.133778532091
-0.623811905953 0.137392196053 0.137392196342
-0.622811405703 0.140988160900 0.140988161175
-0.621810905453 0.144566301882 0.144566302144
-0.620810405203 0.148126495743 0.148126495991
-0.619809904952 0.151668620417 0.151668620652
-0.618809404702 0.155192555036 0.155192555257
-0.617808904452 0.158698179932 0.158698180140
-0.616808404202 0.162185376643 0.162185376838
-0.615807903952 0.165654027914 0.165654028096
-0.614807403702 0.169104017703 0.169104017873
-0.613806903452 0.172535231187 0.172535231343
-0.612806403202 0.175947554758 0.175947554902
-0.611805902951 0.179340876035 0.179340876167
-0.610805402701 0.182715083864 0.182715083983
-0.609804902451 0.186070068319 0.186070068426
-0.608804402201 0.189405720711 0.189405720806
-0.607803901951 0.192721933586 0.192721933670
-0.606803401701 0.196018600733 0.196018600806
-0.605802901451 0.199295617183 0.199295617244
-0.604802401201 0.202552879214 0.202552879264
-0.603801900950 0.205790284356 0.205790284395
-0.602801400700 0.209007731388 0.209007731417
-0.601800900450 0.212205120350 0.212205120369
-0.600800400200 0.215382352539 0.215382352546
-0.599799899950 0.218539330511 0.218539330509
-0.598799399700 0.221675958090 0.221675958079
-0.597798899450 0.224792140367 0.224792140346
-0.596798399200 0.227887783699 0.227887783669
-0.595797898949 0.230962795721 0.230962795682
-0.594797398699 0.234017085337 0.234017085289
-0.593796898449 0.237050562732 0.237050562676
-0.592796398199 0.240063139368 0.240063139305
-0.591795897949 0.243054727992 0.243054727920
-0.590795397699 0.246025242631 0.246025242552
-0.589794897449 0.248974598600 0.248974598514
-0.588794397199 0.251902712503 0.251902712410
-0.587793896948 0.254809502232 0.254809502132
-0.586793396698 0.257694886972 0.257694886866
-0.585792896448 0.260558787202 0.260558787089
-0.584792396198 0.263401124696 0.263401124578
-0.583791895948 0.266221822527 0.266221822403
-0.582791395698 0.269020805064 0.269020804934
-0.581790895448 0.271797997979 0.271797997844
-0.580790395198 0.274553328245 0.274553328105
-0.579789894947 0.277286724139 0.277286723995
-0.578789394697 0.279998115242 0.279998115094
-0.577788894447 0.282687432443 0.282687432290
-0.576788394197 0.285354607935 0.285354607779
-0.575787893947 0.287999575224 0.287999575064
-0.574787393697 0.290622269121 0.290622268958
-0.573786893447 0.293222625751 0.293222625585
-0.572786393197 0.295800582549 0.295800582380
-0.571785892946 0.298356078263 0.298356078092
-0.570785392696 0.300889052954 0.300889052781
-0.569784892446 0.303399447997 0.303399447822
-0.568784392196 0.305887206083 0.305887205906
-0.567783891946 0.308352271216 0.308352271038
-0.566783391696 0.310794588718 0.310794588538
-0.565782891446 0.313214105226 0.313214105045
-0.564782391196 0.315610768694 0.315610768512
-0.563781890945 0.317984528393 0.317984528211
-0.562781390695 0.320335334913 0.320335334730
-0.561780890445 0.322663140158 0.322663139975
-0.560780390195 0.324967897353 0.324967897170
-0.559779889945 0.327249561039 0.327249560856
-0.558779389695 0.329508087076 0.329508086894
-0.557778889445 0.331743432640 0.331743432458
-0.556778389195 0.333955556226 0.333955556045
-0.555777888944 0.336144417645 0.336144417465
-0.554777388694 0.338309978027 0.338309977848
-0.553776888444 0.340452199815 0.340452199638
-0.552776388194 0.342571046773 0.342571046597
-0.551775887944 0.344666483977 0.344666483802
-0.550775387694 0.346738477820 0.346738477647
-0.549774887444 0.348786996009 0.348786995838
-0.548774387194 0.350812007565 0.350812007396
-0.547773886943 0.352813482823 0.352813482657
-0.546773386693 0.354791393430 0.354791393265
-0.545772886443 0.356745712342 0.356745712180
-0.544772386193 0.358676413830 0.358676413670
-0.543771885943 0.360583473471 0.360583473314
-0.542771385693 0.362466868151 0.362466867997
-0.541770885443 0.364326576065 0.364326575914
-0.540770385193 0.366162576713 0.366162576565
-0.539769884942 0.367974850899 0.367974850754
-0.538769384692 0.369763380731 0.369763380589
-0.537768884442 0.371528149620 0.371528149481
-0.536768384192 0.373269142275 0.373269142140
-0.535767883942 0.374986344707 0.374986344575
-0.534767383692 0.376679744223 0.376679744094
-0.533766883442 0.378349329424 0.378349329299
-0.532766383192 0.379995090208 0.379995090087
-0.531765882941 0.381617017763 0.381617017645
-0.530765382691 0.383215104568 0.383215104454
-0.529764882441 0.384789344390 0.384789344280
-0.528764382191 0.386339732284 0.386339732177
-0.527763881941 0.387866264586 0.387866264483
-0.526763381691 0.389368938916 0.389368938817
-0.525762881441 0.390847754175 0.390847754079
-0.524762381191 0.392302710539 0.392302710448
-0.523761880940 0.393733809462 0.393733809374
-0.522761380690 0.395141053669 0.395141053585
-0.521760880440 0.396524447156 0.396524447077
-0.520760380190 0.397883995189 0.397883995113
-0.519759879940 0.399219704295 0.399219704223
-0.518759379690 0.400531582268 0.400531582201
-0.517758879440 0.401819638161 0.401819638097
-0.516758379190 0.403083882282 0.403083882222
-0.515757878939 0.404324326196 0.404324326140
-0.514757378689 0.405540982719 0.405540982667
-0.513756878439 0.406733865915 0.406733865867
-0.512756378189 0.407902991095 0.407902991050
-0.511755877939 0.409048374811 0.409048374770
-0.510755377689 0.410170034854 0.410170034817
-0.509754877439 0.411267990254 0.411267990221
-0.508754377189 0.412342261271 0.412342261241
-0.507753876938 0.413392869397 0.413392869371
-0.506753376688 0.414419837348 0.414419837325
-0.505752876438 0.415423189064 0.415423189045
-0.504752376188 0.416402949705 0.416402949690
-0.503751875938 0.417359145646 0.417359145634
-0.502751375688 0.418291804474 0.418291804465
-0.501750875438 0.419200954985 0.419200954979
-0.500750375188 0.420086627179 0.420086627177
-0.499749874937 0.420948852258 0.420948852259
-0.498749374687 0.421787662621 0.421787662625
-0.497748874437 0.422603091859 0.422603091866
-0.496748374187 0.423395174753 0.423395174763
-0.495747873937 0.424163947270 0.424163947283
-0.494747373687 0.424909446558 0.424909446574
-0.493746873437 0.425631710941 0.425631710959
-0.492746373187 0.426330779915 0.426330779936
-0.491745872936 0.427006694148 0.427006694172
-0.490745372686 0.427659495469 0.427659495495
-0.489744872436 0.428289226868 0.428289226897
-0.488744372186 0.428895932491 0.428895932523
-0.487743871936 0.429479657635 0.429479657668
-0.486743371686 0.430040448742 0.430040448778
-0.485742871436 0.430578353398 0.430578353435
-0.484742371186 0.431093420324 0.431093420364
-0.483741870935 0.431585699376 0.431585699418
-0.482741370685 0.432055241536 0.432055241580
-0.481740870435 0.432502098910 0.432502098955
-0.480740370185 0.432926324721 0.432926324769
-0.479739869935 0.433327973308 0.433327973357
-0.478739369685 0.433707100114 0.433707100165
-0.477738869435 0.434063761690 0.434063761743
-0.476738369185 0.434398015683 0.434398015736
-0.475737868934 0.434709920831 0.434709920886
-0.474737368684 0.434999536964 0.434999537020
-0.473736868434 0.435266924993 0.435266925050
-0.472736368184 0.435512146905 0.435512146963
-0.471735867934 0.435735265761 0.435735265821
-0.470735367684 0.435936345690 0.435936345750
-0.469734867434 0.436115451878 0.436115451940
-0.468734367184 0.436272650572 0.436272650634
-0.467733866933 0.436408009067 0.436408009129
-0.466733366683 0.436521595701 0.436521595765
-0.465732866433 0.436613479855 0.436613479919
-0.464732366183 0.436683731942 0.436683732006
-0.463731865933 0.436732423401 0.436732423465
-0.462731365683 0.436759626695 0.436759626760
-0.461730865433 0.436765415305 0.436765415370
-0.460730365183 0.436749863718 0.436749863783
-0.459729864932 0.436713047429 0.436713047495
-0.458729364682 0.436655042931 0.436655042997
-0.457728864432 0.436575927710 0.436575927775
-0.456728364182 0.436475780236 0.436475780301
-0.455727863932 0.436354679962 0.436354680027
-0.454727363682 0.436212707315 0.436212707380
-0.453726863432 0.436049943691 0.436049943755
-0.452726363182 0.435866471445 0.435866471510
-0.451725862931 0.435662373892 0.435662373956
-0.450725362681 0.435437735293 0.435437735356
-0.449724862431 0.435192640853 0.435192640915
-0.448724362181 0.434927176714 0.434927176776
-0.447723861931 0.434641429950 0.434641430011
-0.446723361681 0.434335488556 0.434335488616
-0.445722861431 0.434009441445 0.434009441505
-0.444722361181 0.433663378443 0.433663378502
-0.443721860930 0.433297390278 0.433297390336
-0.442721360680 0.432911568575 0.432911568632
-0.441720860430 0.432506005852 0.432506005909
-0.440720360180 0.432080795511 0.432080795566
-0.439719859930 0.431636031828 0.431636031883
-0.438719359680 0.431171809955 0.431171810009
-0.437718859430 0.430688225904 0.430688225956
-0.436718359180 0.430185376545 0.430185376596
-0.435717858929 0.429663359599 0.429663359649
-0.434717358679 0.429122273627 0.429122273676
-0.433716858429 0.428562218031 0.428562218079
-0.432716358179 0.427983293038 0.427983293085
-0.431715857929 0.427385599699 0.427385599744
-0.430715357679 0.426769239880 0.426769239924
-0.429714857429 0.426134316254 0.426134316297
-0.428714357179 0.425480932295 0.425480932336
-0.427713856928 0.424809192272 0.424809192311
-0.426713356678 0.424119201238 0.424119201276
-0.425712856428 0.423411065026 0.423411065062
-0.424712356178 0.422684890241 0.422684890277
-0.423711855928 0.421940784254 0.421940784288
-0.422711355678 0.421178855189 0.421178855222
-0.421710855428 0.420399211925 0.420399211956
-0.420710355178 0.419601964079 0.419601964108
-0.419709854927 0.418787222004 0.418787222032
-0.418709354677 0.417955096782 0.417955096809
-0.417708854427 0.417105700214 0.417105700239
-0.416708354177 0.416239144811 0.416239144835
-0.415707853927 0.415355543794 0.415355543816
-0.414707353677 0.414455011075 0.414455011096
-0.413706853427 0.413537661261 0.413537661280
-0.412706353177 0.412603609637 0.412603609655
-0.411705852926 0.411652972165 0.411652972181
-0.410705352676 0.410685865471 0.410685865486
-0.409704852426 0.409702406842 0.409702406856
-0.408704352176 0.408702714215 0.408702714227
-0.407703851926 0.407686906170 0.407686906181
-0.406703351676 0.406655101923 0.406655101933
-0.405702851426 0.405607421318 0.405607421326
-0.404702351176 0.404543984818 0.404543984824
-0.403701850925 0.403464913497 0.403464913502
-0.402701350675 0.402370329035 0.402370329038
-0.401700850425 0.401260353706 0.401260353708
-0.400700350175 0.400135110374 0.400135110375
-0.399699849925 0.398994722482 0.398994722482
-0.398699349675 0.397839314045 0.397839314044
-0.397698849425 0.396669009643 0.396669009640
-0.396698349175 0.395483934410 0.395483934406
-0.395697848924 0.394284214030 0.394284214025
-0.394697348674 0.393069974726 0.393069974720
-0.393696848424 0.391841343253 0.391841343246
-0.392696348174 0.390598446890 0.390598446881
-0.391695847924 0.389341413431 0.389341413421
-0.390695347674 0.388070371176 0.388070371165
-0.389694847424 0.386785448927 0.386785448915
-0.388694347174 0.385486775976 0.385486775963
-0.387693846923 0.384174482096 0.384174482082
-0.386693346673 0.382848697537 0.382848697522
-0.385692846423 0.381509553014 0.381509552998
-0.384692346173 0.380157179700 0.380157179683
-0.383691845923 0.378791709218 0.378791709200
-0.382691345673 0.377413273632 0.377413273613
-0.381690845423 0.376022005441 0.376022005421
-0.380690345173 0.374618037566 0.374618037546
-0.379689844922 0.373201503347 0.373201503326
-0.378689344672 0.371772536530 0.371772536508
-0.377688844422 0.370331271264 0.370331271241
-0.376688344172 0.368877842085 0.368877842062
-0.375687843922 0.367412383916 0.367412383892
-0.374687343672 0.365935032052 0.365935032028
-0.373686843422 0.364445922157 0.364445922132
-0.372686343172 0.362945190249 0.362945190224
-0.371685842921 0.361432972699 0.361432972673
-0.370685342671 0.359909406218 0.359909406191
-0.369684842421 0.358374627848 0.358374627821
-0.368684342171 0.356828774957 0.356828774929
-0.367683841921 0.355271985227 0.355271985199
-0.366683341671 0.353704396648 0.353704396620
-0.365682841421 0.352126147510 0.352126147482
-0.364682341171 0.350537376391 0.350537376362
-0.363681840920 0.348938222151 0.348938222122
-0.362681340670 0.347328823924 0.347328823895
-0.361680840420 0.345709321109 0.345709321080
-0.360680340170 0.344079853361 0.344079853331
-0.359679839920 0.342440560581 0.342440560552
-0.358679339670 0.340791582913 0.340791582883
-0.357678839420 0.339133060726 0.339133060697
-0.356678339170 0.337465134618 0.337465134588
-0.355677838919 0.335787945394 0.335787945365
-0.354677338669 0.334101634069 0.334101634040
-0.353676838419 0.332406341853 0.332406341824
-0.352676338169 0.330702210143 0.330702210113
-0.351675837919 0.328989380516 0.328989380487
-0.350675337669 0.327267994721 0.327267994692
-0.349674837419 0.325538194669 0.325538194640
-0.348674337169 0.323800122424 0.323800122396
-0.347673836918 0.322053920197 0.322053920169
-0.346673336668 0.320299730335 0.320299730307
-0.345672836418 0.318537695314 0.318537695286
-0.344672336168 0.316767957728 0.316767957700
-0.343671835918 0.314990660284 0.314990660257
-0.342671335668 0.313205945792 0.313205945765
-0.341670835418 0.311413957156 0.311413957129
-0.340670335168 0.309614837364 0.309614837338
-0.339669834917 0.307808729485 0.307808729459
-0.338669334667 0.305995776653 0.305995776628
-0.337668834417 0.304176122065 0.304176122040
-0.336668334167 0.302349908968 0.302349908944
-0.335667833917 0.300517280654 0.300517280630
-0.334667333667 0.298678380448 0.298678380425
-0.333666833417 0.296833351703 0.296833351680
-0.332666333167 0.294982337789 0.294982337766
-0.331665832916 0.293125482085 0.293125482064
-0.330665332666 0.291262927974 0.291262927953
-0.329664832416 0.289394818828 0.289394818808
-0.328664332166 0.287521298005 0.287521297985
-0.327663831916 0.285642508838 0.285642508819
-0.326663331666 0.283758594628 0.283758594610
-0.325662831416 0.281869698636 0.281869698618
-0.324662331166 0.279975964070 0.279975964053
-0.323661830915 0.278077534085 0.278077534069
-0.322661330665 0.276174551766 0.276174551751
-0.321660830415 0.274267160126 0.274267160111
-0.320660330165 0.272355502094 0.272355502079
-0.319659829915 0.270439720508 0.270439720494
-0.318659329665 0.268519958106 0.268519958093
-0.317658829415 0.266596357520 0.266596357508
-0.316658329165 0.264669061266 0.264669061254
-0.315657828914 0.262738211732 0.262738211721
-0.314657328664 0.260803951179 0.260803951168
-0.313656828414 0.258866421723 0.258866421713
-0.312656328164 0.256925765333 0.256925765324
-0.311655827914 0.254982123821 0.254982123813
-0.310655327664 0.253035638833 0.253035638826
-0.309654827414 0.251086451842 0.251086451835
-0.308654327164 0.249134704138 0.249134704132
-0.307653826913 0.247180536824 0.247180536819
-0.306653326663 0.245224090804 0.245224090799
-0.305652826413 0.243265506774 0.243265506770
-0.304652326163 0.241304925218 0.241304925215
-0.303651825913 0.239342486399 0.239342486396
-0.302651325663 0.237378330347 0.237378330346
-0.301650825413 0.235412596858 0.235412596857
-0.300650325163 0.233445425477 0.233445425477
-0.299649824912 0.231476955499 0.231476955500
-0.298649324662 0.229507325956 0.229507325957
-0.297648824412 0.227536675609 0.227536675611
-0.296648324162 0.225565142943 0.225565142945
-0.295647823912 0.223592866155 0.223592866158
-0.294647323662 0.221619983152 0.221619983155
-0.293646823412 0.219646631536 0.219646631541
-0.292646323162 0.217672948604 0.217672948608
-0.291645822911 0.215699071331 0.215699071337
-0.290645322661 0.213725136373 0.213725136379
-0.289644822411 0.211751280049 0.211751280056
-0.288644322161 0.209777638342 0.209777638349
-0.287643821911 0.207804346884 0.207804346892
-0.286643321661 0.205831540954 0.205831540962
-0.285642821411 0.203859355467 0.203859355476
-0.284642321161 0.201887924968 0.201887924977
-0.283641820910 0.199917383623 0.199917383632
-0.282641320660 0.197947865213 0.197947865224
-0.281640820410 0.195979503128 0.195979503139
-0.280640320160 0.194012430354 0.194012430365
-0.279639819910 0.192046779472 0.192046779483
-0.278639319660 0.190082682645 0.190082682657
-0.277638819410 0.188120271615 0.188120271627
-0.276638319160 0.186159677694 0.186159677706
-0.275637818909 0.184201031755 0.184201031768
-0.274637318659 0.182244464229 0.182244464242
-0.273636818409 0.180290105093 0.180290105106
-0.272636318159 0.178338083864 0.178338083878
-0.271635817909 0.176388529596 0.176388529610
-0.270635317659 0.174441570866 0.174441570881
-0.269634817409 0.172497335773 0.172497335788
-0.268634317159 0.170555951927 0.170555951942
-0.267633816908 0.168617546443 0.168617546458
-0.266633316658 0.166682245936 0.166682245951
-0.265632816408 0.164750176510 0.164750176525
-0.264632316158 0.162821463754 0.162821463770
-0.263631815908 0.160896232736 0.160896232752
-0.262631315658 0.158974607993 0.158974608009
-0.261630815408 0.157056713526 0.157056713542
-0.260630315158 0.155142672793 0.155142672810
-0.259629814907 0.153232608702 0.153232608719
-0.258629314657 0.151326643605 0.151326643622
-0.257628814407 0.149424899290 0.149424899306
-0.256628314157 0.147527496975 0.147527496992
-0.255627813907 0.145634557302 0.145634557319
-0.254627313657 0.143746200331 0.143746200347
-0.253626813407 0.141862545529 0.141862545546
-0.252626313157 0.139983711771 0.139983711788
-0.251625812906 0.138109817326 0.138109817343
-0.250625312656 0.136240979857 0.136240979873
-0.249624812406 0.134377316408 0.134377316425
-0.248624312156 0.132518943406 0.132518943422
-0.247623811906 0.130665976645 0.130665976661
-0.246623311656 0.128818531288 0.128818531305
-0.245622811406 0.126976721858 0.126976721874
-0.244622311156 0.125140662228 0.125140662244
-0.243621810905 0.123310465622 0.123310465638
-0.242621310655 0.121486244604 0.121486244619
-0.241620810405 0.119668111070 0.119668111086
-0.240620310155 0.117856176251 0.117856176266
-0.239619809905 0.116050550697 0.116050550711
-0.238619309655 0.114251344275 0.114251344290
-0.237618809405 0.112458666167 0.112458666181
-0.236618309155 0.110672624857 0.110672624871
-0.235617808904 0.108893328131 0.108893328144
-0.234617308654 0.107120883067 0.107120883081
-0.233616808404 0.105355396035 0.105355396048
-0.232616308154 0.103596972684 0.103596972697
-0.231615807904 0.101845717942 0.101845717954
-0.230615307654 0.100101736008 0.100101736021
-0.229614807404 0.098365130349 0.098365130361
-0.228614307154 0.096636003690 0.096636003701
-0.227613806903 0.094914458012 0.094914458024
-0.226613306653 0.093200594548 0.093200594559
-0.225612806403 0.091494513773 0.091494513784
-0.224612306153 0.089796315403 0.089796315413
-0.223611805903 0.088106098387 0.088106098397
-0.222611305653 0.086423960903 0.086423960913
-0.221610805403 0.084750000354 0.084750000364
-0.220610305153 0.083084313362 0.083084313370
-0.219609804902 0.081426995759 0.081426995768
-0.218609304652 0.079778142592 0.079778142600
-0.217608804402 0.078137848106 0.078137848113
-0.216608304152 0.076506205748 0.076506205755
-0.215607803902 0.074883308159 0.074883308165
-0.214607303652 0.073269247168 0.073269247174
-0.213606803402 0.071664113791 0.071664113796
-0.212606303152 0.070067998221 0.070067998226
-0.211605802901 0.068480989829 0.068480989834
-0.210605302651 0.066903177155 0.066903177160
-0.209604802401 0.065334647907 0.065334647911
-0.208604302151 0.063775488953 0.063775488957
-0.207603801901 0.062225786319 0.062225786322
-0.206603301651 0.060685625184 0.060685625187
-0.205602801401 0.059155089877 0.059155089880
-0.204602301151 0.057634263870 0.057634263872
-0.203601800900 0.056123229774 0.056123229776
-0.202601300650 0.054622069340 0.054622069341
-0.201600800400 0.053130863446 0.053130863447
-0.200600300150 0.051649692103 0.051649692104
-0.199599799900 0.050178634443 0.050178634443
-0.198599299650 0.048717768717 0.048717768717
-0.197598799400 0.047267172296 0.047267172295
-0.196598299150 0.045826921658 0.045826921657
-0.195597798899 0.044397092395 0.044397092393
-0.194597298649 0.042977759200 0.042977759198
-0.193596798399 0.041568995868 0.041568995866
-0.192596298149 0.040170875293 0.040170875290
-0.191595797899 0.038783469460 0.038783469457
-0.190595297649 0.037406849448 0.037406849444
-0.189594797399 0.036041085419 0.036041085415
-0.188594297149 0.034686246622 0.034686246618
-0.187593796898 0.033342401385 0.033342401380
-0.186593296648 0.032009617113 0.032009617108
-0.185592796398 0.030687960283 0.030687960278
-0.184592296148 0.029377496446 0.029377496440
-0.183591795898 0.028078290217 0.028078290211
-0.182591295648 0.026790405278 0.026790405272
-0.181590795398 0.025513904371 0.025513904364
-0.180590295148 0.024248849297 0.024248849290
-0.179589794897 0.022995300911 0.022995300904
-0.178589294647 0.021753319123 0.021753319116
-0.177588794397 0.020522962892 0.020522962884
-0.176588294147 0.019304290224 0.019304290215
-0.175587793897 0.018097358168 0.018097358159
-0.174587293647 0.016902222818 0.016902222810
-0.173586793397 0.015718939306 0.015718939297
-0.172586293147 0.014547561800 0.014547561791
-0.171585792896 0.013388143504 0.013388143494
-0.170585292646 0.012240736653 0.012240736643
-0.169584792396 0.011105392511 0.011105392501
-0.168584292146 0.009982161372 0.009982161362
-0.167583791896 0.008871092553 0.008871092543
-0.166583291646 0.007772234395 0.007772234385
-0.165582791396 0.006685634261 0.006685634251
-0.164582291146 0.005611338531 0.005611338521
-0.163581790895 0.004549392604 0.004549392594
-0.162581290645 0.003499840894 0.003499840883
-0.161580790395 0.002462726825 0.002462726814
-0.160580290145 0.001438092838 0.001438092827
-0.159579789895 0.000425980379 0.000425980368
-0.158579289645 -0.000573570094 -0.000573570105
-0.157578789395 -0.001560519120 -0.001560519131
-0.156578289145 -0.002534828231 -0.002534828243
-0.155577788894 -0.003496459956 -0.003496459968
-0.154577288644 -0.004445377822 -0.004445377834
-0.153576788394 -0.005381546356 -0.005381546368
-0.152576288144 -0.006304931085 -0.006304931096
-0.151575787894 -0.007215498537 -0.007215498549
-0.150575287644 -0.008113216246 -0.008113216257
-0.149574787394 -0.008998052747 -0.008998052759
-0.148574287144 -0.009869977583 -0.009869977595
-0.147573786893 -0.010728961303 -0.010728961314
-0.146573286643 -0.011574975462 -0.011574975473
-0.145572786393 -0.012407992624 -0.012407992635
-0.144572286143 -0.013227986363 -0.013227986374
-0.143571785893 -0.014034931262 -0.014034931273
-0.142571285643 -0.014828802914 -0.014828802925
-0.141570785393 -0.015609577926 -0.015609577937
-0.140570285143 -0.016377233914 -0.016377233925
-0.139569784892 -0.017131749508 -0.017131749519
-0.138569284642 -0.017873104351 -0.017873104361
-0.137568784392 -0.018601279098 -0.018601279108
-0.136568284142 -0.019316255420 -0.019316255430
-0.135567783892 -0.020018016000 -0.020018016010
-0.134567283642 -0.020706544538 -0.020706544548
-0.133566783392 -0.021381825745 -0.021381825754
-0.132566283142 -0.022043845349 -0.022043845358
-0.131565782891 -0.022692590093 -0.022692590102
-0.130565282641 -0.023328047733 -0.023328047742
-0.129564782391 -0.023950207042 -0.023950207051
-0.128564282141 -0.024559057805 -0.024559057814
-0.127563781891 -0.025154590824 -0.025154590832
-0.126563281641 -0.025736797913 -0.025736797921
-0.125562781391 -0.026305671902 -0.026305671910
-0.124562281141 -0.026861206633 -0.026861206640
-0.123561780890 -0.027403396961 -0.027403396969
-0.122561280640 -0.027932238756 -0.027932238763
-0.121560780390 -0.028447728898 -0.028447728905
-0.120560280140 -0.028949865279 -0.028949865286
-0.119559779890 -0.029438646804 -0.029438646810
-0.118559279640 -0.029914073384 -0.029914073390
-0.117558779390 -0.030376145944 -0.030376145950
-0.116558279140 -0.030824866416 -0.030824866421
-0.115557778889 -0.031260237738 -0.031260237743
-0.114557278639 -0.031682263859 -0.031682263864
-0.113556778389 -0.032090949730 -0.032090949735
-0.112556278139 -0.032486301310 -0.032486301314
-0.111555777889 -0.032868325558 -0.032868325562
-0.110555277639 -0.033237030440 -0.033237030444
-0.109554777389 -0.033592424920 -0.033592424924
-0.108554277139 -0.033934518965 -0.033934518967
-0.107553776888 -0.034263323536 -0.034263323539
-0.106553276638 -0.034578850598 -0.034578850600
-0.105552776388 -0.034881113105 -0.034881113107
-0.104552276138 -0.035170125011 -0.035170125013
-0.103551775888 -0.035445901260 -0.035445901261
-0.102551275638 -0.035708457787 -0.035708457788
-0.101550775388 -0.035957811518 -0.035957811518
-0.100550275138 -0.036193980365 -0.036193980365
-0.099549774887 -0.036416983227 -0.036416983227
-0.098549274637 -0.036626839987 -0.036626839987
-0.097548774387 -0.036823571511 -0.036823571510
-0.096548274137 -0.037007199642 -0.037007199641
-0.095547773887 -0.037177747204 -0.037177747203
-0.094547273637 -0.037335237997 -0.037335237996
-0.093546773387 -0.037479696794 -0.037479696792
-0.092546273137 -0.037611149340 -0.037611149338
-0.091545772886 -0.037729622349 -0.037729622346
-0.090545272636 -0.037835143502 -0.037835143499
-0.089544772386 -0.037927741445 -0.037927741442
-0.088544272136 -0.038007445788 -0.038007445784
-0.087543771886 -0.038074287098 -0.038074287094
-0.086543271636 -0.038128296900 -0.038128296896
-0.085542771386 -0.038169507676 -0.038169507672
-0.084542271136 -0.038197952857 -0.038197952852
-0.083541770885 -0.038213666825 -0.038213666820
-0.082541270635 -0.038216684908 -0.038216684903
-0.081540770385 -0.038207043379 -0.038207043373
-0.080540270135 -0.038184779449 -0.038184779443
-0.079539769885 -0.038149931270 -0.038149931264
-0.078539269635 -0.038102537927 -0.038102537921
-0.077538769385 -0.038042639438 -0.038042639432
-0.076538269135 -0.037970276750 -0.037970276744
-0.075537768884 -0.037885491735 -0.037885491728
-0.074537268634 -0.037788327187 -0.037788327180
-0.073536768384 -0.037678826821 -0.037678826814
-0.072536268134 -0.037557035266 -0.037557035259
-0.071535767884 -0.037422998066 -0.037422998058
-0.070535267634 -0.037276761671 -0.037276761663
-0.069534767384 -0.037118373439 -0.037118373431
-0.068534267134 -0.036947881630 -0.036947881622
-0.067533766883 -0.036765335402 -0.036765335394
-0.066533266633 -0.036570784809 -0.036570784801
-0.065532766383 -0.036364280796 -0.036364280787
-0.064532266133 -0.036145875194 -0.036145875185
-0.063531765883 -0.035915620720 -0.035915620711
-0.062531265633 -0.035673570970 -0.035673570961
-0.061530765383 -0.035419780416 -0.035419780407
-0.060530265133 -0.035154304404 -0.035154304395
-0.059529764882 -0.034877199146 -0.034877199136
-0.058529264632 -0.034588521719 -0.034588521709
-0.057528764382 -0.034288330060 -0.034288330050
-0.056528264132 -0.033976682963 -0.033976682953
-0.055527763882 -0.033653640073 -0.033653640063
-0.054527263632 -0.033319261882 -0.033319261873
-0.053526763382 -0.032973609728 -0.032973609718
-0.052526263132 -0.032616745783 -0.032616745774
-0.051525762881 -0.032248733060 -0.032248733050
-0.050525262631 -0.031869635396 -0.031869635387
-0.049524762381 -0.031479517459 -0.031479517449
-0.048524262131 -0.031078444735 -0.031078444725
-0.047523761881 -0.030666483527 -0.030666483517
-0.046523261631 -0.030243700951 -0.030243700942
-0.045522761381 -0.029810164931 -0.029810164921
-0.044522261131 -0.029365944191 -0.029365944181
-0.043521760880 -0.028911108256 -0.028911108246
-0.042521260630 -0.028445727441 -0.028445727432
-0.041520760380 -0.027969872853 -0.027969872843
-0.040520260130 -0.027483616379 -0.027483616370
-0.039519759880 -0.026987030686 -0.026987030677
-0.038519259630 -0.026480189215 -0.026480189205
-0.037518759380 -0.025963166173 -0.025963166164
-0.036518259130 -0.025436036534 -0.025436036525
-0.035517758879 -0.024898876027 -0.024898876018
-0.034517258629 -0.024351761136 -0.024351761127
-0.033516758379 -0.023794769092 -0.023794769083
-0.032516258129 -0.023227977868 -0.023227977860
-0.031515757879 -0.022651466176 -0.022651466168
-0.030515257629 -0.022065313460 -0.022065313452
-0.029514757379 -0.021469599888 -0.021469599880
-0.028514257129 -0.020864406351 -0.020864406344
-0.027513756878 -0.020249814458 -0.020249814450
-0.026513256628 -0.019625906523 -0.019625906516
-0.025512756378 -0.018992765569 -0.018992765562
-0.024512256128 -0.018350475316 -0.018350475310
-0.023511755878 -0.017699120179 -0.017699120173
-0.022511255628 -0.017038785260 -0.017038785253
-0.021510755378 -0.016369556342 -0.016369556336
-0.020510255128 -0.015691519885 -0.015691519879
-0.019509754877 -0.015004763021 -0.015004763016
-0.018509254627 -0.014309373545 -0.014309373540
-0.017508754377 -0.013605439912 -0.013605439907
-0.016508254127 -0.012893051229 -0.012893051224
-0.015507753877 -0.012172297250 -0.012172297245
-0.014507253627 -0.011443268370 -0.011443268366
-0.013506753377 -0.010706055621 -0.010706055617
-0.012506253127 -0.009960750662 -0.009960750658
-0.011505752876 -0.009207445774 -0.009207445770
-0.010505252626 -0.008446233856 -0.008446233853
-0.009504752376 -0.007677208419 -0.007677208416
-0.008504252126 -0.006900463575 -0.006900463573
-0.007503751876 -0.006116094038 -0.006116094035
-0.006503251626 -0.005324195110 -0.005324195108
-0.005502751376 -0.004524862681 -0.004524862679
-0.004502251126 -0.003718193219 -0.003718193218
-0.003501750875 -0.002904283766 -0.002904283765
-0.002501250625 -0.002083231931 -0.002083231930
-0.001500750375 -0.001255135879 -0.001255135879
-0.000500250125 -0.000420094333 -0.000420094333
0.000500250125 0.000421793439 0.000421793439
0.001500750375 0.001270427628 0.001270427628
0.002501250625 0.002125707893 0.002125707892
0.003501750875 0.002987533363 0.002987533362
0.004502251126 0.003855802647 0.003855802646
0.005502751376 0.004730413843 0.004730413841
0.006503251626 0.005611264537 0.005611264535
0.007503751876 0.006498251817 0.006498251815
0.008504252126 0.007391272279 0.007391272276
0.009504752376 0.008290222029 0.008290222026
0.010505252626 0.009194996693 0.009194996690
0.011505752876 0.010105491426 0.010105491422
0.012506253127 0.011021600914 0.011021600911
0.013506753377 0.011943219386 0.011943219382
0.014507253627 0.012870240616 0.012870240612
0.015507753877 0.013802557934 0.013802557929
0.016508254127 0.014740064230 0.014740064225
0.017508754377 0.015682651963 0.015682651958
0.018509254627 0.016630213168 0.016630213162
0.019509754877 0.017582639461 0.017582639455
0.020510255128 0.018539822049 0.018539822043
0.021510755378 0.019501651734 0.019501651728
0.022511255628 0.020468018924 0.020468018918
0.023511755878 0.021438813636 0.021438813629
0.024512256128 0.022413925505 0.022413925499
0.025512756378 0.023393243793 0.023393243787
0.026513256628 0.024376657394 0.024376657387
0.027513756878 0.025364054840 0.025364054832
0.028514257129 0.026355324312 0.026355324304
0.029514757379 0.027350353644 0.027350353637
0.030515257629 0.028349030334 0.028349030327
0.031515757879 0.029351241547 0.029351241539
0.032516258129 0.030356874125 0.030356874116
0.033516758379 0.031365814592 0.031365814584
0.034517258629 0.032377949167 0.032377949158
0.035517758879 0.033393163764 0.033393163755
0.036518259130 0.034411344004 0.034411343995
0.037518759380 0.035432375223 0.035432375214
0.038519259630 0.036456142476 0.036456142467
0.039519759880 0.037482530548 0.037482530538
0.040520260130 0.038511423957 0.038511423948
0.041520760380 0.039542706969 0.039542706960
0.042521260630 0.040576263597 0.040576263588
0.043521760880 0.041611977615 0.041611977606
0.044522261131 0.042649732562 0.042649732552
0.045522761381 0.043689411750 0.043689411740
0.046523261631 0.044730898274 0.044730898265
0.047523761881 0.045774075018 0.045774075008
0.048524262131 0.046818824660 0.046818824650
0.049524762381 0.047865029684 0.047865029674
0.050525262631 0.048912572388 0.048912572378
0.051525762881 0.049961334885 0.049961334875
0.052526263132 0.051011199118 0.051011199108
0.053526763382 0.052062046865 0.052062046855
0.054527263632 0.053113759746 0.053113759736
0.055527763882 0.054166219230 0.054166219221
0.056528264132 0.055219306648 0.055219306638
0.057528764382 0.056272903192 0.056272903182
0.058529264632 0.057326889930 0.057326889920
0.059529764882 0.058381147811 0.058381147801
0.060530265133 0.059435557674 0.059435557664
0.061530765383 0.060490000253 0.060490000243
0.062531265633 0.061544356187 0.061544356178
0.063531765883 0.062598506029 0.062598506020
0.064532266133 0.063652330250 0.063652330241
0.065532766383 0.064705709251 0.064705709242
0.066533266633 0.065758523366 0.065758523357
0.067533766883 0.066810652876 0.066810652868
0.068534267134 0.067861978012 0.067861978003
0.069534767384 0.068912378962 0.068912378954
0.070535267634 0.069961735885 0.069961735877
0.071535767884 0.071009928912 0.071009928904
0.072536268134 0.072056838159 0.072056838151
0.073536768384 0.073102343729 0.073102343722
0.074537268634 0.074146325728 0.074146325720
0.075537768884 0.075188664264 0.075188664257
0.076538269135 0.076229239463 0.076229239456
0.077538769385 0.077267931469 0.077267931462
0.078539269635 0.078304620459 0.078304620453
0.079539769885 0.079339186647 0.079339186640
0.080540270135 0.080371510290 0.080371510284
0.081540770385 0.081401471702 0.081401471696
0.082541270635 0.082428951256 0.082428951250
0.083541770885 0.083453829394 0.083453829389
0.084542271136 0.084475986636 0.084475986631
0.085542771386 0.085495303585 0.085495303581
0.086543271636 0.086511660939 0.086511660935
0.087543771886 0.087524939495 0.087524939491
0.088544272136 0.088535020157 0.088535020153
0.089544772386 0.089541783948 0.089541783944
0.090545272636 0.090545112011 0.090545112008
0.091545772886 0.091544885625 0.091544885623
0.092546273137 0.092540986206 0.092540986204
0.093546773387 0.093533295318 0.093533295316
0.094547273637 0.094521694679 0.094521694677
0.095547773887 0.095506066172 0.095506066170
0.096548274137 0.096486291848 0.096486291847
0.097548774387 0.097462253940 0.097462253939
0.098549274637 0.098433834865 0.098433834864
0.099549774887 0.099400917234 0.099400917233
0.100550275138 0.100363383860 0.100363383860
0.101550775388 0.101321117767 0.101321117767
0.102551275638 0.102274002194 0.102274002195
0.103551775888 0.103221920608 0.103221920609
0.104552276138 0.104164756706 0.104164756707
0.105552776388 0.105102394426 0.105102394428
0.106553276638 0.106034717956 0.106034717958
0.107553776888 0.106961611738 0.106961611740
0.108554277139 0.107882960477 0.107882960480
0.109554777389 0.108798649153 0.108798649156
0.110555277639 0.109708563020 0.109708563024
0.111555777889 0.110612587622 0.110612587626
0.112556278139 0.111510608796 0.111510608800
0.113556778389 0.112402512679 0.112402512684
0.114557278639 0.113288185721 0.113288185726
0.115557778889 0.114167514686 0.114167514691
0.116558279140 0.115040386663 0.115040386668
0.117558779390 0.115906689074 0.115906689080
0.118559279640 0.116766309680 0.116766309686
0.119559779890 0.117619136590 0.117619136596
0.120560280140 0.118465058265 0.118465058271
0.121560780390 0.119303963530 0.119303963537
0.122561280640 0.120135741581 0.120135741588
0.123561780890 0.120960281987 0.120960281995
0.124562281141 0.121777474706 0.121777474714
0.125562781391 0.122587210084 0.122587210093
0.126563281641 0.123389378869 0.123389378878
0.127563781891 0.124183872214 0.124183872222
0.128564282141 0.124970581685 0.124970581694
0.129564782391 0.125749399273 0.125749399282
0.130565282641 0.126520217393 0.126520217402
0.131565782891 0.127282928899 0.127282928909
0.132566283142 0.128037427087 0.128037427097
0.133566783392 0.128783605704 0.128783605714
0.134567283642 0.129521358954 0.129521358964
0.135567783892 0.130250581505 0.130250581516
0.136568284142 0.130971168499 0.130971168510
0.137568784392 0.131683015556 0.131683015567
0.138569284642 0.132386018782 0.132386018793
0.139569784892 0.133080074776 0.133080074787
0.140570285143 0.133765080638 0.133765080650
0.141570785393 0.134440933977 0.134440933988
0.142571285643 0.135107532913 0.135107532925
0.143571785893 0.135764776090 0.135764776102
0.144572286143 0.136412562681 0.136412562692
0.145572786393 0.137050792391 0.137050792403
0.146573286643 0.137679365471 0.137679365483
0.147573786893 0.138298182720 0.138298182732
0.148574287144 0.138907145492 0.138907145504
0.149574787394 0.139506155705 0.139506155717
0.150575287644 0.140095115846 0.140095115858
0.151575787894 0.140673928979 0.140673928992
0.152576288144 0.141242498751 0.141242498764
0.153576788394 0.141800729399 0.141800729412
0.154577288644 0.142348525757 0.142348525769
0.155577788894 0.142885793260 0.142885793273
0.156578289145 0.143412437957 0.143412437969
0.157578789395 0.143928366508 0.143928366521
0.158579289645 0.144433486202 0.144433486214
0.159579789895 0.144927704952 0.144927704964
0.160580290145 0.145410931312 0.145410931324
0.161580790395 0.145883074474 0.145883074485
0.162581290645 0.146344044281 0.146344044293
0.163581790895 0.146793751232 0.146793751244
0.164582291146 0.147232106487 0.147232106499
0.165582791396 0.147659021873 0.147659021884
0.166583291646 0.148074409892 0.148074409903
0.167583791896 0.148478183727 0.148478183738
0.168584292146 0.148870257246 0.148870257257
0.169584792396 0.149250545012 0.149250545023
0.170585292646 0.149618962286 0.149618962296
0.171585792896 0.149975425034 0.149975425044
0.172586293147 0.150319849932 0.150319849942
0.173586793397 0.150652154377 0.150652154386
0.174587293647 0.150972256484 0.150972256494
0.175587793897 0.151280075102 0.151280075112
0.176588294147 0.151575529812 0.151575529821
0.177588794397 0.151858540937 0.151858540946
0.178589294647 0.152129029547 0.152129029555
0.179589794897 0.152386917464 0.152386917472
0.180590295148 0.152632127267 0.152632127275
0.181590795398 0.152864582303 0.152864582311
0.182591295648 0.153084206685 0.153084206693
0.183591795898 0.153290925304 0.153290925310
0.184592296148 0.153484663828 0.153484663835
0.185592796398 0.153665348717 0.153665348723
0.186593296648 0.153832907218 0.153832907223
0.187593796898 0.153987267379 0.153987267384
0.188594297149 0.154128358048 0.154128358053
0.189594797399 0.154256108885 0.154256108889
0.190595297649 0.154370450359 0.154370450363
0.191595797899 0.154471313762 0.154471313766
0.192596298149 0.154558631209 0.154558631212
0.193596798399 0.154632335642 0.154632335645
0.194597298649 0.154692360840 0.154692360843
0.195597798899 0.154738641423 0.154738641425
0.196598299150 0.154771112851 0.154771112853
0.197598799400 0.154789711439 0.154789711440
0.198599299650 0.154794374353 0.154794374354
0.199599799900 0.154785039620 0.154785039621
0.200600300150 0.154761646133 0.154761646133
0.201600800400 0.154724133652 0.154724133651
0.202601300650 0.154672442812 0.154672442810
0.203601800900 0.154606515127 0.154606515126
0.204602301151 0.154526292997 0.154526292994
0.205602801401 0.154431719706 0.154431719703
0.206603301651 0.154322739434 0.154322739431
0.207603801901 0.154199297257 0.154199297254
0.208604302151 0.154061339155 0.154061339151
0.209604802401 0.153908812013 0.153908812008
0.210605302651 0.153741663626 0.153741663621
0.211605802901 0.153559842705 0.153559842700
0.212606303152 0.153363298883 0.153363298877
0.213606803402 0.153151982712 0.153151982706
0.214607303652 0.152925845677 0.152925845670
0.215607803902 0.152684840191 0.152684840184
0.216608304152 0.152428919606 0.152428919598
0.217608804402 0.152158038214 0.152158038206
0.218609304652 0.151872151251 0.151872151242
0.219609804902 0.151571214901 0.151571214892
0.220610305153 0.151255186300 0.151255186291
0.221610805403 0.150924023542 0.150924023532
0.222611305653 0.150577685679 0.150577685669
0.223611805903 0.150216132728 0.150216132717
0.224612306153 0.149839325671 0.149839325660
0.225612806403 0.149447226465 0.149447226453
0.226613306653 0.149039798038 0.149039798025
0.227613806903 0.148617004297 0.148617004285
0.228614307154 0.148178810133 0.148178810120
0.229614807404 0.147725181420 0.147725181406
0.230615307654 0.147256085019 0.147256085005
0.231615807904 0.146771488786 0.146771488772
0.232616308154 0.146271361571 0.146271361557
0.233616808404 0.145755673222 0.145755673207
0.234617308654 0.145224394587 0.145224394572
0.235617808904 0.144677497521 0.144677497506
0.236618309155 0.144114954885 0.144114954870
0.237618809405 0.143536740553 0.143536740537
0.238619309655 0.142942829408 0.142942829392
0.239619809905 0.142333197355 0.142333197338
0.240620310155 0.141707821313 0.141707821297
0.241620810405 0.141066679228 0.141066679211
0.242621310655 0.140409750066 0.140409750049
0.243621810905 0.139737013825 0.139737013808
0.244622311156 0.139048451530 0.139048451512
0.245622811406 0.138344045238 0.138344045221
0.246623311656 0.137623778045 0.137623778027
0.247623811906 0.136887634081 0.136887634063
0.248624312156 0.136135598516 0.136135598498
0.249624812406 0.135367657565 0.135367657547
0.250625312656 0.134583798485 0.134583798467
0.251625812906 0.133784009580 0.133784009562
0.252626313157 0.132968280204 0.132968280185
0.253626813407 0.132136600760 0.132136600742
0.254627313657 0.131288962707 0.131288962688
0.255627813907 0.130425358555 0.130425358537
0.256628314157 0.129545781875 0.129545781856
0.257628814407 0.128650227293 0.128650227275
0.258629314657 0.127738690498 0.127738690480
0.259629814907 0.126811168241 0.126811168223
0.260630315158 0.125867658336 0.125867658318
0.261630815408 0.124908159663 0.124908159645
0.262631315658 0.123932672169 0.123932672151
0.263631815908 0.122941196869 0.122941196851
0.264632316158 0.121933735850 0.121933735832
0.265632816408 0.120910292268 0.120910292251
0.266633316658 0.119870870355 0.119870870337
0.267633816908 0.118815475413 0.118815475396
0.268634317159 0.117744113822 0.117744113805
0.269634817409 0.116656793038 0.116656793021
0.270635317659 0.115553521593 0.115553521577
0.271635817909 0.114434309100 0.114434309084
0.272636318159 0.113299166250 0.113299166234
0.273636818409 0.112148104813 0.112148104798
0.274637318659 0.110981137644 0.110981137629
0.275637818909 0.109798278675 0.109798278661
0.276638319160 0.108599542925 0.108599542911
0.277638819410 0.107384946495 0.107384946481
0.278639319660 0.106154506568 0.106154506555
0.279639819910 0.104908241414 0.104908241401
0.280640320160 0.103646170388 0.103646170375
0.281640820410 0.102368313928 0.102368313916
0.282641320660 0.101074693560 0.101074693549
0.283641820910 0.099765331896 0.099765331885
0.284642321161 0.098440252632 0.098440252622
0.285642821411 0.097099480554 0.097099480544
0.286643321661 0.095743041531 0.095743041522
0.287643821911 0.094370962521 0.094370962512
0.288644322161 0.092983271567 0.092983271559
0.289644822411 0.091579997801 0.091579997794
0.290645322661 0.090161171438 0.090161171432
0.291645822911 0.088726823782 0.088726823776
0.292646323162 0.087276987222 0.087276987217
0.293646823412 0.085811695231 0.085811695227
0.294647323662 0.084330982371 0.084330982367
0.295647823912 0.082834884284 0.082834884281
0.296648324162 0.081323437701 0.081323437699
0.297648824412 0.079796680433 0.079796680431
0.298649324662 0.078254651376 0.078254651375
0.299649824912 0.076697390509 0.076697390508
0.300650325163 0.075124938890 0.075124938890
0.301650825413 0.073537338660 0.073537338661
0.302651325663 0.071934633040 0.071934633042
0.303651825913 0.070316866329 0.070316866332
0.304652326163 0.068684083905 0.068684083908
0.305652826413 0.067036332222 0.067036332226
0.306653326663 0.065373658810 0.065373658815
0.307653826913 0.063696112274 0.063696112280
0.308654327164 0.062003742293 0.062003742300
0.309654827414 0.060296599617 0.060296599625
0.310655327664 0.058574736067 0.058574736076
0.311655827914 0.056838204535 0.056838204544
0.312656328164 0.055087058977 0.055087058987
0.313656828414 0.053321354420 0.053321354430
0.314657328664 0.051541146951 0.051541146963
0.315657828914 0.049746493724 0.049746493736
0.316658329165 0.047937452951 0.047937452965
0.317658829415 0.046114083907 0.046114083921
0.318659329665 0.044276446920 0.044276446935
0.319659829915 0.042424603378 0.042424603394
0.320660330165 0.040558615720 0.040558615737
0.321660830415 0.038678547438 0.038678547455
0.322661330665 0.036784463073 0.036784463091
0.323661830915 0.034876428212 0.034876428231
0.324662331166 0.032954509491 0.032954509510
0.325662831416 0.031018774584 0.031018774604
0.326663331666 0.029069292209 0.029069292230
0.327663831916 0.027106132121 0.027106132143
0.328664332166 0.025129365110 0.025129365133
0.329664832416 0.023139063001 0.023139063024
0.330665332666 0.021135298647 0.021135298671
0.331665832916 0.019118145930 0.019118145955
0.332666333167 0.017087679758 0.017087679784
0.333666833417 0.015043976061 0.015043976087
0.334667333667 0.012987111786 0.012987111813
0.335667833917 0.010917164902 0.010917164929
0.336668334167 0.008834214386 0.008834214413
0.337668834417 0.006738340229 0.006738340257
0.338669334667 0.004629623428 0.004629623457
0.339669834917 0.002508145988 0.002508146017
0.340670335168 0.000373990910 0.000373990940
0.341670835418 -0.001772757803 -0.001772757773
0.342671335668 -0.003932015155 -0.003932015125
0.343671835918 -0.006103695158 -0.006103695127
0.344672336168 -0.008287710836 -0.008287710804
0.345672836418 -0.010483974228 -0.010483974196
0.346673336668 -0.012692396394 -0.012692396362
0.347673836918 -0.014912887414 -0.014912887382
0.348674337169 -0.017145356397 -0.017145356364
0.349674837419 -0.019389711479 -0.019389711446
0.350675337669 -0.021645859833 -0.021645859800
0.351675837919 -0.023913707668 -0.023913707634
0.352676338169 -0.026193160233 -0.026193160200
0.353676838419 -0.028484121826 -0.028484121792
0.354677338669 -0.030786495792 -0.030786495758
0.355677838919 -0.033100184529 -0.033100184495
0.356678339170 -0.035425089495 -0.035425089461
0.357678839420 -0.037761111209 -0.037761111175
0.358679339670 -0.040108149254 -0.040108149220
0.359679839920 -0.042466102286 -0.042466102252
0.360680340170 -0.044834868034 -0.044834868000
0.361680840420 -0.047214343308 -0.047214343274
0.362681340670 -0.049604424000 -0.049604423966
0.363681840920 -0.052005005089 -0.052005005056
0.364682341171 -0.054415980649 -0.054415980616
0.365682841421 -0.056837243851 -0.056837243818
0.366683341671 -0.059268686966 -0.059268686934
0.367683841921 -0.061710201374 -0.061710201342
0.368684342171 -0.064161677564 -0.064161677532
0.369684842421 -0.066623005143 -0.066623005112
0.370685342671 -0.069094072839 -0.069094072809
0.371685842921 -0.071574768507 -0.071574768476
0.372686343172 -0.074064979130 -0.074064979100
0.373686843422 -0.076564590831 -0.076564590802
0.374687343672 -0.079073488871 -0.079073488843
0.375687843922 -0.081591557661 -0.081591557633
0.376688344172 -0.084118680761 -0.084118680734
0.377688844422 -0.086654740888 -0.086654740862
0.378689344672 -0.089199619923 -0.089199619897
0.379689844922 -0.091753198913 -0.091753198888
0.380690345173 -0.094315358079 -0.094315358055
0.381690845423 -0.096885976821 -0.096885976798
0.382691345673 -0.099464933722 -0.099464933700
0.383691845923 -0.102052106555 -0.102052106534
0.384692346173 -0.104647372289 -0.104647372269
0.385692846423 -0.107250607093 -0.107250607074
0.386693346673 -0.109861686343 -0.109861686326
0.387693846923 -0.112480484629 -0.112480484612
0.388694347174 -0.115106875757 -0.115106875742
0.389694847424 -0.117740732759 -0.117740732744
0.390695347674 -0.120381927895 -0.120381927882
0.391695847924 -0.123030332665 -0.123030332653
0.392696348174 -0.125685817807 -0.125685817797
0.393696848424 -0.128348253311 -0.128348253301
0.394697348674 -0.131017508417 -0.131017508409
0.395697848924 -0.133693451630 -0.133693451624
0.396698349175 -0.136375950719 -0.136375950715
0.397698849425 -0.139064872728 -0.139064872725
0.398699349675 -0.141760083979 -0.141760083977
0.399699849925 -0.144461450079 -0.144461450078
0.400700350175 -0.147168835929 -0.147168835930
0.401700850425 -0.149882105728 -0.149882105731
0.402701350675 -0.152601122981 -0.152601122985
0.403701850925 -0.155325750502 -0.155325750508
0.404702351176 -0.158055850426 -0.158055850433
0.405702851426 -0.160791284211 -0.160791284220
0.406703351676 -0.163531912649 -0.163531912659
0.407703851926 -0.166277595867 -0.166277595880
0.408704352176 -0.169028193341 -0.169028193355
0.409704852426 -0.171783563896 -0.171783563911
0.410705352676 -0.174543565716 -0.174543565733
0.411705852926 -0.177308056352 -0.177308056371
0.412706353177 -0.180076892727 -0.180076892748
0.413706853427 -0.182849931144 -0.182849931167
0.414707353677 -0.185627027292 -0.185627027316
0.415707853927 -0.188408036254 -0.188408036280
0.416708354177 -0.191192812514 -0.191192812542
0.417708854427 -0.193981209965 -0.193981209994
0.418709354677 -0.196773081912 -0.196773081944
0.419709854927 -0.199568281087 -0.199568281120
0.420710355178 -0.202366659648 -0.202366659683
0.421710855428 -0.205168069191 -0.205168069228
0.422711355678 -0.207972360759 -0.207972360797
0.423711855928 -0.210779384842 -0.210779384882
0.424712356178 -0.213588991394 -0.213588991436
0.425712856428 -0.216401029833 -0.216401029877
0.426713356678 -0.219215349052 -0.219215349097
0.427713856928 -0.222031797425 -0.222031797472
0.428714357179 -0.224850222817 -0.224850222866
0.429714857429 -0.227670472589 -0.227670472639
0.430715357679 -0.230492393606 -0.230492393658
0.431715857929 -0.233315832247 -0.233315832301
0.432716358179 -0.236140634410 -0.236140634465
0.433716858429 -0.238966645521 -0.238966645577
0.434717358679 -0.241793710541 -0.241793710599
0.435717858929 -0.244621673977 -0.244621674036
0.436718359180 -0.247450379884 -0.247450379945
0.437718859430 -0.250279671880 -0.250279671942
0.438719359680 -0.253109393146 -0.253109393209
0.439719859930 -0.255939386442 -0.255939386507
0.440720360180 -0.258769494109 -0.258769494175
0.441720860430 -0.261599558080 -0.261599558147
0.442721360680 -0.264429419888 -0.264429419956
0.443721860930 -0.267258920672 -0.267258920741
0.444722361181 -0.270087901188 -0.270087901258
0.445722861431 -0.272916201814 -0.272916201885
0.446723361681 -0.275743662562 -0.275743662635
0.447723861931 -0.278570123084 -0.278570123157
0.448724362181 -0.281395422678 -0.281395422752
0.449724862431 -0.284219400301 -0.284219400376
0.450725362681 -0.287041894575 -0.287041894650
0.451725862931 -0.289862743794 -0.289862743870
0.452726363182 -0.292681785935 -0.292681786012
0.453726863432 -0.295498858665 -0.295498858742
0.454727363682 -0.298313799349 -0.298313799427
0.455727863932 -0.301126445059 -0.301126445137
0.456728364182 -0.303936632584 -0.303936632662
0.457728864432 -0.306744198435 -0.306744198513
0.458729364682 -0.309548978856 -0.309548978935
0.459729864932 -0.312350809834 -0.312350809913
0.460730365183 -0.315149527104 -0.315149527182
0.461730865433 -0.317944966158 -0.317944966236
0.462731365683 -0.320736962258 -0.320736962336
0.463731865933 -0.323525350441 -0.323525350518
0.464732366183 -0.326309965525 -0.326309965602
0.465732866433 -0.329090642125 -0.329090642202
0.466733366683 -0.331867214656 -0.331867214732
0.467733866933 -0.334639517343 -0.334639517418
0.468734367184 -0.337407384231 -0.337407384305
0.469734867434 -0.340170649193 -0.340170649266
0.470735367684 -0.342929145938 -0.342929146010
0.471735867934 -0.345682708021 -0.345682708093
0.472736368184 -0.348431168853 -0.348431168923
0.473736868434 -0.351174361705 -0.351174361774
0.474737368684 -0.353912119724 -0.353912119792
0.475737868934 -0.356644275935 -0.356644276001
0.476738369185 -0.359370663255 -0.359370663320
0.477738869435 -0.362091114500 -0.362091114563
0.478739369685 -0.364805462392 -0.364805462453
0.479739869935 -0.367513539572 -0.367513539631
0.480740370185 -0.370215178606 -0.370215178664
0.481740870435 -0.372910211996 -0.372910212051
0.482741370685 -0.375598472185 -0.375598472238
0.483741870935 -0.378279791572 -0.378279791623
0.484742371186 -0.380954002518 -0.380954002566
0.485742871436 -0.383620937353 -0.383620937399
0.486743371686 -0.386280428388 -0.386280428431
0.487743871936 -0.388932307924 -0.388932307965
0.488744372186 -0.391576408259 -0.391576408297
0.489744872436 -0.394212561701 -0.394212561736
0.490745372686 -0.396840600571 -0.396840600603
0.491745872936 -0.399460357218 -0.399460357247
0.492746373187 -0.402071664026 -0.402071664052
0.493746873437 -0.404674353422 -0.404674353445
0.494747373687 -0.407268257887 -0.407268257906
0.495747873937 -0.409853209964 -0.409853209979
0.496748374187 -0.412429042266 -0.412429042278
0.497748874437 -0.414995587490 -0.414995587499
0.498749374687 -0.417552678421 -0.417552678426
0.499749874937 -0.420100147942 -0.420100147943
0.500750375188 -0.422637829048 -0.422637829045
0.501750875438 -0.425165554847 -0.425165554840
0.502751375688 -0.427683158577 -0.427683158566
0.503751875938 -0.430190473611 -0.430190473596
0.504752376188 -0.432687333468 -0.432687333449
0.505752876438 -0.435173571821 -0.435173571797
0.506753376688 -0.437649022505 -0.437649022477
0.507753876938 -0.440113519532 -0.440113519499
0.508754377189 -0.442566897092 -0.442566897055
0.509754877439 -0.445008989569 -0.445008989528
0.510755377689 -0.447439631549 -0.447439631503
0.511755877939 -0.449858657824 -0.449858657774
0.512756378189 -0.452265903409 -0.452265903354
0.513756878439 -0.454661203546 -0.454661203487
0.514757378689 -0.457044393715 -0.457044393651
0.515757878939 -0.459415309643 -0.459415309574
0.516758379190 -0.461773787314 -0.461773787240
0.517758879440 -0.464119662976 -0.464119662897
0.518759379690 -0.466452773154 -0.466452773071
0.519759879940 -0.468772954656 -0.468772954568
0.520760380190 -0.471080044583 -0.471080044490
0.521760880440 -0.473373880340 -0.473373880242
0.522761380690 -0.475654299642 -0.475654299539
0.523761880940 -0.477921140527 -0.477921140419
0.524762381191 -0.480174241362 -0.480174241250
0.525762881441 -0.482413440855 -0.482413440737
0.526763381691 -0.484638578060 -0.484638577938
0.527763881941 -0.486849492394 -0.486849492267
0.528764382191 -0.489046023636 -0.489046023504
0.529764882441 -0.491228011944 -0.491228011808
0.530765382691 -0.493395297863 -0.493395297722
0.531765882941 -0.495547722330 -0.495547722184
0.532766383192 -0.497685126687 -0.497685126537
0.533766883442 -0.499807352691 -0.499807352537
0.534767383692 -0.501914242520 -0.501914242361
0.535767883942 -0.504005638782 -0.504005638619
0.536768384192 -0.506081384530 -0.506081384362
0.537768884442 -0.508141323262 -0.508141323090
0.538769384692 -0.510185298938 -0.510185298762
0.539769884942 -0.512213155986 -0.512213155806
0.540770385193 -0.514224739310 -0.514224739126
0.541770885443 -0.516219894301 -0.516219894113
0.542771385693 -0.518198466845 -0.518198466654
0.543771885943 -0.520160303333 -0.520160303138
0.544772386193 -0.522105250669 -0.522105250471
0.545772886443 -0.524033156280 -0.524033156079
0.546773386693 -0.525943868124 -0.525943867920
0.547773886943 -0.527837234700 -0.527837234493
0.548774387194 -0.529713105056 -0.529713104846
0.549774887444 -0.531571328800 -0.531571328587
0.550775387694 -0.533411756105 -0.533411755890
0.551775887944 -0.535234237723 -0.535234237506
0.552776388194 -0.537038624990 -0.537038624770
0.553776888444 -0.538824769835 -0.538824769614
0.554777388694 -0.540592524793 -0.540592524570
0.555777888944 -0.542341743010 -0.542341742785
0.556778389195 -0.544072278250 -0.544072278025
0.557778889445 -0.545783984912 -0.545783984685
0.558779389695 -0.547476718028 -0.547476717801
0.559779889945 -0.549150333282 -0.549150333053
0.560780390195 -0.550804687010 -0.550804686781
0.561780890445 -0.552439636215 -0.552439635986
0.562781390695 -0.554055038573 -0.554055038345
0.563781890945 -0.555650752443 -0.555650752215
0.564782391196 -0.557226636874 -0.557226636647
0.565782891446 -0.558782551614 -0.558782551387
0.566783391696 -0.560318357119 -0.560318356894
0.567783891946 -0.561833914564 -0.561833914340
0.568784392196 -0.563329085847 -0.563329085625
0.569784892446 -0.564803733600 -0.564803733380
0.570785392696 -0.566257721198 -0.566257720981
0.571785892946 -0.567690912768 -0.567690912553
0.572786393197 -0.569103173193 -0.569103172982
0.573786893447 -0.570494368128 -0.570494367920
0.574787393697 -0.571864364001 -0.571864363796
0.575787893947 -0.573213028025 -0.573213027825
0.576788394197 -0.574540228208 -0.574540228012
0.577788894447 -0.575845833357 -0.575845833165
0.578789394697 -0.577129713088 -0.577129712902
0.579789894947 -0.578391737839 -0.578391737657
0.580790395198 -0.579631778868 -0.579631778692
0.581790895448 -0.580849708273 -0.580849708103
0.582791395698 -0.582045398990 -0.582045398827
0.583791895948 -0.583218724808 -0.583218724652
0.584792396198 -0.584369560375 -0.584369560225
0.585792896448 -0.585497781203 -0.585497781061
0.586793396698 -0.586603263682 -0.586603263548
0.587793896948 -0.587685885083 -0.587685884957
0.588794397199 -0.588745523568 -0.588745523450
0.589794897449 -0.589782058198 -0.589782058089
0.590795397699 -0.590795368940 -0.590795368840
0.591795897949 -0.591785336677 -0.591785336586
0.592796398199 -0.592751843212 -0.592751843131
0.593796898449 -0.593694771279 -0.593694771209
0.594797398699 -0.594614004552 -0.594614004492
0.595797898949 -0.595509427648 -0.595509427598
0.596798399200 -0.596380926137 -0.596380926099
0.597798899450 -0.597228386552 -0.597228386526
0.598799399700 -0.598051696394 -0.598051696379
0.599799899950 -0.598850744139 -0.598850744136
0.600800400200 -0.599625419247 -0.599625419257
0.601800900450 -0.600375612169 -0.600375612192
0.602801400700 -0.601101214355 -0.601101214391
0.603801900950 -0.601802118262 -0.601802118311
0.604802401201 -0.602478217358 -0.602478217421
0.605802901451 -0.603129406133 -0.603129406210
0.606803401701 -0.603755580105 -0.603755580197
0.607803901951 -0.604356635826 -0.604356635933
0.608804402201 -0.604932470893 -0.604932471015
0.609804902451 -0.605482983950 -0.605482984086
0.610805402701 -0.606008074698 -0.606008074850
0.611805902951 -0.606507643902 -0.606507644070
0.612806403202 -0.606981593400 -0.606981593583
0.613806903452 -0.607429826103 -0.607429826303
0.614807403702 -0.607852246011 -0.607852246227
0.615807903952 -0.608248758213 -0.608248758446
0.616808404202 -0.608619268898 -0.608619269147
0.617808904452 -0.608963685358 -0.608963685624
0.618809404702 -0.609281915999 -0.609281916283
0.619809904952 -0.609573870346 -0.609573870646
0.620810405203 -0.609839459046 -0.609839459364
0.621810905453 -0.610078593882 -0.610078594218
0.622811405703 -0.610291187773 -0.610291188126
0.623811905953 -0.610477154783 -0.610477155153
0.624812406203 -0.610636410127 -0.610636410515
0.625812906453 -0.610768870181 -0.610768870587
0.626813406703 -0.610874452481 -0.610874452904
0.627813906953 -0.610953075735 -0.610953076177
0.628814407204 -0.611004659830 -0.611004660289
0.629814907454 -0.611029125832 -0.611029126309
0.630815407704 -0.611026396000 -0.611026396494
0.631815907954 -0.610996393785 -0.610996394297
0.632816408204 -0.610939043841 -0.610939044370
0.633816908454 -0.610854272029 -0.610854272576
0.634817408704 -0.610742005423 -0.610742005987
0.635817908954 -0.610602172317 -0.610602172898
0.636818409205 -0.610434702228 -0.610434702826
0.637818909455 -0.610239525906 -0.610239526520
0.638819409705 -0.610016575336 -0.610016575967
0.639819909955 -0.609765783746 -0.609765784393
0.640820410205 -0.609487085611 -0.609487086274
0.641820910455 -0.609180416661 -0.609180417338
0.642821410705 -0.608845713882 -0.608845714574
0.643821910955 -0.608482915526 -0.608482916234
0.644822411206 -0.608091961116 -0.608091961838
0.645822911456 -0.607672791449 -0.607672792185
0.646823411706 -0.607225348601 -0.607225349350
0.647823911956 -0.606749575936 -0.606749576698
0.648824412206 -0.606245418107 -0.606245418881
0.649824912456 -0.605712821063 -0.605712821850
0.650825412706 -0.605151732056 -0.605151732854
0.651825912956 -0.604562099642 -0.604562100450
0.652826413207 -0.603943873687 -0.603943874505
0.653826913457 -0.603297005376 -0.603297006203
0.654827413707 -0.602621447211 -0.602621448047
0.655827913957 -0.601917153023 -0.601917153867
0.656828414207 -0.601184077971 -0.601184078821
0.657828914457 -0.600422178547 -0.600422179404
0.658829414707 -0.599631412586 -0.599631413449
0.659829914957 -0.598811739265 -0.598811740133
0.660830415208 -0.597963119109 -0.597963119980
0.661830915458 -0.597085513997 -0.597085514870
0.662831415708 -0.596178887162 -0.596178888038
0.663831915958 -0.595243203203 -0.595243204079
0.664832416208 -0.594278428080 -0.594278428956
0.665832916458 -0.593284529125 -0.593284530000
0.666833416708 -0.592261475044 -0.592261475917
0.667833916958 -0.591209235920 -0.591209236789
0.668834417209 -0.590127783218 -0.590127784083
0.669834917459 -0.589017089788 -0.589017090647
0.670835417709 -0.587877129871 -0.587877130722
0.671835917959 -0.586707879099 -0.586707879942
0.672836418209 -0.585509314503 -0.585509315337
0.673836918459 -0.584281414514 -0.584281415337
0.674837418709 -0.583024158966 -0.583024159777
0.675837918959 -0.581737529103 -0.581737529901
0.676838419210 -0.580421507579 -0.580421508361
0.677838919460 -0.579076078461 -0.579076079227
0.678839419710 -0.577701227236 -0.577701227985
0.679839919960 -0.576296940812 -0.576296941541
0.680840420210 -0.574863207519 -0.574863208227
0.681840920460 -0.573400017116 -0.573400017803
0.682841420710 -0.571907360794 -0.571907361456
0.683841920960 -0.570385231174 -0.570385231811
0.684842421211 -0.568833622316 -0.568833622926
0.685842921461 -0.567252529717 -0.567252530299
0.686843421711 -0.565641950319 -0.565641950871
0.687843921961 -0.564001882505 -0.564001883025
0.688844422211 -0.562332326108 -0.562332326595
0.689844922461 -0.560633282411 -0.560633282862
0.690845422711 -0.558904754146 -0.558904754561
0.691845922961 -0.557146745503 -0.557146745880
0.692846423212 -0.555359262130 -0.555359262466
0.693846923462 -0.553542311131 -0.553542311425
0.694847423712 -0.551695901073 -0.551695901325
0.695847923962 -0.549820041989 -0.549820042196
0.696848424212 -0.547914745376 -0.547914745536
0.697848924462 -0.545980024199 -0.545980024310
0.698849424712 -0.544015892894 -0.544015892954
0.699849924962 -0.542022367367 -0.542022367375
0.700850425213 -0.539999464999 -0.539999464953
0.701850925463 -0.537947204646 -0.537947204545
0.702851425713 -0.535865606642 -0.535865606483
0.703851925963 -0.533754692797 -0.533754692580
0.704852426213 -0.531614486405 -0.531614486127
0.705852926463 -0.529445012238 -0.529445011898
0.706853426713 -0.527246296554 -0.527246296149
0.707853926963 -0.525018367092 -0.525018366622
0.708854427214 -0.522761253079 -0.522761252542
0.709854927464 -0.520474985228 -0.520474984623
0.710855427714 -0.518159595741 -0.518159595065
0.711855927964 -0.515815118307 -0.515815117559
0.712856428214 -0.513441588105 -0.513441587284
0.713856928464 -0.511039041805 -0.511039040910
0.714857428714 -0.508607517571 -0.508607516599
0.715857928964 -0.506147055054 -0.506147054004
0.716858429215 -0.503657695402 -0.503657694274
0.717858929465 -0.501139481256 -0.501139480048
0.718859429715 -0.498592456750 -0.498592455460
0.719859929965 -0.496016667512 -0.496016666140
0.720860430215 -0.493412160666 -0.493412159210
0.721860930465 -0.490778984830 -0.490778983290
0.722861430715 -0.488117190119 -0.488117188493
0.723861930965 -0.485426828142 -0.485426826430
0.724862431216 -0.482707952003 -0.482707950204
0.725862931466 -0.479960616304 -0.479960614417
0.726863431716 -0.477184877141 -0.477184875165
0.727863931966 -0.474380792104 -0.474380790039
0.728864432216 -0.471548420281 -0.471548418127
0.729864932466 -0.468687822253 -0.468687820008
0.730865432716 -0.465799060096 -0.465799057760
0.731865932966 -0.462882197379 -0.462882194953
0.732866433217 -0.459937299166 -0.459937296649
0.733866933467 -0.456964432014 -0.456964429406
0.734867433717 -0.453963663970 -0.453963661272
0.735867933967 -0.450935064576 -0.450935061788
0.736868434217 -0.447878704862 -0.447878701984
0.737868934467 -0.444794657349 -0.444794654381
0.738869434717 -0.441682996046 -0.441682992990
0.739869934967 -0.438543796452 -0.438543793307
0.740870435218 -0.435377135549 -0.435377132318
0.741870935468 -0.432183091809 -0.432183088491
0.742871435718 -0.428961745186 -0.428961741782
0.743871935968 -0.425713177115 -0.425713173628
0.744872436218 -0.422437470517 -0.422437466948
0.745872936468 -0.419134709790 -0.419134706140
0.746873436718 -0.415804980810 -0.415804977081
0.747873936968 -0.412448370933 -0.412448367128
0.748874437219 -0.409064968988 -0.409064965108
0.749874937469 -0.405654865278 -0.405654861325
0.750875437719 -0.402218151577 -0.402218147553
0.751875937969 -0.398754921129 -0.398754917038
0.752876438219 -0.395265268645 -0.395265264490
0.753876938469 -0.391749290304 -0.391749286087
0.754877438719 -0.388207083746 -0.388207079470
0.755877938969 -0.384638748072 -0.384638743742
0.756878439220 -0.381044383843 -0.381044379462
0.757878939470 -0.377424093078 -0.377424088649
0.758879439720 -0.373777979246 -0.373777974773
0.759879939970 -0.370106147271 -0.370106142759
0.760880440220 -0.366408703525 -0.366408698978
0.761880940470 -0.362685755825 -0.362685751248
0.762881440720 -0.358937413433 -0.358937408831
0.763881940970 -0.355163787052 -0.355163782430
0.764882441221 -0.351364988822 -0.351364984184
0.765882941471 -0.347541132317 -0.347541127670
0.766883441721 -0.343692332544 -0.343692327893
0.767883941971 -0.339818705938 -0.339818701289
0.768884442221 -0.335920370360 -0.335920365721
0.769884942471 -0.331997445094 -0.331997440469
0.770885442721 -0.328050050841 -0.328050046238
0.771885942971 -0.324078309718 -0.324078305144
0.772886443222 -0.320082345255 -0.320082340716
0.773886943472 -0.316062282390 -0.316062277894
0.774887443722 -0.312018247464 -0.312018243019
0.775887943972 -0.307950368222 -0.307950363836
0.776888444222 -0.303858773805 -0.303858769485
0.777888944472 -0.299743594746 -0.299743590501
0.778889444722 -0.295604962969 -0.295604958808
0.779889944972 -0.291443011784 -0.291443007716
0.780890445223 -0.287257875881 -0.287257871914
0.781890945473 -0.283049691329 -0.283049687473
0.782891445723 -0.278818595568 -0.278818591832
0.783891945973 -0.274564727409 -0.274564723803
0.784892446223 -0.270288227024 -0.270288223558
0.785892946473 -0.265989235950 -0.265989232634
0.786893446723 -0.261667897075 -0.261667893919
0.787893946973 -0.257324354640 -0.257324351655
0.788894447224 -0.252958754231 -0.252958751429
0.789894947474 -0.248571242778 -0.248571240168
0.790895447724 -0.244161968544 -0.244161966139
0.791895947974 -0.239731081128 -0.239731078939
0.792896448224 -0.235278731452 -0.235278729490
0.793896948474 -0.230805071763 -0.230805070040
0.794897448724 -0.226310255623 -0.226310254151
0.795897948974 -0.221794437907 -0.221794436698
0.796898449225 -0.217257774794 -0.217257773860
0.797898949475 -0.212700423766 -0.212700423121
0.798899449725 -0.208122543603 -0.208122543257
0.799899949975 -0.203524294370 -0.203524294338
0.800900450225 -0.198905837422 -0.198905837715
0.801900950475 -0.194267335389 -0.194267336022
0.802901450725 -0.189608952180 -0.189608953164
0.803901950975 -0.184930852965 -0.184930854315
0.804902451226 -0.180233204183 -0.180233205911
0.805902951476 -0.175516173525 -0.175516175644
0.806903451726 -0.170779929933 -0.170779932457
0.807903951976 -0.166024643595 -0.166024646537
0.808904452226 -0.161250485936 -0.161250489309
0.809904952476 -0.156457629613 -0.156457633431
0.810905452726 -0.151646248511 -0.151646252786
0.811905952976 -0.146816517732 -0.146816522479
0.812906453227 -0.141968613594 -0.141968618825
0.813906953477 -0.137102713621 -0.137102719348
0.814907453727 -0.132218996537 -0.132219002774
0.815907953977 -0.127317642260 -0.127317649021
0.816908454227 -0.122398831897 -0.122398839194
0.817908954477 -0.117462747736 -0.117462755580
0.818909454727 -0.112509573236 -0.112509581640
0.819909954977 -0.107539493026 -0.107539502003
0.820910455228 -0.102552692895 -0.102552702457
0.821910955478 -0.097549359786 -0.097549369944
0.822911455728 -0.092529681787 -0.092529692552
0.823911955978 -0.087493848127 -0.087493859510
0.824912456228 -0.082442049166 -0.082442061177
0.825912956478 -0.077374476391 -0.077374489041
0.826913456728 -0.072291322404 -0.072291335703
0.827913956978 -0.067192780922 -0.067192794879
0.828914457229 -0.062079046761 -0.062079061384
0.829914957479 -0.056950315836 -0.056950331134
0.830915457729 -0.051806785147 -0.051806801128
0.831915957979 -0.046648652778 -0.046648669448
0.832916458229 -0.041476117885 -0.041476135252
0.833916958479 -0.036289380689 -0.036289398758
0.834917458729 -0.031088642470 -0.031088661245
0.835917958979 -0.025874105555 -0.025874125041
0.836918459230 -0.020645973316 -0.020645993518
0.837918959480 -0.015404450159 -0.015404471078
0.838919459730 -0.010149741514 -0.010149763152
0.839919959980 -0.004882053830 -0.004882076189
0.840920460230 0.000398405432 0.000398382354
0.841920960480 0.005691427813 0.005691404015
0.842921460730 0.010996803857 0.010996779343
0.843921960980 0.016314323124 0.016314297897
0.844922461231 0.021643774199 0.021643748262
0.845922961481 0.026984944695 0.026984918055
0.846923461731 0.032337621267 0.032337593931
0.847923961981 0.037701589619 0.037701561594
0.848924462231 0.043076634510 0.043076605807
0.849924962481 0.048462539766 0.048462510396
0.850925462731 0.053859088288 0.053859058263
0.851925962981 0.059266062060 0.059266031393
0.852926463232 0.064683242155 0.064683210864
0.853926963482 0.070110408751 0.070110376851
0.854927463732 0.075547341133 0.075547308644
0.855927963982 0.080993817705 0.080993784649
0.856928464232 0.086449616000 0.086449582398
0.857928964482 0.091914512687 0.091914478564
0.858929464732 0.097388283579 0.097388248962
0.859929964982 0.102870703648 0.102870668565
0.860930465233 0.108361547028 0.108361511509
0.861930965483 0.113860587026 0.113860551103
0.862931465733 0.119367596132 0.119367559841
0.863931965983 0.124882346031 0.124882309409
0.864932466233 0.130404607606 0.130404570692
0.865932966483 0.135934150955 0.135934113791
0.866933466733 0.141470745394 0.141470708023
0.867933966983 0.147014159470 0.147014121940
0.868934467234 0.152564160971 0.152564123331
0.869934967484 0.158120516935 0.158120479236
0.870935467734 0.163682993658 0.163682955955
0.871935967984 0.169251356706 0.169251319057
0.872936468234 0.174825370925 0.174825333389
0.873936968484 0.180404800448 0.180404763088
0.874937468734 0.185989408710 0.185989371592
0.875937968984 0.191578958452 0.191578921645
0.876938469235 0.197173211736 0.197173175311
0.877938969485 0.202771929952 0.202771893984
0.878939469735 0.208374873830 0.208374838397
0.879939969985 0.213981803448 0.213981768631
0.880940470235 0.219592478244 0.219592444129
0.881940970485 0.225206657029 0.225206623702
0.882941470735 0.230824097988 0.230824065542
0.883941970985 0.236444558703 0.236444527230
0.884942471236 0.242067796151 0.242067765751
0.885942971486 0.247693566725 0.247693537498
0.886943471736 0.253321626238 0.253321598288
0.887943971986 0.258951729933 0.258951703371
0.888944472236 0.264583632500 0.264583607436
0.889944972486 0.270217088080 0.270217064630
0.890945472736 0.275851850277 0.275851828560
0.891945972986 0.281487672173 0.281487652312
0.892946473237 0.287124306333 0.287124288455
0.893946973487 0.292761504819 0.292761489053
0.894947473737 0.298399019199 0.298399005679
0.895947973987 0.304036600561 0.304036589425
0.896948474237 0.309673999519 0.309673990908
0.897948974487 0.315310966230 0.315310960289
0.898949474737 0.320947250397 0.320947247275
0.899949974987 0.326582601290 0.326582601137
0.900950475238 0.332216767747 0.332216770720
0.901950975488 0.337849498191 0.337849504450
0.902951475738 0.343480540641 0.343480550347
0.903951975988 0.349109642720 0.349109656041
0.904952476238 0.354736551669 0.354736568774
0.905952976488 0.360361014358 0.360361035419
0.906953476738 0.365982777293 0.365982802488
0.907953976988 0.371601586635 0.371601616142
0.908954477239 0.377217188203 0.377217222205
0.909954977489 0.382829327493 0.382829366175
0.910955477739 0.388437749682 0.388437793233
0.911955977989 0.394042199644 0.394042248256
0.912956478239 0.399642421963 0.399642475828
0.913956978489 0.405238160938 0.405238220253
0.914957478739 0.410829160599 0.410829225564
0.915957978989 0.416415164721 0.416415235534
0.916958479240 0.421995916828 0.421995993693
0.917958979490 0.427571160212 0.427571243332
0.918959479740 0.433140637939 0.433140727520
0.919959979990 0.438704092863 0.438704189113
0.920960480240 0.444261267641 0.444261370766
0.921960980490 0.449811904737 0.449812014946
0.922961480740 0.455355746440 0.455355863943
0.923961980990 0.460892534874 0.460892659879
0.924962481241 0.466422012009 0.466422144724
0.925962981491 0.471943919671 0.471944060306
0.926963481741 0.477457999560 0.477458148320
0.927963981991 0.482963993253 0.482964150346
0.928964482241 0.488461642225 0.488461807853
0.929964982491 0.493950687853 0.493950862219
0.930965482741 0.499430871432 0.499431054734
0.931965982991 0.504901934187 0.504902126621
0.932966483242 0.510363617283 0.510363819041
0.933966983492 0.515815661838 0.515815873108
0.934967483742 0.521257808935 0.521258029900
0.935967983992 0.526689799633 0.526690030470
0.936968484242 0.532111374982 0.532111615861
0.937968984492 0.537522276029 0.537522527115
0.938969484742 0.542922243837 0.542922505287
0.939969984992 0.548311019491 0.548311291453
0.940970485243 0.553688344115 0.553688626728
0.941970985493 0.559053958881 0.559054252274
0.942971485743 0.564407605021 0.564407909313
0.943971985993 0.569749023841 0.569749339138
0.944972486243 0.575077956731 0.575078283128
0.945972986493 0.580394145179 0.580394482757
0.946973486743 0.585697330781 0.585697679605
0.947973986993 0.590987255256 0.590987615376
0.948974487244 0.596263660456 0.596264031905
0.949974987494 0.601526288377 0.601526671170
0.950975487744 0.606774881175 0.606775275307
0.951975987994 0.612009181173 0.612009586620
0.952976488244 0.617228930879 0.617229347594
0.953976988494 0.622433872995 0.622434300906
0.954977488744 0.627623750426 0.627624189440
0.955977988994 0.632798306300 0.632798756294
0.956978489245 0.637957283974 0.637957744799
0.957978989495 0.643100427047 0.643100898523
0.958979489745 0.648227479375 0.648227961292
0.959979989995 0.653338185080 0.653338677194
0.960980490245 0.658432288565 0.658432790597
0.961980990495 0.663509534523 0.663510046157
0.962981490745 0.668569667953 0.668570188835
0.963981990995 0.673612434169 0.673612963904
0.964982491246 0.678637578815 0.678638116963
0.965982991496 0.683644847875 0.683645393950
0.966983491746 0.688633987685 0.688634541156
0.967983991996 0.693604744948 0.693605305231
0.968984492246 0.698556866742 0.698557433203
0.969984992496 0.703490100539 0.703490672485
0.970985492746 0.708404194208 0.708404770891
0.971985992996 0.713298896035 0.713299476644
0.972986493247 0.718173954732 0.718174538392
0.973986993497 0.723029119449 0.723029705219
0.974987493747 0.727864139787 0.727864726655
0.975987993997 0.732678765811 0.732679352692
0.976988494247 0.737472748059 0.737473333791
0.977988994497 0.742245837559 0.742246420899
0.978989494747 0.746997785836 0.746998365458
0.979989994997 0.751728344930 0.751728919418
0.980990495248 0.756437267401 0.756437835250
0.981990995498 0.761124306348 0.761124865955
0.982991495748 0.765789215417 0.765789765082
0.983991995998 0.770431748815 0.770432286732
0.984992496248 0.775051661323 0.775052185576
0.985992996498 0.779648708303 0.779649216864
0.986993496748 0.784222645716 0.784223136440
0.987993996998 0.788773230134 0.788773700751
0.988994497249 0.793300218746 0.793300666859
0.989994997499 0.797803369377 0.797803792454
0.990995497749 0.802282440496 0.802282835867
0.991995997999 0.806737191229 0.806737556081
0.992996498249 0.811167381373 0.811167712739
0.993996998499 0.815572771403 0.815573066164
0.994997498749 0.819953122492 0.819953377362
0.995997998999 0.824308196514 0.824308408040
0.996998499250 0.828637756062 0.828637920616
0.997998999500 0.832941564460 0.832941678229
0.998999499750 0.837219385769 0.837219444753
1.000000000000 0.841470984808 0.841470984808
