-1.000000000000 -0.841470984808 -0.841470984808
-0.998999499750 -0.844005580176 -0.847091877968
-0.997998999500 -0.846500092589 -0.852623295137
-0.996998499250 -0.848954490407 -0.858065524492
-0.995997998999 -0.851368743841 -0.863418856828
-0.994997498749 -0.853742824947 -0.868683585522
-0.993996998499 -0.856076707627 -0.873860006499
-0.992996498249 -0.858370367629 -0.878948418204
-0.991995997999 -0.860623782541 -0.883949121558
-0.990995497749 -0.862836931791 -0.888862419937
-0.989994997499 -0.865009796646 -0.893688619128
-0.988994497249 -0.867142360211 -0.898428027302
-0.987993996998 -0.869234607423 -0.903080954981
-0.986993496748 -0.871286525052 -0.907647715003
-0.985992996498 -0.873298101700 -0.912128622491
-0.984992496248 -0.875269327793 -0.916523994822
-0.983991995998 -0.877200195585 -0.920834151591
-0.982991495748 -0.879090699152 -0.925059414583
-0.981990995498 -0.880940834392 -0.929200107740
-0.980990495248 -0.882750599017 -0.933256557128
-0.979989994997 -0.884519992559 -0.937229090909
-0.978989494747 -0.886249016356 -0.941118039305
-0.977988994497 -0.887937673562 -0.944923734571
-0.976988494247 -0.889585969132 -0.948646510962
-0.975987993997 -0.891193909828 -0.952286704703
-0.974987493747 -0.892761504210 -0.955844653959
-0.973986993497 -0.894288762635 -0.959320698803
-0.972986493247 -0.895775697256 -0.962715181188
-0.971985992996 -0.897222322014 -0.966028444912
-0.970985492746 -0.898628652639 -0.969260835597
-0.969984992496 -0.899994706643 -0.972412700650
-0.968984492246 -0.901320503319 -0.975484389239
-0.967983991996 -0.902606063735 -0.978476252262
-0.966983491746 -0.903851410733 -0.981388642318
-0.965982991496 -0.905056568922 -0.984221913676
-0.964982491246 -0.906221564679 -0.986976422251
-0.963981990995 -0.907346426137 -0.989652525569
-0.962981490745 -0.908431183191 -0.992250582743
-0.961980990495 -0.909475867485 -0.994770954443
-0.960980490245 -0.910480512414 -0.997214002869
-0.959979989995 -0.911445153115 -0.999580091719
-0.958979489745 -0.912369826466 -1.001869586166
-0.957978989495 -0.913254571081 -1.004082852827
-0.956978489245 -0.914099427305 -1.006220259738
-0.955977988994 -0.914904437207 -1.008282176323
-0.954977488744 -0.915669644582 -1.010268973369
-0.953976988494 -0.916395094938 -1.012181023001
-0.952976488244 -0.917080835497 -1.014018698649
-0.951975987994 -0.917726915189 -1.015782375027
-0.950975487744 -0.918333384645 -1.017472428105
-0.949974987494 -0.918900296195 -1.019089235078
-0.948974487244 -0.919427703861 -1.020633174347
-0.947973986993 -0.919915663351 -1.022104625488
-0.946973486743 -0.920364232056 -1.023503969225
-0.945972986493 -0.920773469043 -1.024831587409
-0.944972486243 -0.921143435051 -1.026087862988
-0.943971985993 -0.921474192485 -1.027273179984
-0.942971485743 -0.921765805410 -1.028387923463
-0.941970985493 -0.922018339546 -1.029432479518
-0.940970485243 -0.922231862261 -1.030407235237
-0.939969984992 -0.922406442568 -1.031312578678
-0.938969484742 -0.922542151118 -1.032148898849
-0.937968984492 -0.922639060190 -1.032916585680
-0.936968484242 -0.922697243694 -1.033616029998
-0.935967983992 -0.922716777157 -1.034247623507
-0.934967483742 -0.922697737720 -1.034811758755
-0.933966983492 -0.922640204131 -1.035308829121
-0.932966483242 -0.922544256742 -1.035739228783
-0.931965982991 -0.922409977498 -1.036103352697
-0.930965482741 -0.922237449932 -1.036401596573
-0.929964982491 -0.922026759163 -1.036634356852
-0.928964482241 -0.921777991884 -1.036802030683
-0.927963981991 -0.921491236356 -1.036905015899
-0.926963481741 -0.921166582405 -1.036943710993
-0.925962981491 -0.920804121413 -1.036918515099
-0.924962481241 -0.920403946311 -1.036829827965
-0.923961980990 -0.919966151573 -1.036678049931
-0.922961480740 -0.919490833209 -1.036463581909
-0.921960980490 -0.918978088759 -1.036186825360
-0.920960480240 -0.918428017282 -1.035848182269
-0.919959979990 -0.917840719356 -1.035448055127
-0.918959479740 -0.917216297065 -1.034986846907
-0.917958979490 -0.916554853992 -1.034464961042
-0.916958479240 -0.915856495217 -1.033882801404
-0.915957978989 -0.915121327305 -1.033240772282
-0.914957478739 -0.914349458298 -1.032539278364
-0.913956978489 -0.913540997713 -1.031778724708
-0.912956478239 -0.912696056528 -1.030959516732
-0.911955977989 -0.911814747181 -1.030082060182
-0.910955477739 -0.910897183555 -1.029146761119
-0.909954977489 -0.909943480978 -1.028154025896
-0.908954477239 -0.908953756210 -1.027104261137
-0.907953976988 -0.907928127437 -1.025997873716
-0.906953476738 -0.906866714264 -1.024835270739
-0.905952976488 -0.905769637705 -1.023616859522
-0.904952476238 -0.904637020179 -1.022343047572
-0.903951975988 -0.903468985496 -1.021014242568
-0.902951475738 -0.902265658856 -1.019630852340
-0.901950975488 -0.901027166835 -1.018193284850
-0.900950475238 -0.899753637381 -1.016701948170
-0.899949974987 -0.898445199801 -1.015157250471
-0.898949474737 -0.897101984761 -1.013559599992
-0.897948974487 -0.895724124267 -1.011909405031
-0.896948474237 -0.894311751667 -1.010207073922
-0.895947973987 -0.892865001634 -1.008453015016
-0.894947473737 -0.891384010164 -1.006647636663
-0.893946973487 -0.889868914565 -1.004791347194
-0.892946473237 -0.888319853446 -1.002884554903
-0.891945972986 -0.886736966714 -1.000927668028
-0.890945472736 -0.885120395559 -0.998921094731
-0.889944972486 -0.883470282452 -0.996865243086
-0.888944472236 -0.881786771128 -0.994760521055
-0.887943971986 -0.880070006588 -0.992607336473
-0.886943471736 -0.878320135078 -0.990406097030
-0.885942971486 -0.876537304092 -0.988157210256
-0.884942471236 -0.874721662352 -0.985861083500
-0.883941970985 -0.872873359808 -0.983518123913
-0.882941470735 -0.870992547624 -0.981128738436
-0.881940970485 -0.869079378171 -0.978693333776
-0.880940470235 -0.867134005017 -0.976212316395
-0.879939969985 -0.865156582916 -0.973686092490
-0.878939469735 -0.863147267805 -0.971115067980
-0.877938969485 -0.861106216786 -0.968499648483
-0.876938469235 -0.859033588125 -0.965840239309
-0.875937968984 -0.856929541237 -0.963137245434
-0.874937468734 -0.854794236679 -0.960391071492
-0.873936968484 -0.852627836140 -0.957602121756
-0.872936468234 -0.850430502434 -0.954770800121
-0.871935967984 -0.848202399485 -0.951897510089
-0.870935467734 -0.845943692322 -0.948982654755
-0.869934967484 -0.843654547070 -0.946026636792
-0.868934467234 -0.841335130935 -0.943029858432
-0.867933966983 -0.838985612203 -0.939992721453
-0.866933466733 -0.836606160220 -0.936915627167
-0.865932966483 -0.834196945391 -0.933798976400
-0.864932466233 -0.831758139166 -0.930643169480
-0.863931965983 -0.829289914030 -0.927448606221
-0.862931465733 -0.826792443496 -0.924215685911
-0.861930965483 -0.824265902092 -0.920944807294
-0.860930465233 -0.821710465353 -0.917636368558
-0.859929964982 -0.819126309811 -0.914290767321
-0.858929464732 -0.816513612983 -0.910908400616
-0.857928964482 -0.813872553365 -0.907489664876
-0.856928464232 -0.811203310417 -0.904034955922
-0.855927963982 -0.808506064558 -0.900544668950
-0.854927463732 -0.805780997150 -0.897019198513
-0.853926963482 -0.803028290495 -0.893458938514
-0.852926463232 -0.800248127820 -0.889864282186
-0.851925962981 -0.797440693265 -0.886235622084
-0.850925462731 -0.794606171881 -0.882573350068
-0.849924962481 -0.791744749610 -0.878877857293
-0.848924462231 -0.788856613282 -0.875149534193
-0.847923961981 -0.785941950600 -0.871388770473
-0.846923461731 -0.783000950132 -0.867595955090
-0.845922961481 -0.780033801302 -0.863771476244
-0.844922461231 -0.777040694376 -0.859915721367
-0.843921960980 -0.774021820454 -0.856029077106
-0.842921460730 -0.770977371459 -0.852111929316
-0.841920960480 -0.767907540127 -0.848164663043
-0.840920460230 -0.764812519996 -0.844187662516
-0.839919959980 -0.761692505394 -0.840181311133
-0.838919459730 -0.758547691433 -0.836145991448
-0.837918959480 -0.755378273993 -0.832082085163
-0.836918459230 -0.752184449716 -0.827989973113
-0.835917958979 -0.748966415991 -0.823870035255
-0.834917458729 -0.745724370948 -0.819722650658
-0.833916958479 -0.742458513444 -0.815548197491
-0.832916458229 -0.739169043053 -0.811347053013
-0.831915957979 -0.735856160058 -0.807119593557
-0.830915457729 -0.732520065435 -0.802866194528
-0.829914957479 -0.729160960847 -0.798587230382
-0.828914457229 -0.725779048633 -0.794283074624
-0.827913956978 -0.722374531793 -0.789954099792
-0.826913456728 -0.718947613983 -0.785600677447
-0.825912956478 -0.715498499499 -0.781223178164
-0.824912456228 -0.712027393270 -0.776821971523
-0.823911955978 -0.708534500845 -0.772397426095
-0.822911455728 -0.705020028384 -0.767949909435
-0.821910955478 -0.701484182645 -0.763479788070
-0.820910455228 -0.697927170975 -0.758987427491
-0.819909954977 -0.694349201298 -0.754473192140
-0.818909454727 -0.690750482104 -0.749937445405
-0.817908954477 -0.687131222440 -0.745380549606
-0.816908454227 -0.683491631897 -0.740802865988
-0.815907953977 -0.679831920599 -0.736204754711
-0.814907453727 -0.676152299194 -0.731586574839
-0.813906953477 -0.672452978841 -0.726948684335
-0.812906453227 -0.668734171202 -0.722291440046
-0.811905952976 -0.664996088425 -0.717615197700
-0.810905452726 -0.661238943142 -0.712920311892
-0.809904952476 -0.657462948450 -0.708207136080
-0.808904452226 -0.653668317904 -0.703476022570
-0.807903951976 -0.649855265505 -0.698727322515
-0.806903451726 -0.646024005690 -0.693961385900
-0.805902951476 -0.642174753318 -0.689178561537
-0.804902451226 -0.638307723663 -0.684379197055
-0.803901950975 -0.634423132402 -0.679563638894
-0.802901450725 -0.630521195601 -0.674732232294
-0.801900950475 -0.626602129707 -0.669885321290
-0.800900450225 -0.622666151537 -0.665023248700
-0.799899949975 -0.618713478265 -0.660146356121
-0.798899449725 -0.614744327413 -0.655254983919
-0.797898949475 -0.610758916839 -0.650349471224
-0.796898449225 -0.606757464724 -0.645430155919
-0.795897948974 -0.602740189567 -0.640497374632
-0.794897448724 -0.598707310166 -0.635551462736
-0.793896948474 -0.594659045614 -0.630592754330
-0.792896448224 -0.590595615284 -0.625621582243
-0.791895947974 -0.586517238818 -0.620638278019
-0.790895447724 -0.582424136118 -0.615643171915
-0.789894947474 -0.578316527334 -0.610636592891
-0.788894447224 -0.574194632852 -0.605618868604
-0.787893946973 -0.570058673286 -0.600590325401
-0.786893446723 -0.565908869463 -0.595551288315
-0.785892946473 -0.561745442414 -0.590502081053
-0.784892446223 -0.557568613365 -0.585443025995
-0.783891945973 -0.553378603720 -0.580374444184
-0.782891445723 -0.549175635059 -0.575296655322
-0.781890945473 -0.544959929119 -0.570209977763
-0.780890445223 -0.540731707785 -0.565114728504
-0.779889944972 -0.536491193084 -0.560011223184
-0.778889444722 -0.532238607167 -0.554899776075
-0.777888944472 -0.527974172301 -0.549780700077
-0.776888444222 -0.523698110862 -0.544654306711
-0.775887943972 -0.519410645315 -0.539520906115
-0.774887443722 -0.515111998214 -0.534380807037
-0.773886943472 -0.510802392181 -0.529234316831
-0.772886443222 -0.506482049903 -0.524081741449
-0.771885942971 -0.502151194115 -0.518923385438
-0.770885442721 -0.497810047596 -0.513759551934
-0.769884942471 -0.493458833149 -0.508590542657
-0.768884442221 -0.489097773600 -0.503416657906
-0.767883941971 -0.484727091779 -0.498238196553
-0.766883441721 -0.480347010516 -0.493055456037
-0.765882941471 -0.475957752623 -0.487868732363
-0.764882441221 -0.471559540891 -0.482678320095
-0.763881940970 -0.467152598072 -0.477484512350
-0.762881440720 -0.462737146875 -0.472287600795
-0.761880940470 -0.458313409949 -0.467087875642
-0.760880440220 -0.453881609877 -0.461885625644
-0.759879939970 -0.449441969163 -0.456681138091
-0.758879439720 -0.444994710222 -0.451474698802
-0.757878939470 -0.440540055368 -0.446266592126
-0.756878439220 -0.436078226808 -0.441057100937
-0.755877938969 -0.431609446624 -0.435846506624
-0.754877438719 -0.427133936768 -0.430635089096
-0.753876938469 -0.422651919051 -0.425423126771
-0.752876438219 -0.418163615129 -0.420210896575
-0.751875937969 -0.413669246498 -0.414998673939
-0.750875437719 -0.409169034477 -0.409786732793
-0.749874937469 -0.404663200204 -0.404575345564
-0.748874437219 -0.400151964618 -0.399364783173
-0.747873936968 -0.395635548457 -0.394155315030
-0.746873436718 -0.391114172243 -0.388947209031
-0.745872936468 -0.386588056270 -0.383740731555
-0.744872436218 -0.382057420597 -0.378536147461
-0.743871935968 -0.377522485038 -0.373333720086
-0.742871435718 -0.372983469148 -0.368133711238
-0.741870935468 -0.368440592216 -0.362936381197
-0.740870435218 -0.363894073253 -0.357741988710
-0.739869934967 -0.359344130983 -0.352550790989
-0.738869434717 -0.354790983832 -0.347363043709
-0.737868934467 -0.350234849920 -0.342179001002
-0.736868434217 -0.345675947045 -0.336998915457
-0.735867933967 -0.341114492681 -0.331823038120
-0.734867433717 -0.336550703961 -0.326651618484
-0.733866933467 -0.331984797672 -0.321484904494
-0.732866433217 -0.327416990240 -0.316323142541
-0.731865932966 -0.322847497726 -0.311166577460
-0.730865432716 -0.318276535811 -0.306015452528
-0.729864932466 -0.313704319787 -0.300870009463
-0.728864432216 -0.309131064552 -0.295730488421
-0.727863931966 -0.304556984591 -0.290597127993
-0.726863431716 -0.299982293975 -0.285470165203
-0.725862931466 -0.295407206347 -0.280349835510
-0.724862431216 -0.290831934913 -0.275236372802
-0.723861930965 -0.286256692430 -0.270130009393
-0.722861430715 -0.281681691202 -0.265030976029
-0.721860930465 -0.277107143065 -0.259939501877
-0.720860430215 -0.272533259379 -0.254855814529
-0.719859929965 -0.267960251020 -0.249780139999
-0.718859429715 -0.263388328367 -0.244712702724
-0.717858929465 -0.258817701298 -0.239653725558
-0.716858429215 -0.254248579174 -0.234603429773
-0.715857928964 -0.249681170836 -0.229562035061
-0.714857428714 -0.245115684589 -0.224529759526
-0.713856928464 -0.240552328200 -0.219506819690
-0.712856428214 -0.235991308881 -0.214493430488
-0.711855927964 -0.231432833287 -0.209489805266
-0.710855427714 -0.226877107501 -0.204496155784
-0.709854927464 -0.222324337029 -0.199512692212
-0.708854427214 -0.217774726788 -0.194539623131
-0.707853926963 -0.213228481098 -0.189577155531
-0.706853426713 -0.208685803673 -0.184625494812
-0.705852926463 -0.204146897614 -0.179684844781
-0.704852426213 -0.199611965395 -0.174755407655
-0.703851925963 -0.195081208859 -0.169837384055
-0.702851425713 -0.190554829206 -0.164930973012
-0.701850925463 -0.186033026987 -0.160036371963
-0.700850425213 -0.181516002093 -0.155153776751
-0.699849924962 -0.177003953746 -0.150283381625
-0.698849424712 -0.172497080492 -0.145425379242
-0.697848924462 -0.167995580192 -0.140579960662
-0.696848424212 -0.163499650013 -0.135747315352
-0.695847923962 -0.159009486417 -0.130927631187
-0.694847423712 -0.154525285158 -0.126121094445
-0.693846923462 -0.150047241268 -0.121327889811
-0.692846423212 -0.145575549054 -0.116548200378
-0.691845922961 -0.141110402084 -0.111782207644
-0.690845422711 -0.136651993183 -0.107030091514
-0.689844922461 -0.132200514421 -0.102292030301
-0.688844422211 -0.127756157109 -0.097568200725
-0.687843921961 -0.123319111788 -0.092858777913
-0.686843421711 -0.118889568221 -0.088163935405
-0.685842921461 -0.114467715387 -0.083483845145
-0.684842421211 -0.110053741469 -0.078818677491
-0.683841920960 -0.105647833851 -0.074168601209
-0.682841420710 -0.101250179107 -0.069533783477
-0.681840920460 -0.096860962993 -0.064914389886
-0.680840420210 -0.092480370440 -0.060310584440
-0.679839919960 -0.088108585546 -0.055722529557
-0.678839419710 -0.083745791570 -0.051150386068
-0.677838919460 -0.079392170922 -0.046594313222
-0.676838419210 -0.075047905155 -0.042054468685
-0.675837918959 -0.070713174960 -0.037531008541
-0.674837418709 -0.066388160156 -0.033024087292
-0.673836918459 -0.062073039686 -0.028533857863
-0.672836418209 -0.057767991604 -0.024060471598
-0.671835917959 -0.053473193074 -0.019604078266
-0.670835417709 -0.049188820358 -0.015164826061
-0.669834917459 -0.044915048811 -0.010742861601
-0.668834417209 -0.040652052874 -0.006338329934
-0.667833916958 -0.036400006064 -0.001951374534
-0.666833416708 -0.032159080972 0.002417862691
-0.665832916458 -0.027929449250 0.006769241403
-0.664832416208 -0.023711281611 0.011102622829
-0.663831915958 -0.019504747815 0.015417869762
-0.662831415708 -0.015310016667 0.019714846555
-0.661830915458 -0.011127256008 0.023993419124
-0.660830415208 -0.006956632711 0.028253454943
-0.659829914957 -0.002798312669 0.032494823042
-0.658829414707 0.001347539205 0.036717394008
-0.657828914457 0.005480758991 0.040921039979
-0.656828414207 0.009601183761 0.045105634645
-0.655827913957 0.013708651595 0.049271053244
-0.654827413707 0.017803001578 0.053417172561
-0.653826913457 0.021884073811 0.057543870926
-0.652826413207 0.025951709419 0.061651028210
-0.651825912956 0.030005750551 0.065738525825
-0.650825412706 0.034046040394 0.069806246720
-0.649824912456 0.038072423172 0.073854075378
-0.648824412206 0.042084744156 0.077881897816
-0.647823911956 0.046082849669 0.081889601582
-0.646823411706 0.050066587092 0.085877075749
-0.645822911456 0.054035804869 0.089844210919
-0.644822411206 0.057990352514 0.093790899212
-0.643821910955 0.061930080615 0.097717034272
-0.642821410705 0.065854840842 0.101622511257
-0.641820910455 0.069764485951 0.105507226843
-0.640820410205 0.073658869790 0.109371079213
-0.639819909955 0.077537847303 0.113213968064
-0.638819409705 0.081401274537 0.117035794595
-0.637818909455 0.085249008649 0.120836461510
-0.636818409205 0.089080907906 0.124615873013
-0.635817908954 0.092896831696 0.128373934805
-0.634817408704 0.096696640529 0.132110554081
-0.633816908454 0.100480196044 0.135825639527
-0.632816408204 0.104247361013 0.139519101319
-0.631815907954 0.107997999349 0.143190851114
-0.630815407704 0.111731976104 0.146840802055
-0.629814907454 0.115449157483 0.150468868760
-0.628814407204 0.119149410841 0.154074967324
-0.627813906953 0.122832604691 0.157659015313
-0.626813406703 0.126498608709 0.161220931764
-0.625812906453 0.130147293737 0.164760637175
-0.624812406203 0.133778531788 0.168278053510
-0.623811905953 0.137392196053 0.171773104188
-0.622811405703 0.140988160900 0.175245714086
-0.621810905453 0.144566301882 0.178695809529
-0.620810405203 0.148126495743 0.182123318292
-0.619809904952 0.151668620417 0.185528169595
-0.618809404702 0.155192555036 0.188910294096
-0.617808904452 0.158698179932 0.192269623891
-0.616808404202 0.162185376643 0.195606092510
-0.615807903952 0.165654027914 0.198919634911
-0.614807403702 0.169104017703 0.202210187479
-0.613806903452 0.172535231187 0.205477688021
-0.612806403202 0.175947554758 0.208722075760
-0.611805902951 0.179340876035 0.211943291335
-0.610805402701 0.182715083864 0.215141276795
-0.609804902451 0.186070068319 0.218315975595
-0.608804402201 0.189405720711 0.221467332592
-0.607803901951 0.192721933586 0.224595294043
-0.606803401701 0.196018600733 0.227699807596
-0.605802901451 0.199295617183 0.230780822292
-0.604802401201 0.202552879214 0.233838288557
-0.603801900950 0.205790284356 0.236872158200
-0.602801400700 0.209007731388 0.239882384406
-0.601800900450 0.212205120350 0.242868921735
-0.600800400200 0.215382352539 0.245831726115
-0.599799899950 0.218539330511 0.248770754841
-0.598799399700 0.221675958090 0.251685966568
-0.597798899450 0.224792140367 0.254577321305
-0.596798399200 0.227887783699 0.257444780417
-0.595797898949 0.230962795721 0.260288306614
-0.594797398699 0.234017085337 0.263107863951
-0.593796898449 0.237050562732 0.265903417820
-0.592796398199 0.240063139368 0.268674934948
-0.591795897949 0.243054727992 0.271422383394
-0.590795397699 0.246025242631 0.274145732539
-0.589794897449 0.248974598600 0.276844953087
-0.588794397199 0.251902712503 0.279520017057
-0.587793896948 0.254809502232 0.282170897781
-0.586793396698 0.257694886972 0.284797569895
-0.585792896448 0.260558787202 0.287400009340
-0.584792396198 0.263401124696 0.289978193354
-0.583791895948 0.266221822527 0.292532100466
-0.582791395698 0.269020805064 0.295061710497
-0.581790895448 0.271797997979 0.297567004547
-0.580790395198 0.274553328245 0.300047964996
-0.579789894947 0.277286724139 0.302504575498
-0.578789394697 0.279998115242 0.304936820976
-0.577788894447 0.282687432443 0.307344687616
-0.576788394197 0.285354607935 0.309728162864
-0.575787893947 0.287999575224 0.312087235419
-0.574787393697 0.290622269121 0.314421895230
-0.573786893447 0.293222625751 0.316732133489
-0.572786393197 0.295800582549 0.319017942627
-0.571785892946 0.298356078263 0.321279316311
-0.570785392696 0.300889052954 0.323516249436
-0.569784892446 0.303399447997 0.325728738120
-0.568784392196 0.305887206083 0.327916779700
-0.567783891946 0.308352271216 0.330080372728
-0.566783391696 0.310794588718 0.332219516964
-0.565782891446 0.313214105226 0.334334213370
-0.564782391196 0.315610768694 0.336424464107
-0.563781890945 0.317984528393 0.338490272531
-0.562781390695 0.320335334913 0.340531643183
-0.561780890445 0.322663140158 0.342548581788
-0.560780390195 0.324967897353 0.344541095246
-0.559779889945 0.327249561039 0.346509191633
-0.558779389695 0.329508087076 0.348452880187
-0.557778889445 0.331743432640 0.350372171310
-0.556778389195 0.333955556226 0.352267076559
-0.555777888944 0.336144417645 0.354137608642
-0.554777388694 0.338309978027 0.355983781412
-0.553776888444 0.340452199815 0.357805609861
-0.552776388194 0.342571046773 0.359603110116
-0.551775887944 0.344666483977 0.361376299432
-0.550775387694 0.346738477820 0.363125196187
-0.549774887444 0.348786996009 0.364849819879
-0.548774387194 0.350812007565 0.366550191115
-0.547773886943 0.352813482823 0.368226331612
-0.546773386693 0.354791393430 0.369878264185
-0.545772886443 0.356745712342 0.371506012748
-0.544772386193 0.358676413830 0.373109602301
-0.543771885943 0.360583473471 0.374689058933
-0.542771385693 0.362466868151 0.376244409807
-0.541770885443 0.364326576065 0.377775683163
-0.540770385193 0.366162576713 0.379282908307
-0.539769884942 0.367974850899 0.380766115606
-0.538769384692 0.369763380731 0.382225336484
-0.537768884442 0.371528149620 0.383660603416
-0.536768384192 0.373269142275 0.385071949920
-0.535767883942 0.374986344707 0.386459410555
-0.534767383692 0.376679744223 0.387823020912
-0.533766883442 0.378349329424 0.389162817609
-0.532766383192 0.379995090208 0.390478838286
-0.531765882941 0.381617017763 0.391771121600
-0.530765382691 0.383215104568 0.393039707217
-0.529764882441 0.384789344390 0.394284635807
-0.528764382191 0.386339732284 0.395505949038
-0.527763881941 0.387866264586 0.396703689573
-0.526763381691 0.389368938916 0.397877901059
-0.525762881441 0.390847754175 0.399028628124
-0.524762381191 0.392302710539 0.400155916372
-0.523761880940 0.393733809462 0.401259812376
-0.522761380690 0.395141053669 0.402340363670
-0.521760880440 0.396524447156 0.403397618749
-0.520760380190 0.397883995189 0.404431627055
-0.519759879940 0.399219704295 0.405442438978
-0.518759379690 0.400531582268 0.406430105846
-0.517758879440 0.401819638161 0.407394679921
-0.516758379190 0.403083882282 0.408336214391
-0.515757878939 0.404324326196 0.409254763367
-0.514757378689 0.405540982719 0.410150381873
-0.513756878439 0.406733865915 0.411023125845
-0.512756378189 0.407902991095 0.411873052120
-0.511755877939 0.409048374811 0.412700218434
-0.510755377689 0.410170034854 0.413504683412
-0.509754877439 0.411267990254 0.414286506566
-0.508754377189 0.412342261271 0.415045748285
-0.507753876938 0.413392869397 0.415782469833
-0.506753376688 0.414419837348 0.416496733339
-0.505752876438 0.415423189064 0.417188601793
-0.504752376188 0.416402949705 0.417858139042
-0.503751875938 0.417359145646 0.418505409777
-0.502751375688 0.418291804474 0.419130479534
-0.501750875438 0.419200954985 0.419733414686
-0.500750375188 0.420086627179 0.420314282435
-0.499749874937 0.420948852258 0.420873150806
-0.498749374687 0.421787662621 0.421410088642
-0.497748874437 0.422603091859 0.421925165600
-0.496748374187 0.423395174753 0.422418452138
-0.495747873937 0.424163947270 0.422890019517
-0.494747373687 0.424909446558 0.423339939789
-0.493746873437 0.425631710941 0.423768285794
-0.492746373187 0.426330779915 0.424175131152
-0.491745872936 0.427006694148 0.424560550256
-0.490745372686 0.427659495469 0.424924618270
-0.489744872436 0.428289226868 0.425267411118
-0.488744372186 0.428895932491 0.425589005480
-0.487743871936 0.429479657635 0.425889478786
-0.486743371686 0.430040448742 0.426168909208
-0.485742871436 0.430578353398 0.426427375656
-0.484742371186 0.431093420324 0.426664957772
-0.483741870935 0.431585699376 0.426881735920
-0.482741370685 0.432055241536 0.427077791184
-0.481740870435 0.432502098910 0.427253205359
-0.480740370185 0.432926324721 0.427408060946
-0.479739869935 0.433327973308 0.427542441145
-0.478739369685 0.433707100114 0.427656429851
-0.477738869435 0.434063761690 0.427750111643
-0.476738369185 0.434398015683 0.427823571784
-0.475737868934 0.434709920831 0.427876896208
-0.474737368684 0.434999536964 0.427910171520
-0.473736868434 0.435266924993 0.427923484983
-0.472736368184 0.435512146905 0.427916924520
-0.471735867934 0.435735265761 0.427890578700
-0.470735367684 0.435936345690 0.427844536736
-0.469734867434 0.436115451878 0.427778888477
-0.468734367184 0.436272650572 0.427693724403
-0.467733866933 0.436408009067 0.427589135617
-0.466733366683 0.436521595701 0.427465213840
-0.465732866433 0.436613479855 0.427322051406
-0.464732366183 0.436683731942 0.427159741251
-0.463731865933 0.436732423401 0.426978376913
-0.462731365683 0.436759626695 0.426778052519
-0.461730865433 0.436765415305 0.426558862784
-0.460730365183 0.436749863718 0.426320903004
-0.459729864932 0.436713047429 0.426064269047
-0.458729364682 0.436655042931 0.425789057347
-0.457728864432 0.436575927710 0.425495364902
-0.456728364182 0.436475780236 0.425183289261
-0.455727863932 0.436354679962 0.424852928524
-0.454727363682 0.436212707315 0.424504381332
-0.453726863432 0.436049943691 0.424137746861
-0.452726363182 0.435866471445 0.423753124818
-0.451725862931 0.435662373892 0.423350615431
-0.450725362681 0.435437735293 0.422930319446
-0.449724862431 0.435192640853 0.422492338120
-0.448724362181 0.434927176714 0.422036773212
-0.447723861931 0.434641429950 0.421563726980
-0.446723361681 0.434335488556 0.421073302175
-0.445722861431 0.434009441445 0.420565602030
-0.444722361181 0.433663378443 0.420040730261
-0.443721860930 0.433297390278 0.419498791052
-0.442721360680 0.432911568575 0.418939889057
-0.441720860430 0.432506005852 0.418364129388
-0.440720360180 0.432080795511 0.417771617613
-0.439719859930 0.431636031828 0.417162459745
-0.438719359680 0.431171809955 0.416536762240
-0.437718859430 0.430688225904 0.415894631987
-0.436718359180 0.430185376545 0.415236176306
-0.435717858929 0.429663359599 0.414561502939
-0.434717358679 0.429122273627 0.413870720043
-0.433716858429 0.428562218031 0.413163936185
-0.432716358179 0.427983293038 0.412441260337
-0.431715857929 0.427385599699 0.411702801867
-0.430715357679 0.426769239880 0.410948670535
-0.429714857429 0.426134316254 0.410178976487
-0.428714357179 0.425480932295 0.409393830244
-0.427713856928 0.424809192272 0.408593342704
-0.426713356678 0.424119201238 0.407777625129
-0.425712856428 0.423411065026 0.406946789140
-0.424712356178 0.422684890241 0.406100946715
-0.423711855928 0.421940784254 0.405240210176
-0.422711355678 0.421178855189 0.404364692189
-0.421710855428 0.420399211925 0.403474505754
-0.420710355178 0.419601964079 0.402569764201
-0.419709854927 0.418787222004 0.401650581182
-0.418709354677 0.417955096782 0.400717070667
-0.417708854427 0.417105700214 0.399769346935
-0.416708354177 0.416239144811 0.398807524570
-0.415707853927 0.415355543794 0.397831718454
-0.414707353677 0.414455011075 0.396842043761
-0.413706853427 0.413537661261 0.395838615953
-0.412706353177 0.412603609637 0.394821550769
-0.411705852926 0.411652972165 0.393790964223
-0.410705352676 0.410685865471 0.392746972597
-0.409704852426 0.409702406842 0.391689692433
-0.408704352176 0.408702714215 0.390619240530
-0.407703851926 0.407686906170 0.389535733935
-0.406703351676 0.406655101923 0.388439289940
-0.405702851426 0.405607421318 0.387330026072
-0.404702351176 0.404543984818 0.386208060091
-0.403701850925 0.403464913497 0.385073509980
-0.402701350675 0.402370329035 0.383926493943
-0.401700850425 0.401260353706 0.382767130395
-0.400700350175 0.400135110374 0.381595537961
-0.399699849925 0.398994722482 0.380411835464
-0.398699349675 0.397839314045 0.379216141922
-0.397698849425 0.396669009643 0.378008576543
-0.396698349175 0.395483934410 0.376789258719
-0.395697848924 0.394284214030 0.375558308017
-0.394697348674 0.393069974726 0.374315844174
-0.393696848424 0.391841343253 0.373061987096
-0.392696348174 0.390598446890 0.371796856844
-0.391695847924 0.389341413431 0.370520573635
-0.390695347674 0.388070371176 0.369233257832
-0.389694847424 0.386785448927 0.367935029938
-0.388694347174 0.385486775976 0.366626010594
-0.387693846923 0.384174482096 0.365306320569
-0.386693346673 0.382848697537 0.363976080756
-0.385692846423 0.381509553014 0.362635412165
-0.384692346173 0.380157179700 0.361284435919
-0.383691845923 0.378791709218 0.359923273248
-0.382691345673 0.377413273632 0.358552045478
-0.381690845423 0.376022005441 0.357170874035
-0.380690345173 0.374618037566 0.355779880430
-0.379689844922 0.373201503347 0.354379186257
-0.378689344672 0.371772536530 0.352968913188
-0.377688844422 0.370331271264 0.351549182967
-0.376688344172 0.368877842085 0.350120117401
-0.375687843922 0.367412383916 0.348681838358
-0.374687343672 0.365935032052 0.347234467762
-0.373686843422 0.364445922157 0.345778127583
-0.372686343172 0.362945190249 0.344312939833
-0.371685842921 0.361432972699 0.342839026563
-0.370685342671 0.359909406218 0.341356509853
-0.369684842421 0.358374627848 0.339865511812
-0.368684342171 0.356828774957 0.338366154564
-0.367683841921 0.355271985227 0.336858560252
-0.366683341671 0.353704396648 0.335342851025
-0.365682841421 0.352126147510 0.333819149035
-0.364682341171 0.350537376391 0.332287576433
-0.363681840920 0.348938222151 0.330748255359
-0.362681340670 0.347328823924 0.329201307944
-0.361680840420 0.345709321109 0.327646856295
-0.360680340170 0.344079853361 0.326085022497
-0.359679839920 0.342440560581 0.324515928603
-0.358679339670 0.340791582913 0.322939696631
-0.357678839420 0.339133060726 0.321356448559
-0.356678339170 0.337465134618 0.319766306315
-0.355677838919 0.335787945394 0.318169391778
-0.354677338669 0.334101634069 0.316565826767
-0.353676838419 0.332406341853 0.314955733040
-0.352676338169 0.330702210143 0.313339232284
-0.351675837919 0.328989380516 0.311716446113
-0.350675337669 0.327267994721 0.310087496064
-0.349674837419 0.325538194669 0.308452503585
-0.348674337169 0.323800122424 0.306811590037
-0.347673836918 0.322053920197 0.305164876685
-0.346673336668 0.320299730335 0.303512484693
-0.345672836418 0.318537695314 0.301854535120
-0.344672336168 0.316767957728 0.300191148911
-0.343671835918 0.314990660284 0.298522446898
-0.342671335668 0.313205945792 0.296848549789
-0.341670835418 0.311413957156 0.295169578166
-0.340670335168 0.309614837364 0.293485652477
-0.339669834917 0.307808729485 0.291796893035
-0.338669334667 0.305995776653 0.290103420008
-0.337668834417 0.304176122065 0.288405353419
-0.336668334167 0.302349908968 0.286702813136
-0.335667833917 0.300517280654 0.284995918869
-0.334667333667 0.298678380448 0.283284790165
-0.333666833417 0.296833351703 0.281569546404
-0.332666333167 0.294982337789 0.279850306791
-0.331665832916 0.293125482085 0.278127190353
-0.330665332666 0.291262927974 0.276400315935
-0.329664832416 0.289394818828 0.274669802191
-0.328664332166 0.287521298005 0.272935767584
-0.327663831916 0.285642508838 0.271198330377
-0.326663331666 0.283758594628 0.269457608630
-0.325662831416 0.281869698636 0.267713720194
-0.324662331166 0.279975964070 0.265966782710
-0.323661830915 0.278077534085 0.264216913596
-0.322661330665 0.276174551766 0.262464230050
-0.321660830415 0.274267160126 0.260708849041
-0.320660330165 0.272355502094 0.258950887306
-0.319659829915 0.270439720508 0.257190461344
-0.318659329665 0.268519958106 0.255427687411
-0.317658829415 0.266596357520 0.253662681516
-0.316658329165 0.264669061266 0.251895559417
-0.315657828914 0.262738211732 0.250126436614
-0.314657328664 0.260803951179 0.248355428347
-0.313656828414 0.258866421723 0.246582649587
-0.312656328164 0.256925765333 0.244808215038
-0.311655827914 0.254982123821 0.243032239125
-0.310655327664 0.253035638833 0.241254835996
-0.309654827414 0.251086451842 0.239476119510
-0.308654327164 0.249134704138 0.237696203240
-0.307653826913 0.247180536824 0.235915200465
-0.306653326663 0.245224090804 0.234133224163
-0.305652826413 0.243265506774 0.232350387010
-0.304652326163 0.241304925218 0.230566801376
-0.303651825913 0.239342486399 0.228782579315
-0.302651325663 0.237378330347 0.226997832569
-0.301650825413 0.235412596858 0.225212672555
-0.300650325163 0.233445425477 0.223427210367
-0.299649824912 0.231476955499 0.221641556766
-0.298649324662 0.229507325956 0.219855822183
-0.297648824412 0.227536675609 0.218070116706
-0.296648324162 0.225565142943 0.216284550082
-0.295647823912 0.223592866155 0.214499231710
-0.294647323662 0.221619983152 0.212714270637
-0.293646823412 0.219646631536 0.210929775555
-0.292646323162 0.217672948604 0.209145854794
-0.291645822911 0.215699071331 0.207362616321
-0.290645322661 0.213725136373 0.205580167733
-0.289644822411 0.211751280049 0.203798616254
-0.288644322161 0.209777638342 0.202018068732
-0.287643821911 0.207804346884 0.200238631632
-0.286643321661 0.205831540954 0.198460411034
-0.285642821411 0.203859355467 0.196683512630
-0.284642321161 0.201887924968 0.194908041715
-0.283641820910 0.199917383623 0.193134103190
-0.282641320660 0.197947865213 0.191361801551
-0.281640820410 0.195979503128 0.189591240889
-0.280640320160 0.194012430354 0.187822524886
-0.279639819910 0.192046779472 0.186055756811
-0.278639319660 0.190082682645 0.184291039511
-0.277638819410 0.188120271615 0.182528475417
-0.276638319160 0.186159677694 0.180768166529
-0.275637818909 0.184201031755 0.179010214421
-0.274637318659 0.182244464229 0.177254720232
-0.273636818409 0.180290105093 0.175501784666
-0.272636318159 0.178338083864 0.173751507981
-0.271635817909 0.176388529596 0.172003989996
-0.270635317659 0.174441570866 0.170259330078
-0.269634817409 0.172497335773 0.168517627143
-0.268634317159 0.170555951927 0.166778979648
-0.267633816908 0.168617546443 0.165043485595
-0.266633316658 0.166682245936 0.163311242518
-0.265632816408 0.164750176510 0.161582347488
-0.264632316158 0.162821463754 0.159856897102
-0.263631815908 0.160896232736 0.158134987484
-0.262631315658 0.158974607993 0.156416714280
-0.261630815408 0.157056713526 0.154702172654
-0.260630315158 0.155142672793 0.152991457286
-0.259629814907 0.153232608702 0.151284662368
-0.258629314657 0.151326643605 0.149581881597
-0.257628814407 0.149424899290 0.147883208178
-0.256628314157 0.147527496975 0.146188734816
-0.255627813907 0.145634557302 0.144498553712
-0.254627313657 0.143746200331 0.142812756564
-0.253626813407 0.141862545529 0.141131434559
-0.252626313157 0.139983711771 0.139454678373
-0.251625812906 0.138109817326 0.137782578166
-0.250625312656 0.136240979857 0.136115223579
-0.249624812406 0.134377316408 0.134452703730
-0.248624312156 0.132518943406 0.132795107212
-0.247623811906 0.130665976645 0.131142522091
-0.246623311656 0.128818531288 0.129495035899
-0.245622811406 0.126976721858 0.127852735634
-0.244622311156 0.125140662228 0.126215707756
-0.243621810905 0.123310465622 0.124584038184
-0.242621310655 0.121486244604 0.122957812291
-0.241620810405 0.119668111070 0.121337114905
-0.240620310155 0.117856176251 0.119722030302
-0.239619809905 0.116050550697 0.118112642207
-0.238619309655 0.114251344275 0.116509033784
-0.237618809405 0.112458666167 0.114911287643
-0.236618309155 0.110672624857 0.113319485829
-0.235617808904 0.108893328131 0.111733709822
-0.234617308654 0.107120883067 0.110154040534
-0.233616808404 0.105355396035 0.108580558306
-0.232616308154 0.103596972684 0.107013342907
-0.231615807904 0.101845717942 0.105452473527
-0.230615307654 0.100101736008 0.103898028780
-0.229614807404 0.098365130349 0.102350086694
-0.228614307154 0.096636003690 0.100808724715
-0.227613806903 0.094914458012 0.099274019702
-0.226613306653 0.093200594548 0.097746047922
-0.225612806403 0.091494513773 0.096224885050
-0.224612306153 0.089796315403 0.094710606166
-0.223611805903 0.088106098387 0.093203285753
-0.222611305653 0.086423960903 0.091702997692
-0.221610805403 0.084750000354 0.090209815261
-0.220610305153 0.083084313362 0.088723811134
-0.219609804902 0.081426995759 0.087245057375
-0.218609304652 0.079778142592 0.085773625440
-0.217608804402 0.078137848106 0.084309586169
-0.216608304152 0.076506205748 0.082853009790
-0.215607803902 0.074883308159 0.081403965912
-0.214607303652 0.073269247168 0.079962523523
-0.213606803402 0.071664113791 0.078528750990
-0.212606303152 0.070067998221 0.077102716056
-0.211605802901 0.068480989829 0.075684485834
-0.210605302651 0.066903177155 0.074274126811
-0.209604802401 0.065334647907 0.072871704843
-0.208604302151 0.063775488953 0.071477285150
-0.207603801901 0.062225786319 0.070090932317
-0.206603301651 0.060685625184 0.068712710293
-0.205602801401 0.059155089877 0.067342682385
-0.204602301151 0.057634263870 0.065980911259
-0.203601800900 0.056123229774 0.064627458937
-0.202601300650 0.054622069340 0.063282386796
-0.201600800400 0.053130863446 0.061945755562
-0.200600300150 0.051649692103 0.060617625313
-0.199599799900 0.050178634443 0.059298055476
-0.198599299650 0.048717768717 0.057987104822
-0.197598799400 0.047267172296 0.056684831468
-0.196598299150 0.045826921658 0.055391292871
-0.195597798899 0.044397092395 0.054106545832
-0.194597298649 0.042977759200 0.052830646488
-0.193596798399 0.041568995868 0.051563650314
-0.192596298149 0.040170875293 0.050305612121
-0.191595797899 0.038783469460 0.049056586051
-0.190595297649 0.037406849448 0.047816625580
-0.189594797399 0.036041085419 0.046585783514
-0.188594297149 0.034686246622 0.045364111988
-0.187593796898 0.033342401385 0.044151662461
-0.186593296648 0.032009617113 0.042948485721
-0.185592796398 0.030687960283 0.041754631877
-0.184592296148 0.029377496446 0.040570150363
-0.183591795898 0.028078290217 0.039395089930
-0.182591295648 0.026790405278 0.038229498652
-0.181590795398 0.025513904371 0.037073423918
-0.180590295148 0.024248849297 0.035926912436
-0.179589794897 0.022995300911 0.034790010226
-0.178589294647 0.021753319123 0.033662762625
-0.177588794397 0.020522962892 0.032545214279
-0.176588294147 0.019304290224 0.031437409148
-0.175587793897 0.018097358168 0.030339390500
-0.174587293647 0.016902222818 0.029251200911
-0.173586793397 0.015718939306 0.028172882267
-0.172586293147 0.014547561800 0.027104475756
-0.171585792896 0.013388143504 0.026046021875
-0.170585292646 0.012240736653 0.024997560423
-0.169584792396 0.011105392511 0.023959130500
-0.168584292146 0.009982161372 0.022930770511
-0.167583791896 0.008871092553 0.021912518159
-0.166583291646 0.007772234395 0.020904410448
-0.165582791396 0.006685634261 0.019906483679
-0.164582291146 0.005611338531 0.018918773451
-0.163581790895 0.004549392604 0.017941314662
-0.162581290645 0.003499840894 0.016974141502
-0.161580790395 0.002462726825 0.016017287459
-0.160580290145 0.001438092838 0.015070785312
-0.159579789895 0.000425980379 0.014134667136
-0.158579289645 -0.000573570094 0.013208964297
-0.157578789395 -0.001560519120 0.012293707451
-0.156578289145 -0.002534828231 0.011388926549
-0.155577788894 -0.003496459956 0.010494650828
-0.154577288644 -0.004445377822 0.009610908816
-0.153576788394 -0.005381546356 0.008737728330
-0.152576288144 -0.006304931085 0.007875136475
-0.151575787894 -0.007215498537 0.007023159644
-0.150575287644 -0.008113216246 0.006181823516
-0.149574787394 -0.008998052747 0.005351153057
-0.148574287144 -0.009869977583 0.004531172518
-0.147573786893 -0.010728961303 0.003721905437
-0.146573286643 -0.011574975462 0.002923374637
-0.145572786393 -0.012407992624 0.002135602224
-0.144572286143 -0.013227986363 0.001358609588
-0.143571785893 -0.014034931262 0.000592417404
-0.142571285643 -0.014828802914 -0.000162954369
-0.141570785393 -0.015609577926 -0.000907486490
-0.140570285143 -0.016377233914 -0.001641160436
-0.139569784892 -0.017131749508 -0.002363958401
-0.138569284642 -0.017873104351 -0.003075863295
-0.137568784392 -0.018601279098 -0.003776858747
-0.136568284142 -0.019316255420 -0.004466929106
-0.135567783892 -0.020018016000 -0.005146059435
-0.134567283642 -0.020706544538 -0.005814235520
-0.133566783392 -0.021381825745 -0.006471443863
-0.132566283142 -0.022043845349 -0.007117671683
-0.131565782891 -0.022692590093 -0.007752906922
-0.130565282641 -0.023328047733 -0.008377138235
-0.129564782391 -0.023950207042 -0.008990355001
-0.128564282141 -0.024559057805 -0.009592547314
-0.127563781891 -0.025154590824 -0.010183705986
-0.126563281641 -0.025736797913 -0.010763822551
-0.125562781391 -0.026305671902 -0.011332889257
-0.124562281141 -0.026861206633 -0.011890899072
-0.123561780890 -0.027403396961 -0.012437845682
-0.122561280640 -0.027932238756 -0.012973723491
-0.121560780390 -0.028447728898 -0.013498527618
-0.120560280140 -0.028949865279 -0.014012253902
-0.119559779890 -0.029438646804 -0.014514898896
-0.118559279640 -0.029914073384 -0.015006459873
-0.117558779390 -0.030376145944 -0.015486934818
-0.116558279140 -0.030824866416 -0.015956322435
-0.115557778889 -0.031260237738 -0.016414622141
-0.114557278639 -0.031682263859 -0.016861834070
-0.113556778389 -0.032090949730 -0.017297959068
-0.112556278139 -0.032486301310 -0.017722998697
-0.111555777889 -0.032868325558 -0.018136955232
-0.110555277639 -0.033237030440 -0.018539831659
-0.109554777389 -0.033592424920 -0.018931631678
-0.108554277139 -0.033934518965 -0.019312359700
-0.107553776888 -0.034263323536 -0.019682020848
-0.106553276638 -0.034578850598 -0.020040620954
-0.105552776388 -0.034881113105 -0.020388166559
-0.104552276138 -0.035170125011 -0.020724664916
-0.103551775888 -0.035445901260 -0.021050123982
-0.102551275638 -0.035708457787 -0.021364552425
-0.101550775388 -0.035957811518 -0.021667959617
-0.100550275138 -0.036193980365 -0.021960355637
-0.099549774887 -0.036416983227 -0.022241751270
-0.098549274637 -0.036626839987 -0.022512158001
-0.097548774387 -0.036823571511 -0.022771588023
-0.096548274137 -0.037007199642 -0.023020054229
-0.095547773887 -0.037177747204 -0.023257570211
-0.094547273637 -0.037335237997 -0.023484150264
-0.093546773387 -0.037479696794 -0.023699809382
-0.092546273137 -0.037611149340 -0.023904563256
-0.091545772886 -0.037729622349 -0.024098428275
-0.090545272636 -0.037835143502 -0.024281421521
-0.089544772386 -0.037927741445 -0.024453560776
-0.088544272136 -0.038007445788 -0.024614864511
-0.087543771886 -0.038074287098 -0.024765351891
-0.086543271636 -0.038128296900 -0.024905042772
-0.085542771386 -0.038169507676 -0.025033957702
-0.084542271136 -0.038197952857 -0.025152117914
-0.083541770885 -0.038213666825 -0.025259545330
-0.082541270635 -0.038216684908 -0.025356262560
-0.081540770385 -0.038207043379 -0.025442292895
-0.080540270135 -0.038184779449 -0.025517660312
-0.079539769885 -0.038149931270 -0.025582389470
-0.078539269635 -0.038102537927 -0.025636505707
-0.077538769385 -0.038042639438 -0.025680035040
-0.076538269135 -0.037970276750 -0.025713004164
-0.075537768884 -0.037885491735 -0.025735440452
-0.074537268634 -0.037788327187 -0.025747371947
-0.073536768384 -0.037678826821 -0.025748827369
-0.072536268134 -0.037557035266 -0.025739836108
-0.071535767884 -0.037422998066 -0.025720428222
-0.070535267634 -0.037276761671 -0.025690634440
-0.069534767384 -0.037118373439 -0.025650486154
-0.068534267134 -0.036947881630 -0.025600015424
-0.067533766883 -0.036765335402 -0.025539254970
-0.066533266633 -0.036570784809 -0.025468238175
-0.065532766383 -0.036364280796 -0.025386999081
-0.064532266133 -0.036145875194 -0.025295572387
-0.063531765883 -0.035915620720 -0.025193993447
-0.062531265633 -0.035673570970 -0.025082298272
-0.061530765383 -0.035419780416 -0.024960523521
-0.060530265133 -0.035154304404 -0.024828706506
-0.059529764882 -0.034877199146 -0.024686885185
-0.058529264632 -0.034588521719 -0.024535098164
-0.057528764382 -0.034288330060 -0.024373384691
-0.056528264132 -0.033976682963 -0.024201784659
-0.055527763882 -0.033653640073 -0.024020338598
-0.054527263632 -0.033319261882 -0.023829087678
-0.053526763382 -0.032973609728 -0.023628073705
-0.052526263132 -0.032616745783 -0.023417339117
-0.051525762881 -0.032248733060 -0.023196926984
-0.050525262631 -0.031869635396 -0.022966881008
-0.049524762381 -0.031479517459 -0.022727245516
-0.048524262131 -0.031078444735 -0.022478065460
-0.047523761881 -0.030666483527 -0.022219386414
-0.046523261631 -0.030243700951 -0.021951254576
-0.045522761381 -0.029810164931 -0.021673716758
-0.044522261131 -0.029365944191 -0.021386820391
-0.043521760880 -0.028911108256 -0.021090613517
-0.042521260630 -0.028445727441 -0.020785144791
-0.041520760380 -0.027969872853 -0.020470463476
-0.040520260130 -0.027483616379 -0.020146619441
-0.039519759880 -0.026987030686 -0.019813663159
-0.038519259630 -0.026480189215 -0.019471645705
-0.037518759380 -0.025963166173 -0.019120618752
-0.036518259130 -0.025436036534 -0.018760634569
-0.035517758879 -0.024898876027 -0.018391746020
-0.034517258629 -0.024351761136 -0.018014006559
-0.033516758379 -0.023794769092 -0.017627470229
-0.032516258129 -0.023227977868 -0.017232191660
-0.031515757879 -0.022651466176 -0.016828226062
-0.030515257629 -0.022065313460 -0.016415629230
-0.029514757379 -0.021469599888 -0.015994457534
-0.028514257129 -0.020864406351 -0.015564767918
-0.027513756878 -0.020249814458 -0.015126617903
-0.026513256628 -0.019625906523 -0.014680065575
-0.025512756378 -0.018992765569 -0.014225169589
-0.024512256128 -0.018350475316 -0.013761989164
-0.023511755878 -0.017699120179 -0.013290584080
-0.022511255628 -0.017038785260 -0.012811014673
-0.021510755378 -0.016369556342 -0.012323341838
-0.020510255128 -0.015691519885 -0.011827627021
-0.019509754877 -0.015004763021 -0.011323932216
-0.018509254627 -0.014309373545 -0.010812319966
-0.017508754377 -0.013605439912 -0.010292853356
-0.016508254127 -0.012893051229 -0.009765596010
-0.015507753877 -0.012172297250 -0.009230612094
-0.014507253627 -0.011443268370 -0.008687966304
-0.013506753377 -0.010706055621 -0.008137723869
-0.012506253127 -0.009960750662 -0.007579950546
-0.011505752876 -0.009207445774 -0.007014712617
-0.010505252626 -0.008446233856 -0.006442076887
-0.009504752376 -0.007677208419 -0.005862110678
-0.008504252126 -0.006900463575 -0.005274881828
-0.007503751876 -0.006116094038 -0.004680458688
-0.006503251626 -0.005324195110 -0.004078910118
-0.005502751376 -0.004524862681 -0.003470305482
-0.004502251126 -0.003718193219 -0.002854714648
-0.003501750875 -0.002904283766 -0.002232207983
-0.002501250625 -0.002083231931 -0.001602856350
-0.001500750375 -0.001255135879 -0.000966731103
-0.000500250125 -0.000420094333 -0.000323904087
0.000500250125 0.000421793439 0.000325552368
0.001500750375 0.001270427628 0.000981565452
0.002501250625 0.002125707893 0.001644061873
0.003501750875 0.002987533363 0.002312967865
0.004502251126 0.003855802647 0.002988209191
0.005502751376 0.004730413843 0.003669711146
0.006503251626 0.005611264537 0.004357398558
0.007503751876 0.006498251817 0.005051195796
0.008504252126 0.007391272279 0.005751026772
0.009504752376 0.008290222029 0.006456814941
0.010505252626 0.009194996693 0.007168483311
0.011505752876 0.010105491426 0.007885954442
0.012506253127 0.011021600914 0.008609150450
0.013506753377 0.011943219386 0.009337993015
0.014507253627 0.012870240616 0.010072403376
0.015507753877 0.013802557934 0.010812302346
0.016508254127 0.014740064230 0.011557610307
0.017508754377 0.015682651963 0.012308247216
0.018509254627 0.016630213168 0.013064132611
0.019509754877 0.017582639461 0.013825185613
0.020510255128 0.018539822049 0.014591324930
0.021510755378 0.019501651734 0.015362468862
0.022511255628 0.020468018924 0.016138535301
0.023511755878 0.021438813636 0.016919441742
0.024512256128 0.022413925505 0.017705105279
0.025512756378 0.023393243793 0.018495442615
0.026513256628 0.024376657394 0.019290370063
0.027513756878 0.025364054840 0.020089803550
0.028514257129 0.026355324312 0.020893658623
0.029514757379 0.027350353644 0.021701850451
0.030515257629 0.028349030334 0.022514293828
0.031515757879 0.029351241547 0.023330903181
0.032516258129 0.030356874125 0.024151592572
0.033516758379 0.031365814592 0.024976275700
0.034517258629 0.032377949167 0.025804865908
0.035517758879 0.033393163764 0.026637276188
0.036518259130 0.034411344004 0.027473419180
0.037518759380 0.035432375223 0.028313207182
0.038519259630 0.036456142476 0.029156552151
0.039519759880 0.037482530548 0.030003365707
0.040520260130 0.038511423957 0.030853559140
0.041520760380 0.039542706969 0.031707043411
0.042521260630 0.040576263597 0.032563729159
0.043521760880 0.041611977615 0.033423526703
0.044522261131 0.042649732562 0.034286346047
0.045522761381 0.043689411750 0.035152096885
0.046523261631 0.044730898274 0.036020688606
0.047523761881 0.045774075018 0.036892030296
0.048524262131 0.046818824660 0.037766030744
0.049524762381 0.047865029684 0.038642598447
0.050525262631 0.048912572388 0.039521641611
0.051525762881 0.049961334885 0.040403068162
0.052526263132 0.051011199118 0.041286785742
0.053526763382 0.052062046865 0.042172701722
0.054527263632 0.053113759746 0.043060723199
0.055527763882 0.054166219230 0.043950757006
0.056528264132 0.055219306648 0.044842709713
0.057528764382 0.056272903192 0.045736487633
0.058529264632 0.057326889930 0.046631996829
0.059529764882 0.058381147811 0.047529143112
0.060530265133 0.059435557674 0.048427832052
0.061530765383 0.060490000253 0.049327968981
0.062531265633 0.061544356187 0.050229458994
0.063531765883 0.062598506029 0.051132206960
0.064532266133 0.063652330250 0.052036117519
0.065532766383 0.064705709251 0.052941095094
0.066533266633 0.065758523366 0.053847043892
0.067533766883 0.066810652876 0.054753867908
0.068534267134 0.067861978012 0.055661470932
0.069534767384 0.068912378962 0.056569756551
0.070535267634 0.069961735885 0.057478628158
0.071535767884 0.071009928912 0.058387988951
0.072536268134 0.072056838159 0.059297741943
0.073536768384 0.073102343729 0.060207789964
0.074537268634 0.074146325728 0.061118035667
0.075537768884 0.075188664264 0.062028381531
0.076538269135 0.076229239463 0.062938729868
0.077538769385 0.077267931469 0.063848982828
0.078539269635 0.078304620459 0.064759042400
0.079539769885 0.079339186647 0.065668810422
0.080540270135 0.080371510290 0.066578188583
0.081540770385 0.081401471702 0.067487078429
0.082541270635 0.082428951256 0.068395381366
0.083541770885 0.083453829394 0.069302998668
0.084542271136 0.084475986636 0.070209831478
0.085542771386 0.085495303585 0.071115780818
0.086543271636 0.086511660939 0.072020747590
0.087543771886 0.087524939495 0.072924632580
0.088544272136 0.088535020157 0.073827336470
0.089544772386 0.089541783948 0.074728759834
0.090545272636 0.090545112011 0.075628803149
0.091545772886 0.091544885625 0.076527366798
0.092546273137 0.092540986206 0.077424351075
0.093546773387 0.093533295318 0.078319656190
0.094547273637 0.094521694679 0.079213182276
0.095547773887 0.095506066172 0.080104829391
0.096548274137 0.096486291848 0.080994497526
0.097548774387 0.097462253940 0.081882086607
0.098549274637 0.098433834865 0.082767496503
0.099549774887 0.099400917234 0.083650627030
0.100550275138 0.100363383860 0.084531377955
0.101550775388 0.101321117767 0.085409649003
0.102551275638 0.102274002194 0.086285339863
0.103551775888 0.103221920608 0.087158350189
0.104552276138 0.104164756706 0.088028579610
0.105552776388 0.105102394426 0.088895927730
0.106553276638 0.106034717956 0.089760294139
0.107553776888 0.106961611738 0.090621578416
0.108554277139 0.107882960477 0.091479680130
0.109554777389 0.108798649153 0.092334498852
0.110555277639 0.109708563020 0.093185934157
0.111555777889 0.110612587622 0.094033885628
0.112556278139 0.111510608796 0.094878252863
0.113556778389 0.112402512679 0.095718935481
0.114557278639 0.113288185721 0.096555833124
0.115557778889 0.114167514686 0.097388845468
0.116558279140 0.115040386663 0.098217872222
0.117558779390 0.115906689074 0.099042813136
0.118559279640 0.116766309680 0.099863568010
0.119559779890 0.117619136590 0.100680036690
0.120560280140 0.118465058265 0.101492119085
0.121560780390 0.119303963530 0.102299715163
0.122561280640 0.120135741581 0.103102724961
0.123561780890 0.120960281987 0.103901048589
0.124562281141 0.121777474706 0.104694586236
0.125562781391 0.122587210084 0.105483238173
0.126563281641 0.123389378869 0.106266904764
0.127563781891 0.124183872214 0.107045486464
0.128564282141 0.124970581685 0.107818883831
0.129564782391 0.125749399273 0.108586997528
0.130565282641 0.126520217393 0.109349728326
0.131565782891 0.127282928899 0.110106977117
0.132566283142 0.128037427087 0.110858644912
0.133566783392 0.128783605704 0.111604632850
0.134567283642 0.129521358954 0.112344842203
0.135567783892 0.130250581505 0.113079174381
0.136568284142 0.130971168499 0.113807530937
0.137568784392 0.131683015556 0.114529813573
0.138569284642 0.132386018782 0.115245924148
0.139569784892 0.133080074776 0.115955764678
0.140570285143 0.133765080638 0.116659237346
0.141570785393 0.134440933977 0.117356244506
0.142571285643 0.135107532913 0.118046688688
0.143571785893 0.135764776090 0.118730472604
0.144572286143 0.136412562681 0.119407499154
0.145572786393 0.137050792391 0.120077671431
0.146573286643 0.137679365471 0.120740892726
0.147573786893 0.138298182720 0.121397066533
0.148574287144 0.138907145492 0.122046096559
0.149574787394 0.139506155705 0.122687886723
0.150575287644 0.140095115846 0.123322341164
0.151575787894 0.140673928979 0.123949364250
0.152576288144 0.141242498751 0.124568860579
0.153576788394 0.141800729399 0.125180734985
0.154577288644 0.142348525757 0.125784892547
0.155577788894 0.142885793260 0.126381238591
0.156578289145 0.143412437957 0.126969678697
0.157578789395 0.143928366508 0.127550118704
0.158579289645 0.144433486202 0.128122464717
0.159579789895 0.144927704952 0.128686623110
0.160580290145 0.145410931312 0.129242500533
0.161580790395 0.145883074474 0.129790003918
0.162581290645 0.146344044281 0.130329040486
0.163581790895 0.146793751232 0.130859517747
0.164582291146 0.147232106487 0.131381343512
0.165582791396 0.147659021873 0.131894425895
0.166583291646 0.148074409892 0.132398673319
0.167583791896 0.148478183727 0.132893994521
0.168584292146 0.148870257246 0.133380298561
0.169584792396 0.149250545012 0.133857494822
0.170585292646 0.149618962286 0.134325493021
0.171585792896 0.149975425034 0.134784203211
0.172586293147 0.150319849932 0.135233535789
0.173586793397 0.150652154377 0.135673401497
0.174587293647 0.150972256484 0.136103711435
0.175587793897 0.151280075102 0.136524377060
0.176588294147 0.151575529812 0.136935310193
0.177588794397 0.151858540937 0.137336423029
0.178589294647 0.152129029547 0.137727628136
0.179589794897 0.152386917464 0.138108838464
0.180590295148 0.152632127267 0.138479967351
0.181590795398 0.152864582303 0.138840928529
0.182591295648 0.153084206685 0.139191636125
0.183591795898 0.153290925304 0.139532004672
0.184592296148 0.153484663828 0.139861949114
0.185592796398 0.153665348717 0.140181384805
0.186593296648 0.153832907218 0.140490227525
0.187593796898 0.153987267379 0.140788393477
0.188594297149 0.154128358048 0.141075799295
0.189594797399 0.154256108885 0.141352362052
0.190595297649 0.154370450359 0.141617999263
0.191595797899 0.154471313762 0.141872628892
0.192596298149 0.154558631209 0.142116169353
0.193596798399 0.154632335642 0.142348539524
0.194597298649 0.154692360840 0.142569658746
0.195597798899 0.154738641423 0.142779446828
0.196598299150 0.154771112851 0.142977824058
0.197598799400 0.154789711439 0.143164711204
0.198599299650 0.154794374353 0.143340029520
0.199599799900 0.154785039620 0.143503700752
0.200600300150 0.154761646133 0.143655647146
0.201600800400 0.154724133652 0.143795791450
0.202601300650 0.154672442812 0.143924056919
0.203601800900 0.154606515127 0.144040367324
0.204602301151 0.154526292997 0.144144646956
0.205602801401 0.154431719706 0.144236820629
0.206603301651 0.154322739434 0.144316813690
0.207603801901 0.154199297257 0.144384552021
0.208604302151 0.154061339155 0.144439962044
0.209604802401 0.153908812013 0.144482970729
0.210605302651 0.153741663626 0.144513505599
0.211605802901 0.153559842705 0.144531494734
0.212606303152 0.153363298883 0.144536866776
0.213606803402 0.153151982712 0.144529550938
0.214607303652 0.152925845677 0.144509477004
0.215607803902 0.152684840191 0.144476575339
0.216608304152 0.152428919606 0.144430776893
0.217608804402 0.152158038214 0.144372013205
0.218609304652 0.151872151251 0.144300216409
0.219609804902 0.151571214901 0.144215319241
0.220610305153 0.151255186300 0.144117255042
0.221610805403 0.150924023542 0.144005957766
0.222611305653 0.150577685679 0.143881361980
0.223611805903 0.150216132728 0.143743402878
0.224612306153 0.149839325671 0.143592016277
0.225612806403 0.149447226465 0.143427138630
0.226613306653 0.149039798038 0.143248707025
0.227613806903 0.148617004297 0.143056659195
0.228614307154 0.148178810133 0.142850933521
0.229614807404 0.147725181420 0.142631469037
0.230615307654 0.147256085019 0.142398205437
0.231615807904 0.146771488786 0.142151083078
0.232616308154 0.146271361571 0.141890042987
0.233616808404 0.145755673222 0.141615026865
0.234617308654 0.145224394587 0.141325977094
0.235617808904 0.144677497521 0.141022836739
0.236618309155 0.144114954885 0.140705549556
0.237618809405 0.143536740553 0.140374059996
0.238619309655 0.142942829408 0.140028313212
0.239619809905 0.142333197355 0.139668255060
0.240620310155 0.141707821313 0.139293832107
0.241620810405 0.141066679228 0.138904991636
0.242621310655 0.140409750066 0.138501681653
0.243621810905 0.139737013825 0.138083850885
0.244622311156 0.139048451530 0.137651448795
0.245622811406 0.138344045238 0.137204425578
0.246623311656 0.137623778045 0.136742732171
0.247623811906 0.136887634081 0.136266320259
0.248624312156 0.136135598516 0.135775142276
0.249624812406 0.135367657565 0.135269151410
0.250625312656 0.134583798485 0.134748301615
0.251625812906 0.133784009580 0.134212547606
0.252626313157 0.132968280204 0.133661844871
0.253626813407 0.132136600760 0.133096149673
0.254627313657 0.131288962707 0.132515419056
0.255627813907 0.130425358555 0.131919610849
0.256628314157 0.129545781875 0.131308683672
0.257628814407 0.128650227293 0.130682596939
0.258629314657 0.127738690498 0.130041310864
0.259629814907 0.126811168241 0.129384786468
0.260630315158 0.125867658336 0.128712985579
0.261630815408 0.124908159663 0.128025870840
0.262631315658 0.123932672169 0.127323405713
0.263631815908 0.122941196869 0.126605554485
0.264632316158 0.121933735850 0.125872282270
0.265632816408 0.120910292268 0.125123555016
0.266633316658 0.119870870355 0.124359339509
0.267633816908 0.118815475413 0.123579603377
0.268634317159 0.117744113822 0.122784315096
0.269634817409 0.116656793038 0.121973443994
0.270635317659 0.115553521593 0.121146960253
0.271635817909 0.114434309100 0.120304834919
0.272636318159 0.113299166250 0.119447039903
0.273636818409 0.112148104813 0.118573547984
0.274637318659 0.110981137644 0.117684332819
0.275637818909 0.109798278675 0.116779368940
0.276638319160 0.108599542925 0.115858631767
0.277638819410 0.107384946495 0.114922097604
0.278639319660 0.106154506568 0.113969743651
0.279639819910 0.104908241414 0.113001548002
0.280640320160 0.103646170388 0.112017489653
0.281640820410 0.102368313928 0.111017548507
0.282641320660 0.101074693560 0.110001705375
0.283641820910 0.099765331896 0.108969941984
0.284642321161 0.098440252632 0.107922240979
0.285642821411 0.097099480554 0.106858585926
0.286643321661 0.095743041531 0.105778961320
0.287643821911 0.094370962521 0.104683352588
0.288644322161 0.092983271567 0.103571746089
0.289644822411 0.091579997801 0.102444129126
0.290645322661 0.090161171438 0.101300489943
0.291645822911 0.088726823782 0.100140817731
0.292646323162 0.087276987222 0.098965102636
0.293646823412 0.085811695231 0.097773335758
0.294647323662 0.084330982371 0.096565509157
0.295647823912 0.082834884284 0.095341615858
0.296648324162 0.081323437701 0.094101649853
0.297648824412 0.079796680433 0.092845606108
0.298649324662 0.078254651376 0.091573480562
0.299649824912 0.076697390509 0.090285270135
0.300650325163 0.075124938890 0.088980972733
0.301650825413 0.073537338660 0.087660587247
0.302651325663 0.071934633040 0.086324113559
0.303651825913 0.070316866329 0.084971552549
0.304652326163 0.068684083905 0.083602906092
0.305652826413 0.067036332222 0.082218177069
0.306653326663 0.065373658810 0.080817369367
0.307653826913 0.063696112274 0.079400487881
0.308654327164 0.062003742293 0.077967538521
0.309654827414 0.060296599617 0.076518528215
0.310655327664 0.058574736067 0.075053464911
0.311655827914 0.056838204535 0.073572357581
0.312656328164 0.055087058977 0.072075216226
0.313656828414 0.053321354420 0.070562051879
0.314657328664 0.051541146951 0.069032876605
0.315657828914 0.049746493724 0.067487703511
0.316658329165 0.047937452951 0.065926546743
0.317658829415 0.046114083907 0.064349421493
0.318659329665 0.044276446920 0.062756344003
0.319659829915 0.042424603378 0.061147331565
0.320660330165 0.040558615720 0.059522402526
0.321660830415 0.038678547438 0.057881576291
0.322661330665 0.036784463073 0.056224873329
0.323661830915 0.034876428212 0.054552315171
0.324662331166 0.032954509491 0.052863924415
0.325662831416 0.031018774584 0.051159724734
0.326663331666 0.029069292209 0.049439740870
0.327663831916 0.027106132121 0.047703998646
0.328664332166 0.025129365110 0.045952524963
0.329664832416 0.023139063001 0.044185347804
0.330665332666 0.021135298647 0.042402496240
0.331665832916 0.019118145930 0.040604000429
0.332666333167 0.017087679758 0.038789891623
0.333666833417 0.015043976061 0.036960202164
0.334667333667 0.012987111786 0.035114965497
0.335667833917 0.010917164902 0.033254216161
0.336668334167 0.008834214386 0.031377989802
0.337668834417 0.006738340229 0.029486323170
0.338669334667 0.004629623428 0.027579254122
0.339669834917 0.002508145988 0.025656821626
0.340670335168 0.000373990910 0.023719065764
0.341670835418 -0.001772757803 0.021766027732
0.342671335668 -0.003932015155 0.019797749846
0.343671835918 -0.006103695158 0.017814275542
0.344672336168 -0.008287710836 0.015815649376
0.345672836418 -0.010483974228 0.013801917034
0.346673336668 -0.012692396394 0.011773125326
0.347673836918 -0.014912887414 0.009729322194
0.348674337169 -0.017145356397 0.007670556710
0.349674837419 -0.019389711479 0.005596879083
0.350675337669 -0.021645859833 0.003508340657
0.351675837919 -0.023913707668 0.001404993913
0.352676338169 -0.026193160233 -0.000713107523
0.353676838419 -0.028484121826 -0.002845908888
0.354677338669 -0.030786495792 -0.004993354269
0.355677838919 -0.033100184529 -0.007155386609
0.356678339170 -0.035425089495 -0.009331947703
0.357678839420 -0.037761111209 -0.011522978194
0.358679339670 -0.040108149254 -0.013728417574
0.359679839920 -0.042466102286 -0.015948204180
0.360680340170 -0.044834868034 -0.018182275193
0.361680840420 -0.047214343308 -0.020430566639
0.362681340670 -0.049604424000 -0.022693013383
0.363681840920 -0.052005005089 -0.024969549128
0.364682341171 -0.054415980649 -0.027260106417
0.365682841421 -0.056837243851 -0.029564616629
0.366683341671 -0.059268686966 -0.031883009978
0.367683841921 -0.061710201374 -0.034215215509
0.368684342171 -0.064161677564 -0.036561161103
0.369684842421 -0.066623005143 -0.038920773467
0.370685342671 -0.069094072839 -0.041293978142
0.371685842921 -0.071574768507 -0.043680699495
0.372686343172 -0.074064979130 -0.046080860718
0.373686843422 -0.076564590831 -0.048494383833
0.374687343672 -0.079073488871 -0.050921189684
0.375687843922 -0.081591557661 -0.053361197939
0.376688344172 -0.084118680761 -0.055814327090
0.377688844422 -0.086654740888 -0.058280494450
0.378689344672 -0.089199619923 -0.060759616152
0.379689844922 -0.091753198913 -0.063251607150
0.380690345173 -0.094315358079 -0.065756381217
0.381690845423 -0.096885976821 -0.068273850946
0.382691345673 -0.099464933722 -0.070803927746
0.383691845923 -0.102052106555 -0.073346521843
0.384692346173 -0.104647372289 -0.075901542281
0.385692846423 -0.107250607093 -0.078468896918
0.386693346673 -0.109861686343 -0.081048492431
0.387693846923 -0.112480484629 -0.083640234308
0.388694347174 -0.115106875757 -0.086244026854
0.389694847424 -0.117740732759 -0.088859773190
0.390695347674 -0.120381927895 -0.091487375247
0.391695847924 -0.123030332665 -0.094126733773
0.392696348174 -0.125685817807 -0.096777748328
0.393696848424 -0.128348253311 -0.099440317287
0.394697348674 -0.131017508417 -0.102114337838
0.395697848924 -0.133693451630 -0.104799705983
0.396698349175 -0.136375950719 -0.107496316535
0.397698849425 -0.139064872728 -0.110204063124
0.398699349675 -0.141760083979 -0.112922838192
0.399699849925 -0.144461450079 -0.115652532995
0.400700350175 -0.147168835929 -0.118393037603
0.401700850425 -0.149882105728 -0.121144240903
0.402701350675 -0.152601122981 -0.123906030593
0.403701850925 -0.155325750502 -0.126678293190
0.404702351176 -0.158055850426 -0.129460914025
0.405702851426 -0.160791284211 -0.132253777245
0.406703351676 -0.163531912649 -0.135056765816
0.407703851926 -0.166277595867 -0.137869761519
0.408704352176 -0.169028193341 -0.140692644955
0.409704852426 -0.171783563896 -0.143525295544
0.410705352676 -0.174543565716 -0.146367591527
0.411705852926 -0.177308056352 -0.149219409964
0.412706353177 -0.180076892727 -0.152080626738
0.413706853427 -0.182849931144 -0.154951116554
0.414707353677 -0.185627027292 -0.157830752942
0.415707853927 -0.188408036254 -0.160719408257
0.416708354177 -0.191192812514 -0.163616953679
0.417708854427 -0.193981209965 -0.166523259217
0.418709354677 -0.196773081912 -0.169438193708
0.419709854927 -0.199568281087 -0.172361624819
0.420710355178 -0.202366659648 -0.175293419051
0.421710855428 -0.205168069191 -0.178233441734
0.422711355678 -0.207972360759 -0.181181557036
0.423711855928 -0.210779384842 -0.184137627961
0.424712356178 -0.213588991394 -0.187101516350
0.425712856428 -0.216401029833 -0.190073082884
0.426713356678 -0.219215349052 -0.193052187086
0.427713856928 -0.222031797425 -0.196038687324
0.428714357179 -0.224850222817 -0.199032440808
0.429714857429 -0.227670472589 -0.202033303598
0.430715357679 -0.230492393606 -0.205041130604
0.431715857929 -0.233315832247 -0.208055775586
0.432716358179 -0.236140634410 -0.211077091159
0.433716858429 -0.238966645521 -0.214104928794
0.434717358679 -0.241793710541 -0.217139138819
0.435717858929 -0.244621673977 -0.220179570427
0.436718359180 -0.247450379884 -0.223226071670
0.437718859430 -0.250279671880 -0.226278489469
0.438719359680 -0.253109393146 -0.229336669611
0.439719859930 -0.255939386442 -0.232400456758
0.440720360180 -0.258769494109 -0.235469694442
0.441720860430 -0.261599558080 -0.238544225074
0.442721360680 -0.264429419888 -0.241623889944
0.443721860930 -0.267258920672 -0.244708529227
0.444722361181 -0.270087901188 -0.247797981980
0.445722861431 -0.272916201814 -0.250892086152
0.446723361681 -0.275743662562 -0.253990678581
0.447723861931 -0.278570123084 -0.257093595004
0.448724362181 -0.281395422678 -0.260200670053
0.449724862431 -0.284219400301 -0.263311737264
0.450725362681 -0.287041894575 -0.266426629077
0.451725862931 -0.289862743794 -0.269545176844
0.452726363182 -0.292681785935 -0.272667210825
0.453726863432 -0.295498858665 -0.275792560199
0.454727363682 -0.298313799349 -0.278921053065
0.455727863932 -0.301126445059 -0.282052516445
0.456728364182 -0.303936632584 -0.285186776288
0.457728864432 -0.306744198435 -0.288323657476
0.458729364682 -0.309548978856 -0.291462983827
0.459729864932 -0.312350809834 -0.294604578096
0.460730365183 -0.315149527104 -0.297748261986
0.461730865433 -0.317944966158 -0.300893856144
0.462731365683 -0.320736962258 -0.304041180173
0.463731865933 -0.323525350441 -0.307190052631
0.464732366183 -0.326309965525 -0.310340291039
0.465732866433 -0.329090642125 -0.313491711882
0.466733366683 -0.331867214656 -0.316644130618
0.467733866933 -0.334639517343 -0.319797361679
0.468734367184 -0.337407384231 -0.322951218478
0.469734867434 -0.340170649193 -0.326105513413
0.470735367684 -0.342929145938 -0.329260057871
0.471735867934 -0.345682708021 -0.332414662235
0.472736368184 -0.348431168853 -0.335569135890
0.473736868434 -0.351174361705 -0.338723287224
0.474737368684 -0.353912119724 -0.341876923637
0.475737868934 -0.356644275935 -0.345029851543
0.476738369185 -0.359370663255 -0.348181876382
0.477738869435 -0.362091114500 -0.351332802617
0.478739369685 -0.364805462392 -0.354482433745
0.479739869935 -0.367513539572 -0.357630572302
0.480740370185 -0.370215178606 -0.360777019868
0.481740870435 -0.372910211996 -0.363921577073
0.482741370685 -0.375598472185 -0.367064043602
0.483741870935 -0.378279791572 -0.370204218202
0.484742371186 -0.380954002518 -0.373341898691
0.485742871436 -0.383620937353 -0.376476881957
0.486743371686 -0.386280428388 -0.379608963972
0.487743871936 -0.388932307924 -0.382737939792
0.488744372186 -0.391576408259 -0.385863603570
0.489744872436 -0.394212561701 -0.388985748555
0.490745372686 -0.396840600571 -0.392104167106
0.491745872936 -0.399460357218 -0.395218650691
0.492746373187 -0.402071664026 -0.398328989903
0.493746873437 -0.404674353422 -0.401434974457
0.494747373687 -0.407268257887 -0.404536393206
0.495747873937 -0.409853209964 -0.407633034141
0.496748374187 -0.412429042266 -0.410724684401
0.497748874437 -0.414995587490 -0.413811130284
0.498749374687 -0.417552678421 -0.416892157245
0.499749874937 -0.420100147942 -0.419967549913
0.500750375188 -0.422637829048 -0.423037092092
0.501750875438 -0.425165554847 -0.426100566774
0.502751375688 -0.427683158577 -0.429157756140
0.503751875938 -0.430190473611 -0.432208441574
0.504752376188 -0.432687333468 -0.435252403668
0.505752876438 -0.435173571821 -0.438289422229
0.506753376688 -0.437649022505 -0.441319276290
0.507753876938 -0.440113519532 -0.444341744115
0.508754377189 -0.442566897092 -0.447356603209
0.509754877439 -0.445008989569 -0.450363630327
0.510755377689 -0.447439631549 -0.453362601479
0.511755877939 -0.449858657824 -0.456353291944
0.512756378189 -0.452265903409 -0.459335476273
0.513756878439 -0.454661203546 -0.462308928301
0.514757378689 -0.457044393715 -0.465273421155
0.515757878939 -0.459415309643 -0.468228727263
0.516758379190 -0.461773787314 -0.471174618362
0.517758879440 -0.464119662976 -0.474110865509
0.518759379690 -0.466452773154 -0.477037239088
0.519759879940 -0.468772954656 -0.479953508822
0.520760380190 -0.471080044583 -0.482859443777
0.521760880440 -0.473373880340 -0.485754812379
0.522761380690 -0.475654299642 -0.488639382418
0.523761880940 -0.477921140527 -0.491512921060
0.524762381191 -0.480174241362 -0.494375194854
0.525762881441 -0.482413440855 -0.497225969747
0.526763381691 -0.484638578060 -0.500065011089
0.527763881941 -0.486849492394 -0.502892083644
0.528764382191 -0.489046023636 -0.505706951604
0.529764882441 -0.491228011944 -0.508509378593
0.530765382691 -0.493395297863 -0.511299127684
0.531765882941 -0.495547722330 -0.514075961404
0.532766383192 -0.497685126687 -0.516839641746
0.533766883442 -0.499807352691 -0.519589930182
0.534767383692 -0.501914242520 -0.522326587672
0.535767883942 -0.504005638782 -0.525049374674
0.536768384192 -0.506081384530 -0.527758051156
0.537768884442 -0.508141323262 -0.530452376608
0.538769384692 -0.510185298938 -0.533132110051
0.539769884942 -0.512213155986 -0.535797010051
0.540770385193 -0.514224739310 -0.538446834726
0.541770885443 -0.516219894301 -0.541081341764
0.542771385693 -0.518198466845 -0.543700288426
0.543771885943 -0.520160303333 -0.546303431568
0.544772386193 -0.522105250669 -0.548890527644
0.545772886443 -0.524033156280 -0.551461332722
0.546773386693 -0.525943868124 -0.554015602495
0.547773886943 -0.527837234700 -0.556553092294
0.548774387194 -0.529713105056 -0.559073557099
0.549774887444 -0.531571328800 -0.561576751554
0.550775387694 -0.533411756105 -0.564062429973
0.551775887944 -0.535234237723 -0.566530346362
0.552776388194 -0.537038624990 -0.568980254424
0.553776888444 -0.538824769835 -0.571411907575
0.554777388694 -0.540592524793 -0.573825058955
0.555777888944 -0.542341743010 -0.576219461444
0.556778389195 -0.544072278250 -0.578594867674
0.557778889445 -0.545783984912 -0.580951030039
0.558779389695 -0.547476718028 -0.583287700712
0.559779889945 -0.549150333282 -0.585604631660
0.560780390195 -0.550804687010 -0.587901574651
0.561780890445 -0.552439636215 -0.590178281273
0.562781390695 -0.554055038573 -0.592434502949
0.563781890945 -0.555650752443 -0.594669990943
0.564782391196 -0.557226636874 -0.596884496385
0.565782891446 -0.558782551614 -0.599077770275
0.566783391696 -0.560318357119 -0.601249563503
0.567783891946 -0.561833914564 -0.603399626864
0.568784392196 -0.563329085847 -0.605527711068
0.569784892446 -0.564803733600 -0.607633566758
0.570785392696 -0.566257721198 -0.609716944524
0.571785892946 -0.567690912768 -0.611777594916
0.572786393197 -0.569103173193 -0.613815268462
0.573786893447 -0.570494368128 -0.615829715682
0.574787393697 -0.571864364001 -0.617820687101
0.575787893947 -0.573213028025 -0.619787933268
0.576788394197 -0.574540228208 -0.621731204768
0.577788894447 -0.575845833357 -0.623650252238
0.578789394697 -0.577129713088 -0.625544826387
0.579789894947 -0.578391737839 -0.627414678005
0.580790395198 -0.579631778868 -0.629259557984
0.581790895448 -0.580849708273 -0.631079217331
0.582791395698 -0.582045398990 -0.632873407187
0.583791895948 -0.583218724808 -0.634641878840
0.584792396198 -0.584369560375 -0.636384383744
0.585792896448 -0.585497781203 -0.638100673535
0.586793396698 -0.586603263682 -0.639790500046
0.587793896948 -0.587685885083 -0.641453615324
0.588794397199 -0.588745523568 -0.643089771651
0.589794897449 -0.589782058198 -0.644698721555
0.590795397699 -0.590795368940 -0.646280217831
0.591795897949 -0.591785336677 -0.647834013555
0.592796398199 -0.592751843212 -0.649359862107
0.593796898449 -0.593694771279 -0.650857517182
0.594797398699 -0.594614004552 -0.652326732812
0.595797898949 -0.595509427648 -0.653767263382
0.596798399200 -0.596380926137 -0.655178863647
0.597798899450 -0.597228386552 -0.656561288754
0.598799399700 -0.598051696394 -0.657914294255
0.599799899950 -0.598850744139 -0.659237636129
0.600800400200 -0.599625419247 -0.660531070796
0.601800900450 -0.600375612169 -0.661794355142
0.602801400700 -0.601101214355 -0.663027246533
0.603801900950 -0.601802118262 -0.664229502833
0.604802401201 -0.602478217358 -0.665400882429
0.605802901451 -0.603129406133 -0.666541144241
0.606803401701 -0.603755580105 -0.667650047749
0.607803901951 -0.604356635826 -0.668727353010
0.608804402201 -0.604932470893 -0.669772820673
0.609804902451 -0.605482983950 -0.670786212006
0.610805402701 -0.606008074698 -0.671767288910
0.611805902951 -0.606507643902 -0.672715813942
0.612806403202 -0.606981593400 -0.673631550333
0.613806903452 -0.607429826103 -0.674514262009
0.614807403702 -0.607852246011 -0.675363713612
0.615807903952 -0.608248758213 -0.676179670519
0.616808404202 -0.608619268898 -0.676961898861
0.617808904452 -0.608963685358 -0.677710165550
0.618809404702 -0.609281915999 -0.678424238292
0.619809904952 -0.609573870346 -0.679103885612
0.620810405203 -0.609839459046 -0.679748876875
0.621810905453 -0.610078593882 -0.680358982307
0.622811405703 -0.610291187773 -0.680933973014
0.623811905953 -0.610477154783 -0.681473621008
0.624812406203 -0.610636410127 -0.681977699224
0.625812906453 -0.610768870181 -0.682445981546
0.626813406703 -0.610874452481 -0.682878242823
0.627813906953 -0.610953075735 -0.683274258899
0.628814407204 -0.611004659830 -0.683633806628
0.629814907454 -0.611029125832 -0.683956663899
0.630815407704 -0.611026396000 -0.684242609661
0.631815907954 -0.610996393785 -0.684491423941
0.632816408204 -0.610939043841 -0.684702887870
0.633816908454 -0.610854272029 -0.684876783705
0.634817408704 -0.610742005423 -0.685012894851
0.635817908954 -0.610602172317 -0.685111005886
0.636818409205 -0.610434702228 -0.685170902582
0.637818909455 -0.610239525906 -0.685192371932
0.638819409705 -0.610016575336 -0.685175202169
0.639819909955 -0.609765783746 -0.685119182794
0.640820410205 -0.609487085611 -0.685024104597
0.641820910455 -0.609180416661 -0.684889759683
0.642821410705 -0.608845713882 -0.684715941494
0.643821910955 -0.608482915526 -0.684502444836
0.644822411206 -0.608091961116 -0.684249065902
0.645822911456 -0.607672791449 -0.683955602296
0.646823411706 -0.607225348601 -0.683621853058
0.647823911956 -0.606749575936 -0.683247618692
0.648824412206 -0.606245418107 -0.682832701185
0.649824912456 -0.605712821063 -0.682376904040
0.650825412706 -0.605151732056 -0.681880032293
0.651825912956 -0.604562099642 -0.681341892546
0.652826413207 -0.603943873687 -0.680762292987
0.653826913457 -0.603297005376 -0.680141043421
0.654827413707 -0.602621447211 -0.679477955289
0.655827913957 -0.601917153023 -0.678772841703
0.656828414207 -0.601184077971 -0.678025517466
0.657828914457 -0.600422178547 -0.677235799098
0.658829414707 -0.599631412586 -0.676403504867
0.659829914957 -0.598811739265 -0.675528454814
0.660830415208 -0.597963119109 -0.674610470777
0.661830915458 -0.597085513997 -0.673649376424
0.662831415708 -0.596178887162 -0.672644997273
0.663831915958 -0.595243203203 -0.671597160726
0.664832416208 -0.594278428080 -0.670505696091
0.665832916458 -0.593284529125 -0.669370434615
0.666833416708 -0.592261475044 -0.668191209508
0.667833916958 -0.591209235920 -0.666967855973
0.668834417209 -0.590127783218 -0.665700211231
0.669834917459 -0.589017089788 -0.664388114554
0.670835417709 -0.587877129871 -0.663031407292
0.671835917959 -0.586707879099 -0.661629932899
0.672836418209 -0.585509314503 -0.660183536963
0.673836918459 -0.584281414514 -0.658692067239
0.674837418709 -0.583024158966 -0.657155373672
0.675837918959 -0.581737529103 -0.655573308430
0.676838419210 -0.580421507579 -0.653945725933
0.677838919460 -0.579076078461 -0.652272482882
0.678839419710 -0.577701227236 -0.650553438288
0.679839919960 -0.576296940812 -0.648788453505
0.680840420210 -0.574863207519 -0.646977392257
0.681840920460 -0.573400017116 -0.645120120669
0.682841420710 -0.571907360794 -0.643216507298
0.683841920960 -0.570385231174 -0.641266423165
0.684842421211 -0.568833622316 -0.639269741782
0.685842921461 -0.567252529717 -0.637226339186
0.686843421711 -0.565641950319 -0.635136093970
0.687843921961 -0.564001882505 -0.632998887313
0.688844422211 -0.562332326108 -0.630814603013
0.689844922461 -0.560633282411 -0.628583127516
0.690845422711 -0.558904754146 -0.626304349950
0.691845922961 -0.557146745503 -0.623978162158
0.692846423212 -0.555359262130 -0.621604458726
0.693846923462 -0.553542311131 -0.619183137021
0.694847423712 -0.551695901073 -0.616714097217
0.695847923962 -0.549820041989 -0.614197242333
0.696848424212 -0.547914745376 -0.611632478264
0.697848924462 -0.545980024199 -0.609019713813
0.698849424712 -0.544015892894 -0.606358860725
0.699849924962 -0.542022367367 -0.603649833721
0.700850425213 -0.539999464999 -0.600892550530
0.701850925463 -0.537947204646 -0.598086931923
0.702851425713 -0.535865606642 -0.595232901750
0.703851925963 -0.533754692797 -0.592330386968
0.704852426213 -0.531614486405 -0.589379317681
0.705852926463 -0.529445012238 -0.586379627172
0.706853426713 -0.527246296554 -0.583331251935
0.707853926963 -0.525018367092 -0.580234131716
0.708854427214 -0.522761253079 -0.577088209541
0.709854927464 -0.520474985228 -0.573893431757
0.710855427714 -0.518159595741 -0.570649748063
0.711855927964 -0.515815118307 -0.567357111546
0.712856428214 -0.513441588105 -0.564015478722
0.713856928464 -0.511039041805 -0.560624809562
0.714857428714 -0.508607517571 -0.557185067538
0.715857928964 -0.506147055054 -0.553696219653
0.716858429215 -0.503657695402 -0.550158236478
0.717858929465 -0.501139481256 -0.546571092191
0.718859429715 -0.498592456750 -0.542934764612
0.719859929965 -0.496016667512 -0.539249235241
0.720860430215 -0.493412160666 -0.535514489293
0.721860930465 -0.490778984830 -0.531730515738
0.722861430715 -0.488117190119 -0.527897307336
0.723861930965 -0.485426828142 -0.524014860677
0.724862431216 -0.482707952003 -0.520083176215
0.725862931466 -0.479960616304 -0.516102258312
0.726863431716 -0.477184877141 -0.512072115270
0.727863931966 -0.474380792104 -0.507992759375
0.728864432216 -0.471548420281 -0.503864206930
0.729864932466 -0.468687822253 -0.499686478298
0.730865432716 -0.465799060096 -0.495459597940
0.731865932966 -0.462882197379 -0.491183594452
0.732866433217 -0.459937299166 -0.486858500607
0.733866933467 -0.456964432014 -0.482484353395
0.734867433717 -0.453963663970 -0.478061194059
0.735867933967 -0.450935064576 -0.473589068138
0.736868434217 -0.447878704862 -0.469068025506
0.737868934467 -0.444794657349 -0.464498120413
0.738869434717 -0.441682996046 -0.459879411525
0.739869934967 -0.438543796452 -0.455211961965
0.740870435218 -0.435377135549 -0.450495839354
0.741870935468 -0.432183091809 -0.445731115849
0.742871435718 -0.428961745186 -0.440917868190
0.743871935968 -0.425713177115 -0.436056177738
0.744872436218 -0.422437470517 -0.431146130516
0.745872936468 -0.419134709790 -0.426187817252
0.746873436718 -0.415804980810 -0.421181333421
0.747873936968 -0.412448370933 -0.416126779289
0.748874437219 -0.409064968988 -0.411024259950
0.749874937469 -0.405654865278 -0.405873885376
0.750875437719 -0.402218151577 -0.400675770454
0.751875937969 -0.398754921129 -0.395430035032
0.752876438219 -0.395265268645 -0.390136803961
0.753876938469 -0.391749290304 -0.384796207139
0.754877438719 -0.388207083746 -0.379408379555
0.755877938969 -0.384638748072 -0.373973461331
0.756878439220 -0.381044383843 -0.368491597769
0.757878939470 -0.377424093078 -0.362962939391
0.758879439720 -0.373777979246 -0.357387641990
0.759879939970 -0.370106147271 -0.351765866668
0.760880440220 -0.366408703525 -0.346097779883
0.761880940470 -0.362685755825 -0.340383553497
0.762881440720 -0.358937413433 -0.334623364818
0.763881940970 -0.355163787052 -0.328817396644
0.764882441221 -0.351364988822 -0.322965837315
0.765882941471 -0.347541132317 -0.317068880753
0.766883441721 -0.343692332544 -0.311126726508
0.767883941971 -0.339818705938 -0.305139579810
0.768884442221 -0.335920370360 -0.299107651610
0.769884942471 -0.331997445094 -0.293031158629
0.770885442721 -0.328050050841 -0.286910323402
0.771885942971 -0.324078309718 -0.280745374332
0.772886443222 -0.320082345255 -0.274536545729
0.773886943472 -0.316062282390 -0.268284077865
0.774887443722 -0.312018247464 -0.261988217014
0.775887943972 -0.307950368222 -0.255649215508
0.776888444222 -0.303858773805 -0.249267331779
0.777888944472 -0.299743594746 -0.242842830411
0.778889444722 -0.295604962969 -0.236375982188
0.779889944972 -0.291443011784 -0.229867064140
0.780890445223 -0.287257875881 -0.223316359597
0.781890945473 -0.283049691329 -0.216724158233
0.782891445723 -0.278818595568 -0.210090756119
0.783891945973 -0.274564727409 -0.203416455774
0.784892446223 -0.270288227024 -0.196701566208
0.785892946473 -0.265989235950 -0.189946402981
0.786893446723 -0.261667897075 -0.183151288246
0.787893946973 -0.257324354640 -0.176316550805
0.788894447224 -0.252958754231 -0.169442526156
0.789894947474 -0.248571242778 -0.162529556545
0.790895447724 -0.244161968544 -0.155577991020
0.791895947974 -0.239731081128 -0.148588185476
0.792896448224 -0.235278731452 -0.141560502714
0.793896948474 -0.230805071763 -0.134495312489
0.794897448724 -0.226310255623 -0.127392991562
0.795897948974 -0.221794437907 -0.120253923754
0.796898449225 -0.217257774794 -0.113078499995
0.797898949475 -0.212700423766 -0.105867118382
0.798899449725 -0.208122543603 -0.098620184228
0.799899949975 -0.203524294370 -0.091338110117
0.800900450225 -0.198905837422 -0.084021315957
0.801900950475 -0.194267335389 -0.076670229033
0.802901450725 -0.189608952180 -0.069285284061
0.803901950975 -0.184930852965 -0.061866923245
0.804902451226 -0.180233204183 -0.054415596325
0.805902951476 -0.175516173525 -0.046931760640
0.806903451726 -0.170779929933 -0.039415881176
0.807903951976 -0.166024643595 -0.031868430621
0.808904452226 -0.161250485936 -0.024289889428
0.809904952476 -0.156457629613 -0.016680745860
0.810905452726 -0.151646248511 -0.009041496054
0.811905952976 -0.146816517732 -0.001372644073
0.812906453227 -0.141968613594 0.006325298039
0.813906953477 -0.137102713621 0.014051810196
0.814907453727 -0.132218996537 0.021806364217
0.815907953977 -0.127317642260 0.029588423769
0.816908454227 -0.122398831897 0.037397444307
0.817908954477 -0.117462747736 0.045232873022
0.818909454727 -0.112509573236 0.053094148777
0.819909954977 -0.107539493026 0.060980702054
0.820910455228 -0.102552692895 0.068891954893
0.821910955478 -0.097549359786 0.076827320836
0.822911455728 -0.092529681787 0.084786204867
0.823911955978 -0.087493848127 0.092768003354
0.824912456228 -0.082442049166 0.100772103990
0.825912956478 -0.077374476391 0.108797885732
0.826913456728 -0.072291322404 0.116844718745
0.827913956978 -0.067192780922 0.124911964338
0.828914457229 -0.062079046761 0.132998974908
0.829914957479 -0.056950315836 0.141105093878
0.830915457729 -0.051806785147 0.149229655636
0.831915957979 -0.046648652778 0.157371985476
0.832916458229 -0.041476117885 0.165531399534
0.833916958479 -0.036289380689 0.173707204732
0.834917458729 -0.031088642470 0.181898698710
0.835917958979 -0.025874105555 0.190105169770
0.836918459230 -0.020645973316 0.198325896813
0.837918959480 -0.015404450159 0.206560149274
0.838919459730 -0.010149741514 0.214807187060
0.839919959980 -0.004882053830 0.223066260493
0.840920460230 0.000398405432 0.231336610239
0.841920960480 0.005691427813 0.239617467251
0.842921460730 0.010996803857 0.247908052703
0.843921960980 0.016314323124 0.256207577927
0.844922461231 0.021643774199 0.264515244347
0.845922961481 0.026984944695 0.272830243419
0.846923461731 0.032337621267 0.281151756563
0.847923961981 0.037701589619 0.289478955102
0.848924462231 0.043076634510 0.297811000193
0.849924962481 0.048462539766 0.306147042763
0.850925462731 0.053859088288 0.314486223446
0.851925962981 0.059266062060 0.322827672517
0.852926463232 0.064683242155 0.331170509821
0.853926963482 0.070110408751 0.339513844715
0.854927463732 0.075547341133 0.347856775994
0.855927963982 0.080993817705 0.356198391831
0.856928464232 0.086449616000 0.364537769702
0.857928964482 0.091914512687 0.372873976330
0.858929464732 0.097388283579 0.381206067605
0.859929964982 0.102870703648 0.389533088527
0.860930465233 0.108361547028 0.397854073132
0.861930965483 0.113860587026 0.406168044424
0.862931465733 0.119367596132 0.414474014311
0.863931965983 0.124882346031 0.422770983532
0.864932466233 0.130404607606 0.431057941587
0.865932966483 0.135934150955 0.439333866673
0.866933466733 0.141470745394 0.447597725612
0.867933966983 0.147014159470 0.455848473777
0.868934467234 0.152564160971 0.464085055029
0.869934967484 0.158120516935 0.472306401644
0.870935467734 0.163682993658 0.480511434239
0.871935967984 0.169251356706 0.488699061706
0.872936468234 0.174825370925 0.496868181140
0.873936968484 0.180404800448 0.505017677764
0.874937468734 0.185989408710 0.513146424862
0.875937968984 0.191578958452 0.521253283706
0.876938469235 0.197173211736 0.529337103481
0.877938969485 0.202771929952 0.537396721216
0.878939469735 0.208374873830 0.545430961709
0.879939969985 0.213981803448 0.553438637457
0.880940470235 0.219592478244 0.561418548579
0.881940970485 0.225206657029 0.569369482744
0.882941470735 0.230824097988 0.577290215100
0.883941970985 0.236444558703 0.585179508196
0.884942471236 0.242067796151 0.593036111909
0.885942971486 0.247693566725 0.600858763369
0.886943471736 0.253321626238 0.608646186888
0.887943971986 0.258951729933 0.616397093878
0.888944472236 0.264583632500 0.624110182781
0.889944972486 0.270217088080 0.631784138993
0.890945472736 0.275851850277 0.639417634784
0.891945972986 0.281487672173 0.647009329226
0.892946473237 0.287124306333 0.654557868116
0.893946973487 0.292761504819 0.662061883895
0.894947473737 0.298399019199 0.669519995578
0.895947973987 0.304036600561 0.676930808669
0.896948474237 0.309673999519 0.684292915092
0.897948974487 0.315310966230 0.691604893103
0.898949474737 0.320947250397 0.698865307220
0.899949974987 0.326582601290 0.706072708143
0.900950475238 0.332216767747 0.713225632672
0.901950975488 0.337849498191 0.720322603628
0.902951475738 0.343480540641 0.727362129781
0.903951975988 0.349109642720 0.734342705760
0.904952476238 0.354736551669 0.741262811982
0.905952976488 0.360361014358 0.748120914564
0.906953476738 0.365982777293 0.754915465251
0.907953976988 0.371601586635 0.761644901328
0.908954477239 0.377217188203 0.768307645543
0.909954977489 0.382829327493 0.774902106023
0.910955477739 0.388437749682 0.781426676198
0.911955977989 0.394042199644 0.787879734710
0.912956478239 0.399642421963 0.794259645340
0.913956978489 0.405238160938 0.800564756920
0.914957478739 0.410829160599 0.806793403251
0.915957978989 0.416415164721 0.812943903023
0.916958479240 0.421995916828 0.819014559727
0.917958979490 0.427571160212 0.825003661576
0.918959479740 0.433140637939 0.830909481417
0.919959979990 0.438704092863 0.836730276651
0.920960480240 0.444261267641 0.842464289145
0.921960980490 0.449811904737 0.848109745147
0.922961480740 0.455355746440 0.853664855206
0.923961980990 0.460892534874 0.859127814080
0.924962481241 0.466422012009 0.864496800655
0.925962981491 0.471943919671 0.869769977857
0.926963481741 0.477457999560 0.874945492565
0.927963981991 0.482963993253 0.880021475528
0.928964482241 0.488461642225 0.884996041274
0.929964982491 0.493950687853 0.889867288025
0.930965482741 0.499430871432 0.894633297610
0.931965982991 0.504901934187 0.899292135375
0.932966483242 0.510363617283 0.903841850096
0.933966983492 0.515815661838 0.908280473894
0.934967483742 0.521257808935 0.912606022140
0.935967983992 0.526689799633 0.916816493371
0.936968484242 0.532111374982 0.920909869199
0.937968984492 0.537522276029 0.924884114221
0.938969484742 0.542922243837 0.928737175931
0.939969984992 0.548311019491 0.932466984625
0.940970485243 0.553688344115 0.936071453319
0.941970985493 0.559053958881 0.939548477650
0.942971485743 0.564407605021 0.942895935789
0.943971985993 0.569749023841 0.946111688347
0.944972486243 0.575077956731 0.949193578289
0.945972986493 0.580394145179 0.952139430834
0.946973486743 0.585697330781 0.954947053368
0.947973986993 0.590987255256 0.957614235351
0.948974487244 0.596263660456 0.960138748223
0.949974987494 0.601526288377 0.962518345309
0.950975487744 0.606774881175 0.964750761728
0.951975987994 0.612009181173 0.966833714300
0.952976488244 0.617228930879 0.968764901449
0.953976988494 0.622433872995 0.970542003108
0.954977488744 0.627623750426 0.972162680629
0.955977988994 0.632798306300 0.973624576681
0.956978489245 0.637957283974 0.974925315163
0.957978989495 0.643100427047 0.976062501099
0.958979489745 0.648227479375 0.977033720548
0.959979989995 0.653338185080 0.977836540508
0.960980490245 0.658432288565 0.978468508812
0.961980990495 0.663509534523 0.978927154043
0.962981490745 0.668569667953 0.979209985424
0.963981990995 0.673612434169 0.979314492729
0.964982491246 0.678637578815 0.979238146182
0.965982991496 0.683644847875 0.978978396358
0.966983491746 0.688633987685 0.978532674087
0.967983991996 0.693604744948 0.977898390349
0.968984492246 0.698556866742 0.977072936185
0.969984992496 0.703490100539 0.976053682585
0.970985492746 0.708404194208 0.974837980400
0.971985992996 0.713298896035 0.973423160232
0.972986493247 0.718173954732 0.971806532340
0.973986993497 0.723029119449 0.969985386534
0.974987493747 0.727864139787 0.967956992080
0.975987993997 0.732678765811 0.965718597591
0.976988494247 0.737472748059 0.963267430932
0.977988994497 0.742245837559 0.960600699112
0.978989494747 0.746997785836 0.957715588186
0.979989994997 0.751728344930 0.954609263150
0.980990495248 0.756437267401 0.951278867836
0.981990995498 0.761124306348 0.947721524814
0.982991495748 0.765789215417 0.943934335281
0.983991995998 0.770431748815 0.939914378963
0.984992496248 0.775051661323 0.935658714007
0.985992996498 0.779648708303 0.931164376875
0.986993496748 0.784222645716 0.926428382243
0.987993996998 0.788773230134 0.921447722893
0.988994497249 0.793300218746 0.916219369606
0.989994997499 0.797803369377 0.910740271058
0.990995497749 0.802282440496 0.905007353713
0.991995997999 0.806737191229 0.899017521715
0.992996498249 0.811167381373 0.892767656780
0.993996998499 0.815572771403 0.886254618091
0.994997498749 0.819953122492 0.879475242190
0.995997998999 0.824308196514 0.872426342867
0.996998499250 0.828637756062 0.865104711053
0.997998999500 0.832941564460 0.857507114712
0.998999499750 0.837219385769 0.849630298731
1.000000000000 0.841470984808 0.841470984808
