-1.000000000000 -0.841470984808 -0.841470984808
-0.998999499750 -0.844005580176 -0.844004967268
-0.997998999500 -0.846500092589 -0.846498904389
-0.996998499250 -0.848954490407 -0.848952763031
-0.995997998999 -0.851368743841 -0.851366511949
-0.994997498749 -0.853742824947 -0.853740121789
-0.993996998499 -0.856076707627 -0.856073565088
-0.992996498249 -0.858370367629 -0.858366816271
-0.991995997999 -0.860623782541 -0.860619851646
-0.990995497749 -0.862836931791 -0.862832649402
-0.989994997499 -0.865009796646 -0.865005189607
-0.988994497249 -0.867142360211 -0.867137454205
-0.987993996998 -0.869234607423 -0.869229427011
-0.986993496748 -0.871286525052 -0.871281093709
-0.985992996498 -0.873298101700 -0.873292441849
-0.984992496248 -0.875269327793 -0.875263460845
-0.983991995998 -0.877200195585 -0.877194141969
-0.982991495748 -0.879090699152 -0.879084478349
-0.981990995498 -0.880940834392 -0.880934464965
-0.980990495248 -0.882750599017 -0.882744098647
-0.979989994997 -0.884519992559 -0.884513378070
-0.978989494747 -0.886249016356 -0.886242303750
-0.977988994497 -0.887937673562 -0.887930878042
-0.976988494247 -0.889585969132 -0.889579105136
-0.975987993997 -0.891193909828 -0.891186991050
-0.974987493747 -0.892761504210 -0.892754543631
-0.973986993497 -0.894288762635 -0.894281772549
-0.972986493247 -0.895775697256 -0.895768689289
-0.971985992996 -0.897222322014 -0.897215307155
-0.970985492746 -0.898628652639 -0.898621641260
-0.969984992496 -0.899994706643 -0.899987708523
-0.968984492246 -0.901320503319 -0.901313527664
-0.967983991996 -0.902606063735 -0.902599119204
-0.966983491746 -0.903851410733 -0.903844505455
-0.965982991496 -0.905056568922 -0.905049710519
-0.964982491246 -0.906221564679 -0.906214760280
-0.963981990995 -0.907346426137 -0.907339682407
-0.962981490745 -0.908431183191 -0.908424506341
-0.961980990495 -0.909475867485 -0.909469263293
-0.960980490245 -0.910480512414 -0.910473986242
-0.959979989995 -0.911445153115 -0.911438709926
-0.958979489745 -0.912369826466 -0.912363470843
-0.957978989495 -0.913254571081 -0.913248307239
-0.956978489245 -0.914099427305 -0.914093259107
-0.955977988994 -0.914904437207 -0.914898368182
-0.954977488744 -0.915669644582 -0.915663677936
-0.953976988494 -0.916395094938 -0.916389233569
-0.952976488244 -0.917080835497 -0.917075082010
-0.951975987994 -0.917726915189 -0.917721271907
-0.950975487744 -0.918333384645 -0.918327853624
-0.949974987494 -0.918900296195 -0.918894879234
-0.948974487244 -0.919427703861 -0.919422402515
-0.947973986993 -0.919915663351 -0.919910478942
-0.946973486743 -0.920364232056 -0.920359165685
-0.945972986493 -0.920773469043 -0.920768521601
-0.944972486243 -0.921143435051 -0.921138607227
-0.943971985993 -0.921474192485 -0.921469484780
-0.942971485743 -0.921765805410 -0.921761218141
-0.941970985493 -0.922018339546 -0.922013872862
-0.940970485243 -0.922231862261 -0.922227516147
-0.939969984992 -0.922406442568 -0.922402216856
-0.938969484742 -0.922542151118 -0.922538045494
-0.937968984492 -0.922639060190 -0.922635074205
-0.936968484242 -0.922697243694 -0.922693376768
-0.935967983992 -0.922716777157 -0.922713028590
-0.934967483742 -0.922697737720 -0.922694106696
-0.933966983492 -0.922640204131 -0.922636689728
-0.932966483242 -0.922544256742 -0.922540857937
-0.931965982991 -0.922409977498 -0.922406693174
-0.930965482741 -0.922237449932 -0.922234278885
-0.929964982491 -0.922026759163 -0.922023700106
-0.928964482241 -0.921777991884 -0.921775043454
-0.927963981991 -0.921491236356 -0.921488397121
-0.926963481741 -0.921166582405 -0.921163850867
-0.925962981491 -0.920804121413 -0.920801496014
-0.924962481241 -0.920403946311 -0.920401425438
-0.923961980990 -0.919966151573 -0.919963733563
-0.922961480740 -0.919490833209 -0.919488516353
-0.921960980490 -0.918978088759 -0.918975871306
-0.920960480240 -0.918428017282 -0.918425897445
-0.919959979990 -0.917840719356 -0.917838695314
-0.918959479740 -0.917216297065 -0.917214366967
-0.917958979490 -0.916554853992 -0.916553015963
-0.916958479240 -0.915856495217 -0.915854747358
-0.915957978989 -0.915121327305 -0.915119667698
-0.914957478739 -0.914349458298 -0.914347885011
-0.913956978489 -0.913540997713 -0.913539508799
-0.912956478239 -0.912696056528 -0.912694650032
-0.911955977989 -0.911814747181 -0.911813421139
-0.910955477739 -0.910897183555 -0.910895936001
-0.909954977489 -0.909943480978 -0.909942309942
-0.908954477239 -0.908953756210 -0.908952659723
-0.907953976988 -0.907928127437 -0.907927103532
-0.906953476738 -0.906866714264 -0.906865760980
-0.905952976488 -0.905769637705 -0.905768753088
-0.904952476238 -0.904637020179 -0.904636202281
-0.903951975988 -0.903468985496 -0.903468232383
-0.902951475738 -0.902265658856 -0.902264968603
-0.901950975488 -0.901027166835 -0.901026537534
-0.900950475238 -0.899753637381 -0.899753067135
-0.899949974987 -0.898445199801 -0.898444686735
-0.898949474737 -0.897101984761 -0.897101527014
-0.897948974487 -0.895724124267 -0.895723720000
-0.896948474237 -0.894311751667 -0.894311399058
-0.895947973987 -0.892865001634 -0.892864698887
-0.894947473737 -0.891384010164 -0.891383755503
-0.893946973487 -0.889868914565 -0.889868706237
-0.892946473237 -0.888319853446 -0.888319689724
-0.891945972986 -0.886736966714 -0.886736845895
-0.890945472736 -0.885120395559 -0.885120315967
-0.889944972486 -0.883470282452 -0.883470242436
-0.888944472236 -0.881786771128 -0.881786769067
-0.887943971986 -0.880070006588 -0.880070040885
-0.886943471736 -0.878320135078 -0.878320204167
-0.885942971486 -0.876537304092 -0.876537406434
-0.884942471236 -0.874721662352 -0.874721796438
-0.883941970985 -0.872873359808 -0.872873524159
-0.882941470735 -0.870992547624 -0.870992740790
-0.881940970485 -0.869079378171 -0.869079598732
-0.880940470235 -0.867134005017 -0.867134251582
-0.879939969985 -0.865156582916 -0.865156854127
-0.878939469735 -0.863147267805 -0.863147562331
-0.877938969485 -0.861106216786 -0.861106533330
-0.876938469235 -0.859033588125 -0.859033925418
-0.875937968984 -0.856929541237 -0.856929898042
-0.874937468734 -0.854794236679 -0.854794611789
-0.873936968484 -0.852627836140 -0.852628228380
-0.872936468234 -0.850430502434 -0.850430910657
-0.871935967984 -0.848202399485 -0.848202822576
-0.870935467734 -0.845943692322 -0.845944129196
-0.869934967484 -0.843654547070 -0.843654996672
-0.868934467234 -0.841335130935 -0.841335592240
-0.867933966983 -0.838985612203 -0.838986084215
-0.866933466733 -0.836606160220 -0.836606641974
-0.865932966483 -0.834196945391 -0.834197435950
-0.864932466233 -0.831758139166 -0.831758637622
-0.863931965983 -0.829289914030 -0.829290419505
-0.862931465733 -0.826792443496 -0.826792955138
-0.861930965483 -0.824265902092 -0.824266419080
-0.860930465233 -0.821710465353 -0.821710986892
-0.859929964982 -0.819126309811 -0.819126835133
-0.858929464732 -0.816513612983 -0.816514141349
-0.857928964482 -0.813872553365 -0.813873084061
-0.856928464232 -0.811203310417 -0.811203842756
-0.855927963982 -0.808506064558 -0.808506597878
-0.854927463732 -0.805780997150 -0.805781530817
-0.853926963482 -0.803028290495 -0.803028823898
-0.852926463232 -0.800248127820 -0.800248660372
-0.851925962981 -0.797440693265 -0.797441224406
-0.850925462731 -0.794606171881 -0.794606701073
-0.849924962481 -0.791744749610 -0.791745276340
-0.848924462231 -0.788856613282 -0.788857137058
-0.847923961981 -0.785941950600 -0.785942470953
-0.846923461731 -0.783000950132 -0.783001466618
-0.845922961481 -0.780033801302 -0.780034313495
-0.844922461231 -0.777040694376 -0.777041201873
-0.843921960980 -0.774021820454 -0.774022322872
-0.842921460730 -0.770977371459 -0.770977868437
-0.841920960480 -0.767907540127 -0.767908031322
-0.840920460230 -0.764812519996 -0.764813005085
-0.839919959980 -0.761692505394 -0.761692984074
-0.838919459730 -0.758547691433 -0.758548163418
-0.837918959480 -0.755378273993 -0.755378739017
-0.836918459230 -0.752184449716 -0.752184907528
-0.835917958979 -0.748966415991 -0.748966866360
-0.834917458729 -0.745724370948 -0.745724813658
-0.833916958479 -0.742458513444 -0.742458948296
-0.832916458229 -0.739169043053 -0.739169469863
-0.831915957979 -0.735856160058 -0.735856578658
-0.830915457729 -0.732520065435 -0.732520475673
-0.829914957479 -0.729160960847 -0.729161362584
-0.828914457229 -0.725779048633 -0.725779441744
-0.827913956978 -0.722374531793 -0.722374916169
-0.826913456728 -0.718947613983 -0.718947989525
-0.825912956478 -0.715498499499 -0.715498866122
-0.824912456228 -0.712027393270 -0.712027750903
-0.823911955978 -0.708534500845 -0.708534849428
-0.822911455728 -0.705020028384 -0.705020367868
-0.821910955478 -0.701484182645 -0.701484512993
-0.820910455228 -0.697927170975 -0.697927492160
-0.819909954977 -0.694349201298 -0.694349513304
-0.818909454727 -0.690750482104 -0.690750784926
-0.817908954477 -0.687131222440 -0.687131516081
-0.816908454227 -0.683491631897 -0.683491916369
-0.815907953977 -0.679831920599 -0.679832195925
-0.814907453727 -0.676152299194 -0.676152565404
-0.813906953477 -0.672452978841 -0.672453235975
-0.812906453227 -0.668734171202 -0.668734419304
-0.811905952976 -0.664996088425 -0.664996327552
-0.810905452726 -0.661238943142 -0.661239173354
-0.809904952476 -0.657462948450 -0.657463169815
-0.808904452226 -0.653668317904 -0.653668530497
-0.807903951976 -0.649855265505 -0.649855469406
-0.806903451726 -0.646024005690 -0.646024200986
-0.805902951476 -0.642174753318 -0.642174940103
-0.804902451226 -0.638307723663 -0.638307902034
-0.803901950975 -0.634423132402 -0.634423302461
-0.802901450725 -0.630521195601 -0.630521357457
-0.801900950475 -0.626602129707 -0.626602283471
-0.800900450225 -0.622666151537 -0.622666297326
-0.799899949975 -0.618713478265 -0.618713616199
-0.798899449725 -0.614744327413 -0.614744457616
-0.797898949475 -0.610758916839 -0.610759039437
-0.796898449225 -0.606757464724 -0.606757579849
-0.795897948974 -0.602740189567 -0.602740297351
-0.794897448724 -0.598707310166 -0.598707410745
-0.793896948474 -0.594659045614 -0.594659139127
-0.792896448224 -0.590595615284 -0.590595701871
-0.791895947974 -0.586517238818 -0.586517318623
-0.790895447724 -0.582424136118 -0.582424209285
-0.789894947474 -0.578316527334 -0.578316594009
-0.788894447224 -0.574194632852 -0.574194693183
-0.787893946973 -0.570058673286 -0.570058727421
-0.786893446723 -0.565908869463 -0.565908917553
-0.785892946473 -0.561745442414 -0.561745484609
-0.784892446223 -0.557568613365 -0.557568649816
-0.783891945973 -0.553378603720 -0.553378634580
-0.782891445723 -0.549175635059 -0.549175660480
-0.781890945473 -0.544959929119 -0.544959949252
-0.780890445223 -0.540731707785 -0.540731722785
-0.779889944972 -0.536491193084 -0.536491203102
-0.778889444722 -0.532238607167 -0.532238612355
-0.777888944472 -0.527974172301 -0.527974172812
-0.776888444222 -0.523698110862 -0.523698106846
-0.775887943972 -0.519410645315 -0.519410636924
-0.774887443722 -0.515111998214 -0.515111985596
-0.773886943472 -0.510802392181 -0.510802375487
-0.772886443222 -0.506482049903 -0.506482029280
-0.771885942971 -0.502151194115 -0.502151169712
-0.770885442721 -0.497810047596 -0.497810019556
-0.769884942471 -0.493458833149 -0.493458801619
-0.768884442221 -0.489097773600 -0.489097738722
-0.767883941971 -0.484727091779 -0.484727053696
-0.766883441721 -0.480347010516 -0.480346969367
-0.765882941471 -0.475957752623 -0.475957708547
-0.764882441221 -0.471559540891 -0.471559494025
-0.763881940970 -0.467152598072 -0.467152548551
-0.762881440720 -0.462737146875 -0.462737094833
-0.761880940470 -0.458313409949 -0.458313355517
-0.760880440220 -0.453881609877 -0.453881553185
-0.759879939970 -0.449441969163 -0.449441910338
-0.758879439720 -0.444994710222 -0.444994649389
-0.757878939470 -0.440540055368 -0.440539992652
-0.756878439220 -0.436078226808 -0.436078162328
-0.755877938969 -0.431609446624 -0.431609380500
-0.754877438719 -0.427133936768 -0.427133869117
-0.753876938469 -0.422651919051 -0.422651849988
-0.752876438219 -0.418163615129 -0.418163544766
-0.751875937969 -0.413669246498 -0.413669174945
-0.750875437719 -0.409169034477 -0.409168961841
-0.749874937469 -0.404663200204 -0.404663126590
-0.748874437219 -0.400151964618 -0.400151890130
-0.747873936968 -0.395635548457 -0.395635473195
-0.746873436718 -0.391114172243 -0.391114096305
-0.745872936468 -0.386588056270 -0.386587979751
-0.744872436218 -0.382057420597 -0.382057343592
-0.743871935968 -0.377522485038 -0.377522407636
-0.742871435718 -0.372983469148 -0.372983391438
-0.741870935468 -0.368440592216 -0.368440514283
-0.740870435218 -0.363894073253 -0.363893995181
-0.739869934967 -0.359344130983 -0.359344052853
-0.738869434717 -0.354790983832 -0.354790905723
-0.737868934467 -0.350234849920 -0.350234771907
-0.736868434217 -0.345675947045 -0.345675869203
-0.735867933967 -0.341114492681 -0.341114415080
-0.734867433717 -0.336550703961 -0.336550626670
-0.733866933467 -0.331984797672 -0.331984720758
-0.732866433217 -0.327416990240 -0.327416913767
-0.731865932966 -0.322847497726 -0.322847421755
-0.730865432716 -0.318276535811 -0.318276460402
-0.729864932466 -0.313704319787 -0.313704244997
-0.728864432216 -0.309131064552 -0.309130990435
-0.727863931966 -0.304556984591 -0.304556911201
-0.726863431716 -0.299982293975 -0.299982221361
-0.725862931466 -0.295407206347 -0.295407134557
-0.724862431216 -0.290831934913 -0.290831863993
-0.723861930965 -0.286256692430 -0.286256622424
-0.722861430715 -0.281681691202 -0.281681622151
-0.721860930465 -0.277107143065 -0.277107075008
-0.720860430215 -0.272533259379 -0.272533192354
-0.719859929965 -0.267960251020 -0.267960185061
-0.718859429715 -0.263388328367 -0.263388263509
-0.717858929465 -0.258817701298 -0.258817637571
-0.716858429215 -0.254248579174 -0.254248516608
-0.715857928964 -0.249681170836 -0.249681109457
-0.714857428714 -0.245115684589 -0.245115624423
-0.713856928464 -0.240552328200 -0.240552269270
-0.712856428214 -0.235991308881 -0.235991251209
-0.711855927964 -0.231432833287 -0.231432776893
-0.710855427714 -0.226877107501 -0.226877052403
-0.709854927464 -0.222324337029 -0.222324283244
-0.708854427214 -0.217774726788 -0.217774674329
-0.707853926963 -0.213228481098 -0.213228429980
-0.706853426713 -0.208685803673 -0.208685753907
-0.705852926463 -0.204146897614 -0.204146849209
-0.704852426213 -0.199611965395 -0.199611918360
-0.703851925963 -0.195081208859 -0.195081163201
-0.702851425713 -0.190554829206 -0.190554784930
-0.701850925463 -0.186033026987 -0.186032984098
-0.700850425213 -0.181516002093 -0.181515960593
-0.699849924962 -0.177003953746 -0.177003913636
-0.698849424712 -0.172497080492 -0.172497041772
-0.697848924462 -0.167995580192 -0.167995542861
-0.696848424212 -0.163499650013 -0.163499614067
-0.695847923962 -0.159009486417 -0.159009451854
-0.694847423712 -0.154525285158 -0.154525251972
-0.693846923462 -0.150047241268 -0.150047209455
-0.692846423212 -0.145575549054 -0.145575518605
-0.691845922961 -0.141110402084 -0.141110372992
-0.690845422711 -0.136651993183 -0.136651965437
-0.689844922461 -0.132200514421 -0.132200488012
-0.688844422211 -0.127756157109 -0.127756132027
-0.687843921961 -0.123319111788 -0.123319088020
-0.686843421711 -0.118889568221 -0.118889545754
-0.685842921461 -0.114467715387 -0.114467694208
-0.684842421211 -0.110053741469 -0.110053721563
-0.683841920960 -0.105647833851 -0.105647815204
-0.682841420710 -0.101250179107 -0.101250161702
-0.681840920460 -0.096860962993 -0.096860946813
-0.680840420210 -0.092480370440 -0.092480355469
-0.679839919960 -0.088108585546 -0.088108571766
-0.678839419710 -0.083745791570 -0.083745778962
-0.677838919460 -0.079392170922 -0.079392159467
-0.676838419210 -0.075047905155 -0.075047894834
-0.675837918959 -0.070713174960 -0.070713165752
-0.674837418709 -0.066388160156 -0.066388152042
-0.673836918459 -0.062073039686 -0.062073032644
-0.672836418209 -0.057767991604 -0.057767985614
-0.671835917959 -0.053473193074 -0.053473188113
-0.670835417709 -0.049188820358 -0.049188816404
-0.669834917459 -0.044915048811 -0.044915045843
-0.668834417209 -0.040652052874 -0.040652050867
-0.667833916958 -0.036400006064 -0.036400004997
-0.666833416708 -0.032159080972 -0.032159080821
-0.665832916458 -0.027929449250 -0.027929449993
-0.664832416208 -0.023711281611 -0.023711283223
-0.663831915958 -0.019504747815 -0.019504750273
-0.662831415708 -0.015310016667 -0.015310019947
-0.661830915458 -0.011127256008 -0.011127260087
-0.660830415208 -0.006956632711 -0.006956637564
-0.659829914957 -0.002798312669 -0.002798318272
-0.658829414707 0.001347539205 0.001347532876
-0.657828914457 0.005480758991 0.005480751960
-0.656828414207 0.009601183761 0.009601176053
-0.655827913957 0.013708651595 0.013708643233
-0.654827413707 0.017803001578 0.017802992586
-0.653826913457 0.021884073811 0.021884064214
-0.652826413207 0.025951709419 0.025951699240
-0.651825912956 0.030005750551 0.030005739814
-0.650825412706 0.034046040394 0.034046029123
-0.649824912456 0.038072423172 0.038072411390
-0.648824412206 0.042084744156 0.042084731887
-0.647823911956 0.046082849669 0.046082836936
-0.646823411706 0.050066587092 0.050066573918
-0.645822911456 0.054035804869 0.054035791277
-0.644822411206 0.057990352514 0.057990338526
-0.643821910955 0.061930080615 0.061930066255
-0.642821410705 0.065854840842 0.065854826131
-0.641820910455 0.069764485951 0.069764470912
-0.640820410205 0.073658869790 0.073658854443
-0.639819909955 0.077537847303 0.077537831671
-0.638819409705 0.081401274537 0.081401258641
-0.637818909455 0.085249008649 0.085248992509
-0.636818409205 0.089080907906 0.089080891543
-0.635817908954 0.092896831696 0.092896815131
-0.634817408704 0.096696640529 0.096696623781
-0.633816908454 0.100480196044 0.100480179132
-0.632816408204 0.104247361013 0.104247343958
-0.631815907954 0.107997999349 0.107997982168
-0.630815407704 0.111731976104 0.111731958818
-0.629814907454 0.115449157483 0.115449140109
-0.628814407204 0.119149410841 0.119149393396
-0.627813906953 0.122832604691 0.122832587193
-0.626813406703 0.126498608709 0.126498591175
-0.625812906453 0.130147293737 0.130147276184
-0.624812406203 0.133778531788 0.133778514233
-0.623811905953 0.137392196053 0.137392178510
-0.622811405703 0.140988160900 0.140988143386
-0.621810905453 0.144566301882 0.144566284412
-0.620810405203 0.148126495743 0.148126478332
-0.619809904952 0.151668620417 0.151668603078
-0.618809404702 0.155192555036 0.155192537784
-0.617808904452 0.158698179932 0.158698162780
-0.616808404202 0.162185376643 0.162185359604
-0.615807903952 0.165654027914 0.165654011002
-0.614807403702 0.169104017703 0.169104000930
-0.613806903452 0.172535231187 0.172535214564
-0.612806403202 0.175947554758 0.175947538297
-0.611805902951 0.179340876035 0.179340859747
-0.610805402701 0.182715083864 0.182715067759
-0.609804902451 0.186070068319 0.186070052409
-0.608804402201 0.189405720711 0.189405705004
-0.607803901951 0.192721933586 0.192721918093
-0.606803401701 0.196018600733 0.196018585462
-0.605802901451 0.199295617183 0.199295602143
-0.604802401201 0.202552879214 0.202552864413
-0.603801900950 0.205790284356 0.205790269802
-0.602801400700 0.209007731388 0.209007717089
-0.601800900450 0.212205120350 0.212205106313
-0.600800400200 0.215382352539 0.215382338769
-0.599799899950 0.218539330511 0.218539317016
-0.598799399700 0.221675958090 0.221675944876
-0.597798899450 0.224792140367 0.224792127439
-0.596798399200 0.227887783699 0.227887771063
-0.595797898949 0.230962795721 0.230962783380
-0.594797398699 0.234017085337 0.234017073297
-0.593796898449 0.237050562732 0.237050550996
-0.592796398199 0.240063139368 0.240063127942
-0.591795897949 0.243054727992 0.243054716877
-0.590795397699 0.246025242631 0.246025231831
-0.589794897449 0.248974598600 0.248974588118
-0.588794397199 0.251902712503 0.251902702341
-0.587793896948 0.254809502232 0.254809492392
-0.586793396698 0.257694886972 0.257694877456
-0.585792896448 0.260558787202 0.260558778011
-0.584792396198 0.263401124696 0.263401115832
-0.583791895948 0.266221822527 0.266221813990
-0.582791395698 0.269020805064 0.269020796855
-0.581790895448 0.271797997979 0.271797990098
-0.580790395198 0.274553328245 0.274553320692
-0.579789894947 0.277286724139 0.277286716914
-0.578789394697 0.279998115242 0.279998108344
-0.577788894447 0.282687432443 0.282687425871
-0.576788394197 0.285354607935 0.285354601689
-0.575787893947 0.287999575224 0.287999569301
-0.574787393697 0.290622269121 0.290622263520
-0.573786893447 0.293222625751 0.293222620471
-0.572786393197 0.295800582549 0.295800577587
-0.571785892946 0.298356078263 0.298356073617
-0.570785392696 0.300889052954 0.300889048622
-0.569784892446 0.303399447997 0.303399443976
-0.568784392196 0.305887206083 0.305887202370
-0.567783891946 0.308352271216 0.308352267808
-0.566783391696 0.310794588718 0.310794585612
-0.565782891446 0.313214105226 0.313214102417
-0.564782391196 0.315610768694 0.315610766180
-0.563781890945 0.317984528393 0.317984526170
-0.562781390695 0.320335334913 0.320335332975
-0.561780890445 0.322663140158 0.322663138503
-0.560780390195 0.324967897353 0.324967895976
-0.559779889945 0.327249561039 0.327249559936
-0.558779389695 0.329508087076 0.329508086242
-0.557778889445 0.331743432640 0.331743432070
-0.556778389195 0.333955556226 0.333955555916
-0.555777888944 0.336144417645 0.336144417590
-0.554777388694 0.338309978027 0.338309978220
-0.553776888444 0.340452199815 0.340452200253
-0.552776388194 0.342571046773 0.342571047450
-0.551775887944 0.344666483977 0.344666484888
-0.550775387694 0.346738477820 0.346738478959
-0.549774887444 0.348786996009 0.348786997370
-0.548774387194 0.350812007565 0.350812009144
-0.547773886943 0.352813482823 0.352813484613
-0.546773386693 0.354791393430 0.354791395425
-0.545772886443 0.356745712342 0.356745714538
-0.544772386193 0.358676413830 0.358676416219
-0.543771885943 0.360583473471 0.360583476048
-0.542771385693 0.362466868151 0.362466870911
-0.541770885443 0.364326576065 0.364326579002
-0.540770385193 0.366162576713 0.366162579820
-0.539769884942 0.367974850899 0.367974854170
-0.538769384692 0.369763380731 0.369763384161
-0.537768884442 0.371528149620 0.371528153202
-0.536768384192 0.373269142275 0.373269146004
-0.535767883942 0.374986344707 0.374986348576
-0.534767383692 0.376679744223 0.376679748225
-0.533766883442 0.378349329424 0.378349333555
-0.532766383192 0.379995090208 0.379995094461
-0.531765882941 0.381617017763 0.381617022132
-0.530765382691 0.383215104568 0.383215109048
-0.529764882441 0.384789344390 0.384789348974
-0.528764382191 0.386339732284 0.386339736966
-0.527763881941 0.387866264586 0.387866269360
-0.526763381691 0.389368938916 0.389368943777
-0.525762881441 0.390847754175 0.390847759117
-0.524762381191 0.392302710539 0.392302715556
-0.523761880940 0.393733809462 0.393733814548
-0.522761380690 0.395141053669 0.395141058819
-0.521760880440 0.396524447156 0.396524452365
-0.520760380190 0.397883995189 0.397884000450
-0.519759879940 0.399219704295 0.399219709603
-0.518759379690 0.400531582268 0.400531587618
-0.517758879440 0.401819638161 0.401819643547
-0.516758379190 0.403083882282 0.403083887699
-0.515757878939 0.404324326196 0.404324331639
-0.514757378689 0.405540982719 0.405540988182
-0.513756878439 0.406733865915 0.406733871394
-0.512756378189 0.407902991095 0.407902996585
-0.511755877939 0.409048374811 0.409048380306
-0.510755377689 0.410170034854 0.410170040351
-0.509754877439 0.411267990254 0.411267995747
-0.508754377189 0.412342261271 0.412342266756
-0.507753876938 0.413392869397 0.413392874868
-0.506753376688 0.414419837348 0.414419842802
-0.505752876438 0.415423189064 0.415423194497
-0.504752376188 0.416402949705 0.416402955112
-0.503751875938 0.417359145646 0.417359151023
-0.502751375688 0.418291804474 0.418291809816
-0.501750875438 0.419200954985 0.419200960289
-0.500750375188 0.420086627179 0.420086632441
-0.499749874937 0.420948852258 0.420948857475
-0.498749374687 0.421787662621 0.421787667788
-0.497748874437 0.422603091859 0.422603096973
-0.496748374187 0.423395174753 0.423395179812
-0.495747873937 0.424163947270 0.424163952270
-0.494747373687 0.424909446558 0.424909451495
-0.493746873437 0.425631710941 0.425631715811
-0.492746373187 0.426330779915 0.426330784717
-0.491745872936 0.427006694148 0.427006698878
-0.490745372686 0.427659495469 0.427659500125
-0.489744872436 0.428289226868 0.428289231447
-0.488744372186 0.428895932491 0.428895936990
-0.487743871936 0.429479657635 0.429479662052
-0.486743371686 0.430040448742 0.430040453075
-0.485742871436 0.430578353398 0.430578357644
-0.484742371186 0.431093420324 0.431093424481
-0.483741870935 0.431585699376 0.431585703442
-0.482741370685 0.432055241536 0.432055245509
-0.481740870435 0.432502098910 0.432502102789
-0.480740370185 0.432926324721 0.432926328504
-0.479739869935 0.433327973308 0.433327976993
-0.478739369685 0.433707100114 0.433707103701
-0.477738869435 0.434063761690 0.434063765176
-0.476738369185 0.434398015683 0.434398019067
-0.475737868934 0.434709920831 0.434709924112
-0.474737368684 0.434999536964 0.434999540141
-0.473736868434 0.435266924993 0.435266928065
-0.472736368184 0.435512146905 0.435512149871
-0.471735867934 0.435735265761 0.435735268621
-0.470735367684 0.435936345690 0.435936348442
-0.469734867434 0.436115451878 0.436115454523
-0.468734367184 0.436272650572 0.436272653109
-0.467733866933 0.436408009067 0.436408011495
-0.466733366683 0.436521595701 0.436521598021
-0.465732866433 0.436613479855 0.436613482066
-0.464732366183 0.436683731942 0.436683734043
-0.463731865933 0.436732423401 0.436732425393
-0.462731365683 0.436759626695 0.436759628579
-0.461730865433 0.436765415305 0.436765417079
-0.460730365183 0.436749863718 0.436749865384
-0.459729864932 0.436713047429 0.436713048987
-0.458729364682 0.436655042931 0.436655044381
-0.457728864432 0.436575927710 0.436575929052
-0.456728364182 0.436475780236 0.436475781471
-0.455727863932 0.436354679962 0.436354681091
-0.454727363682 0.436212707315 0.436212708339
-0.453726863432 0.436049943691 0.436049944610
-0.452726363182 0.435866471445 0.435866472261
-0.451725862931 0.435662373892 0.435662374605
-0.450725362681 0.435437735293 0.435437735904
-0.449724862431 0.435192640853 0.435192641364
-0.448724362181 0.434927176714 0.434927177126
-0.447723861931 0.434641429950 0.434641430263
-0.446723361681 0.434335488556 0.434335488772
-0.445722861431 0.434009441445 0.434009441566
-0.444722361181 0.433663378443 0.433663378469
-0.443721860930 0.433297390278 0.433297390211
-0.442721360680 0.432911568575 0.432911568417
-0.441720860430 0.432506005852 0.432506005604
-0.440720360180 0.432080795511 0.432080795174
-0.439719859930 0.431636031828 0.431636031405
-0.438719359680 0.431171809955 0.431171809447
-0.437718859430 0.430688225904 0.430688225313
-0.436718359180 0.430185376545 0.430185375872
-0.435717858929 0.429663359599 0.429663358846
-0.434717358679 0.429122273627 0.429122272796
-0.433716858429 0.428562218031 0.428562217124
-0.432716358179 0.427983293038 0.427983292057
-0.431715857929 0.427385599699 0.427385598646
-0.430715357679 0.426769239880 0.426769238756
-0.429714857429 0.426134316254 0.426134315062
-0.428714357179 0.425480932295 0.425480931037
-0.427713856928 0.424809192272 0.424809190949
-0.426713356678 0.424119201238 0.424119199852
-0.425712856428 0.423411065026 0.423411063580
-0.424712356178 0.422684890241 0.422684888737
-0.423711855928 0.421940784254 0.421940782693
-0.422711355678 0.421178855189 0.421178853575
-0.421710855428 0.420399211925 0.420399210259
-0.420710355178 0.419601964079 0.419601962363
-0.419709854927 0.418787222004 0.418787220241
-0.418709354677 0.417955096782 0.417955094973
-0.417708854427 0.417105700214 0.417105698361
-0.416708354177 0.416239144811 0.416239142918
-0.415707853927 0.415355543794 0.415355541861
-0.414707353677 0.414455011075 0.414455009106
-0.413706853427 0.413537661261 0.413537659257
-0.412706353177 0.412603609637 0.412603607601
-0.411705852926 0.411652972165 0.411652970098
-0.410705352676 0.410685865471 0.410685863376
-0.409704852426 0.409702406842 0.409702404721
-0.408704352176 0.408702714215 0.408702712069
-0.407703851926 0.407686906170 0.407686904003
-0.406703351676 0.406655101923 0.406655099736
-0.405702851426 0.405607421318 0.405607419113
-0.404702351176 0.404543984818 0.404543982597
-0.403701850925 0.403464913497 0.403464911262
-0.402701350675 0.402370329035 0.402370326788
-0.401700850425 0.401260353706 0.401260351450
-0.400700350175 0.400135110374 0.400135108110
-0.399699849925 0.398994722482 0.398994720213
-0.398699349675 0.397839314045 0.397839311772
-0.397698849425 0.396669009643 0.396669007368
-0.396698349175 0.395483934410 0.395483932135
-0.395697848924 0.394284214030 0.394284211757
-0.394697348674 0.393069974726 0.393069972457
-0.393696848424 0.391841343253 0.391841340990
-0.392696348174 0.390598446890 0.390598444634
-0.391695847924 0.389341413431 0.389341411183
-0.390695347674 0.388070371176 0.388070368940
-0.389694847424 0.386785448927 0.386785446703
-0.388694347174 0.385486775976 0.385486773766
-0.387693846923 0.384174482096 0.384174479902
-0.386693346673 0.382848697537 0.382848695361
-0.385692846423 0.381509553014 0.381509550856
-0.384692346173 0.380157179700 0.380157177563
-0.383691845923 0.378791709218 0.378791707102
-0.382691345673 0.377413273632 0.377413271540
-0.381690845423 0.376022005441 0.376022003373
-0.380690345173 0.374618037566 0.374618035525
-0.379689844922 0.373201503347 0.373201501333
-0.378689344672 0.371772536530 0.371772534545
-0.377688844422 0.370331271264 0.370331269309
-0.376688344172 0.368877842085 0.368877840161
-0.375687843922 0.367412383916 0.367412382025
-0.374687343672 0.365935032052 0.365935030195
-0.373686843422 0.364445922157 0.364445920334
-0.372686343172 0.362945190249 0.362945188462
-0.371685842921 0.361432972699 0.361432970949
-0.370685342671 0.359909406218 0.359909404505
-0.369684842421 0.358374627848 0.358374626174
-0.368684342171 0.356828774957 0.356828773322
-0.367683841921 0.355271985227 0.355271983632
-0.366683341671 0.353704396648 0.353704395095
-0.365682841421 0.352126147510 0.352126145999
-0.364682341171 0.350537376391 0.350537374922
-0.363681840920 0.348938222151 0.348938220725
-0.362681340670 0.347328823924 0.347328822542
-0.361680840420 0.345709321109 0.345709319772
-0.360680340170 0.344079853361 0.344079852069
-0.359679839920 0.342440560581 0.342440559335
-0.358679339670 0.340791582913 0.340791581712
-0.357678839420 0.339133060726 0.339133059572
-0.356678339170 0.337465134618 0.337465133511
-0.355677838919 0.335787945394 0.335787944334
-0.354677338669 0.334101634069 0.334101633057
-0.353676838419 0.332406341853 0.332406340888
-0.352676338169 0.330702210143 0.330702209226
-0.351675837919 0.328989380516 0.328989379647
-0.350675337669 0.327267994721 0.327267993900
-0.349674837419 0.325538194669 0.325538193897
-0.348674337169 0.323800122424 0.323800121701
-0.347673836918 0.322053920197 0.322053919522
-0.346673336668 0.320299730335 0.320299729709
-0.345672836418 0.318537695314 0.318537694735
-0.344672336168 0.316767957728 0.316767957198
-0.343671835918 0.314990660284 0.314990659802
-0.342671335668 0.313205945792 0.313205945358
-0.341670835418 0.311413957156 0.311413956769
-0.340670335168 0.309614837364 0.309614837026
-0.339669834917 0.307808729485 0.307808729194
-0.338669334667 0.305995776653 0.305995776409
-0.337668834417 0.304176122065 0.304176121867
-0.336668334167 0.302349908968 0.302349908817
-0.335667833917 0.300517280654 0.300517280548
-0.334667333667 0.298678380448 0.298678380388
-0.333666833417 0.296833351703 0.296833351688
-0.332666333167 0.294982337789 0.294982337818
-0.331665832916 0.293125482085 0.293125482159
-0.330665332666 0.291262927974 0.291262928091
-0.329664832416 0.289394818828 0.289394818988
-0.328664332166 0.287521298005 0.287521298207
-0.327663831916 0.285642508838 0.285642509082
-0.326663331666 0.283758594628 0.283758594914
-0.325662831416 0.281869698636 0.281869698961
-0.324662331166 0.279975964070 0.279975964436
-0.323661830915 0.278077534085 0.278077534489
-0.322661330665 0.276174551766 0.276174552209
-0.321660830415 0.274267160126 0.274267160606
-0.320660330165 0.272355502094 0.272355502610
-0.319659829915 0.270439720508 0.270439721060
-0.318659329665 0.268519958106 0.268519958693
-0.317658829415 0.266596357520 0.266596358142
-0.316658329165 0.264669061266 0.264669061920
-0.315657828914 0.262738211732 0.262738212419
-0.314657328664 0.260803951179 0.260803951897
-0.313656828414 0.258866421723 0.258866422472
-0.312656328164 0.256925765333 0.256925766112
-0.311655827914 0.254982123821 0.254982124629
-0.310655327664 0.253035638833 0.253035639669
-0.309654827414 0.251086451842 0.251086452704
-0.308654327164 0.249134704138 0.249134705027
-0.307653826913 0.247180536824 0.247180537738
-0.306653326663 0.245224090804 0.245224091741
-0.305652826413 0.243265506774 0.243265507734
-0.304652326163 0.241304925218 0.241304926200
-0.303651825913 0.239342486399 0.239342487402
-0.302651325663 0.237378330347 0.237378331371
-0.301650825413 0.235412596858 0.235412597900
-0.300650325163 0.233445425477 0.233445426537
-0.299649824912 0.231476955499 0.231476956576
-0.298649324662 0.229507325956 0.229507327049
-0.297648824412 0.227536675609 0.227536676717
-0.296648324162 0.225565142943 0.225565144064
-0.295647823912 0.223592866155 0.223592867289
-0.294647323662 0.221619983152 0.221619984298
-0.293646823412 0.219646631536 0.219646632693
-0.292646323162 0.217672948604 0.217672949770
-0.291645822911 0.215699071331 0.215699072506
-0.290645322661 0.213725136373 0.213725137555
-0.289644822411 0.211751280049 0.211751281238
-0.288644322161 0.209777638342 0.209777639536
-0.287643821911 0.207804346884 0.207804348083
-0.286643321661 0.205831540954 0.205831542157
-0.285642821411 0.203859355467 0.203859356672
-0.284642321161 0.201887924968 0.201887926174
-0.283641820910 0.199917383623 0.199917384830
-0.282641320660 0.197947865213 0.197947866420
-0.281640820410 0.195979503128 0.195979504333
-0.280640320160 0.194012430354 0.194012431557
-0.279639819910 0.192046779472 0.192046780672
-0.278639319660 0.190082682645 0.190082683840
-0.277638819410 0.188120271615 0.188120272805
-0.276638319160 0.186159677694 0.186159678878
-0.275637818909 0.184201031755 0.184201032933
-0.274637318659 0.182244464229 0.182244465399
-0.273636818409 0.180290105093 0.180290106254
-0.272636318159 0.178338083864 0.178338085016
-0.271635817909 0.176388529596 0.176388530737
-0.270635317659 0.174441570866 0.174441571996
-0.269634817409 0.172497335773 0.172497336891
-0.268634317159 0.170555951927 0.170555953032
-0.267633816908 0.168617546443 0.168617547535
-0.266633316658 0.166682245936 0.166682247014
-0.265632816408 0.164750176510 0.164750177572
-0.264632316158 0.162821463754 0.162821464801
-0.263631815908 0.160896232736 0.160896233767
-0.262631315658 0.158974607993 0.158974609007
-0.261630815408 0.157056713526 0.157056714522
-0.260630315158 0.155142672793 0.155142673771
-0.259629814907 0.153232608702 0.153232609661
-0.258629314657 0.151326643605 0.151326644544
-0.257628814407 0.149424899290 0.149424900208
-0.256628314157 0.147527496975 0.147527497873
-0.255627813907 0.145634557302 0.145634558179
-0.254627313657 0.143746200331 0.143746201185
-0.253626813407 0.141862545529 0.141862546362
-0.252626313157 0.139983711771 0.139983712580
-0.251625812906 0.138109817326 0.138109818113
-0.250625312656 0.136240979857 0.136240980619
-0.249624812406 0.134377316408 0.134377317147
-0.248624312156 0.132518943406 0.132518944120
-0.247623811906 0.130665976645 0.130665977334
-0.246623311656 0.128818531288 0.128818531952
-0.245622811406 0.126976721858 0.126976722496
-0.244622311156 0.125140662228 0.125140662841
-0.243621810905 0.123310465622 0.123310466209
-0.242621310655 0.121486244604 0.121486245163
-0.241620810405 0.119668111070 0.119668111604
-0.240620310155 0.117856176251 0.117856176757
-0.239619809905 0.116050550697 0.116050551176
-0.238619309655 0.114251344275 0.114251344727
-0.237618809405 0.112458666167 0.112458666591
-0.236618309155 0.110672624857 0.110672625254
-0.235617808904 0.108893328131 0.108893328500
-0.234617308654 0.107120883067 0.107120883409
-0.233616808404 0.105355396035 0.105355396349
-0.232616308154 0.103596972684 0.103596972970
-0.231615807904 0.101845717942 0.101845718200
-0.230615307654 0.100101736008 0.100101736239
-0.229614807404 0.098365130349 0.098365130552
-0.228614307154 0.096636003690 0.096636003865
-0.227613806903 0.094914458012 0.094914458160
-0.226613306653 0.093200594548 0.093200594668
-0.225612806403 0.091494513773 0.091494513865
-0.224612306153 0.089796315403 0.089796315468
-0.223611805903 0.088106098387 0.088106098424
-0.222611305653 0.086423960903 0.086423960914
-0.221610805403 0.084750000354 0.084750000338
-0.220610305153 0.083084313362 0.083084313318
-0.219609804902 0.081426995759 0.081426995690
-0.218609304652 0.079778142592 0.079778142496
-0.217608804402 0.078137848106 0.078137847984
-0.216608304152 0.076506205748 0.076506205600
-0.215607803902 0.074883308159 0.074883307986
-0.214607303652 0.073269247168 0.073269246970
-0.213606803402 0.071664113791 0.071664113568
-0.212606303152 0.070067998221 0.070067997974
-0.211605802901 0.068480989829 0.068480989558
-0.210605302651 0.066903177155 0.066903176861
-0.209604802401 0.065334647907 0.065334647589
-0.208604302151 0.063775488953 0.063775488612
-0.207603801901 0.062225786319 0.062225785956
-0.206603301651 0.060685625184 0.060685624799
-0.205602801401 0.059155089877 0.059155089470
-0.204602301151 0.057634263870 0.057634263442
-0.203601800900 0.056123229774 0.056123229326
-0.202601300650 0.054622069340 0.054622068871
-0.201600800400 0.053130863446 0.053130862958
-0.200600300150 0.051649692103 0.051649691596
-0.199599799900 0.050178634443 0.050178633917
-0.198599299650 0.048717768717 0.048717768173
-0.197598799400 0.047267172296 0.047267171734
-0.196598299150 0.045826921658 0.045826921080
-0.195597798899 0.044397092395 0.044397091800
-0.194597298649 0.042977759200 0.042977758589
-0.193596798399 0.041568995868 0.041568995242
-0.192596298149 0.040170875293 0.040170874652
-0.191595797899 0.038783469460 0.038783468805
-0.190595297649 0.037406849448 0.037406848779
-0.189594797399 0.036041085419 0.036041084738
-0.188594297149 0.034686246622 0.034686245929
-0.187593796898 0.033342401385 0.033342400680
-0.186593296648 0.032009617113 0.032009616397
-0.185592796398 0.030687960283 0.030687959557
-0.184592296148 0.029377496446 0.029377495710
-0.183591795898 0.028078290217 0.028078289472
-0.182591295648 0.026790405278 0.026790404525
-0.181590795398 0.025513904371 0.025513903610
-0.180590295148 0.024248849297 0.024248848528
-0.179589794897 0.022995300911 0.022995300136
-0.178589294647 0.021753319123 0.021753318342
-0.177588794397 0.020522962892 0.020522962106
-0.176588294147 0.019304290224 0.019304289433
-0.175587793897 0.018097358168 0.018097357373
-0.174587293647 0.016902222818 0.016902222020
-0.173586793397 0.015718939306 0.015718938505
-0.172586293147 0.014547561800 0.014547560997
-0.171585792896 0.013388143504 0.013388142700
-0.170585292646 0.012240736653 0.012240735848
-0.169584792396 0.011105392511 0.011105391706
-0.168584292146 0.009982161372 0.009982160567
-0.167583791896 0.008871092553 0.008871091750
-0.166583291646 0.007772234395 0.007772233594
-0.165582791396 0.006685634261 0.006685633462
-0.164582291146 0.005611338531 0.005611337736
-0.163581790895 0.004549392604 0.004549391812
-0.162581290645 0.003499840894 0.003499840106
-0.161580790395 0.002462726825 0.002462726042
-0.160580290145 0.001438092838 0.001438092060
-0.159579789895 0.000425980379 0.000425979608
-0.158579289645 -0.000573570094 -0.000573570859
-0.157578789395 -0.001560519120 -0.001560519878
-0.156578289145 -0.002534828231 -0.002534828981
-0.155577788894 -0.003496459956 -0.003496460698
-0.154577288644 -0.004445377822 -0.004445378555
-0.153576788394 -0.005381546356 -0.005381547079
-0.152576288144 -0.006304931085 -0.006304931798
-0.151575787894 -0.007215498537 -0.007215499240
-0.150575287644 -0.008113216246 -0.008113216938
-0.149574787394 -0.008998052747 -0.008998053428
-0.148574287144 -0.009869977583 -0.009869978252
-0.147573786893 -0.010728961303 -0.010728961959
-0.146573286643 -0.011574975462 -0.011574976105
-0.145572786393 -0.012407992624 -0.012407993254
-0.144572286143 -0.013227986363 -0.013227986979
-0.143571785893 -0.014034931262 -0.014034931864
-0.142571285643 -0.014828802914 -0.014828803502
-0.141570785393 -0.015609577926 -0.015609578499
-0.140570285143 -0.016377233914 -0.016377234472
-0.139569784892 -0.017131749508 -0.017131750050
-0.138569284642 -0.017873104351 -0.017873104876
-0.137568784392 -0.018601279098 -0.018601279607
-0.136568284142 -0.019316255420 -0.019316255912
-0.135567783892 -0.020018016000 -0.020018016476
-0.134567283642 -0.020706544538 -0.020706544996
-0.133566783392 -0.021381825745 -0.021381826185
-0.132566283142 -0.022043845349 -0.022043845771
-0.131565782891 -0.022692590093 -0.022692590497
-0.130565282641 -0.023328047733 -0.023328048119
-0.129564782391 -0.023950207042 -0.023950207409
-0.128564282141 -0.024559057805 -0.024559058153
-0.127563781891 -0.025154590824 -0.025154591153
-0.126563281641 -0.025736797913 -0.025736798223
-0.125562781391 -0.026305671902 -0.026305672192
-0.124562281141 -0.026861206633 -0.026861206903
-0.123561780890 -0.027403396961 -0.027403397212
-0.122561280640 -0.027932238756 -0.027932238987
-0.121560780390 -0.028447728898 -0.028447729109
-0.120560280140 -0.028949865279 -0.028949865471
-0.119559779890 -0.029438646804 -0.029438646975
-0.118559279640 -0.029914073384 -0.029914073535
-0.117558779390 -0.030376145944 -0.030376146075
-0.116558279140 -0.030824866416 -0.030824866526
-0.115557778889 -0.031260237738 -0.031260237828
-0.114557278639 -0.031682263859 -0.031682263929
-0.113556778389 -0.032090949730 -0.032090949780
-0.112556278139 -0.032486301310 -0.032486301339
-0.111555777889 -0.032868325558 -0.032868325567
-0.110555277639 -0.033237030440 -0.033237030429
-0.109554777389 -0.033592424920 -0.033592424889
-0.108554277139 -0.033934518965 -0.033934518913
-0.107553776888 -0.034263323536 -0.034263323465
-0.106553276638 -0.034578850598 -0.034578850507
-0.105552776388 -0.034881113105 -0.034881112995
-0.104552276138 -0.035170125011 -0.035170124881
-0.103551775888 -0.035445901260 -0.035445901111
-0.102551275638 -0.035708457787 -0.035708457619
-0.101550775388 -0.035957811518 -0.035957811331
-0.100550275138 -0.036193980365 -0.036193980159
-0.099549774887 -0.036416983227 -0.036416983003
-0.098549274637 -0.036626839987 -0.036626839744
-0.097548774387 -0.036823571511 -0.036823571250
-0.096548274137 -0.037007199642 -0.037007199363
-0.095547773887 -0.037177747204 -0.037177746908
-0.094547273637 -0.037335237997 -0.037335237684
-0.093546773387 -0.037479696794 -0.037479696464
-0.092546273137 -0.037611149340 -0.037611148993
-0.091545772886 -0.037729622349 -0.037729621985
-0.090545272636 -0.037835143502 -0.037835143122
-0.089544772386 -0.037927741445 -0.037927741050
-0.088544272136 -0.038007445788 -0.038007445377
-0.087543771886 -0.038074287098 -0.038074286672
-0.086543271636 -0.038128296900 -0.038128296460
-0.085542771386 -0.038169507676 -0.038169507222
-0.084542271136 -0.038197952857 -0.038197952389
-0.083541770885 -0.038213666825 -0.038213666344
-0.082541270635 -0.038216684908 -0.038216684414
-0.081540770385 -0.038207043379 -0.038207042872
-0.080540270135 -0.038184779449 -0.038184778930
-0.079539769885 -0.038149931270 -0.038149930739
-0.078539269635 -0.038102537927 -0.038102537385
-0.077538769385 -0.038042639438 -0.038042638885
-0.076538269135 -0.037970276750 -0.037970276187
-0.075537768884 -0.037885491735 -0.037885491162
-0.074537268634 -0.037788327187 -0.037788326604
-0.073536768384 -0.037678826821 -0.037678826229
-0.072536268134 -0.037557035266 -0.037557034666
-0.071535767884 -0.037422998066 -0.037422997457
-0.070535267634 -0.037276761671 -0.037276761055
-0.069534767384 -0.037118373439 -0.037118372816
-0.068534267134 -0.036947881630 -0.036947881001
-0.067533766883 -0.036765335402 -0.036765334767
-0.066533266633 -0.036570784809 -0.036570784169
-0.065532766383 -0.036364280796 -0.036364280150
-0.064532266133 -0.036145875194 -0.036145874543
-0.063531765883 -0.035915620720 -0.035915620065
-0.062531265633 -0.035673570970 -0.035673570312
-0.061530765383 -0.035419780416 -0.035419779756
-0.060530265133 -0.035154304404 -0.035154303741
-0.059529764882 -0.034877199146 -0.034877198481
-0.058529264632 -0.034588521719 -0.034588521052
-0.057528764382 -0.034288330060 -0.034288329393
-0.056528264132 -0.033976682963 -0.033976682296
-0.055527763882 -0.033653640073 -0.033653639406
-0.054527263632 -0.033319261882 -0.033319261216
-0.053526763382 -0.032973609728 -0.032973609062
-0.052526263132 -0.032616745783 -0.032616745120
-0.051525762881 -0.032248733060 -0.032248732399
-0.050525262631 -0.031869635396 -0.031869634738
-0.049524762381 -0.031479517459 -0.031479516804
-0.048524262131 -0.031078444735 -0.031078444084
-0.047523761881 -0.030666483527 -0.030666482880
-0.046523261631 -0.030243700951 -0.030243700309
-0.045522761381 -0.029810164931 -0.029810164294
-0.044522261131 -0.029365944191 -0.029365943560
-0.043521760880 -0.028911108256 -0.028911107631
-0.042521260630 -0.028445727441 -0.028445726824
-0.041520760380 -0.027969872853 -0.027969872243
-0.040520260130 -0.027483616379 -0.027483615776
-0.039519759880 -0.026987030686 -0.026987030092
-0.038519259630 -0.026480189215 -0.026480188629
-0.037518759380 -0.025963166173 -0.025963165597
-0.036518259130 -0.025436036534 -0.025436035967
-0.035517758879 -0.024898876027 -0.024898875470
-0.034517258629 -0.024351761136 -0.024351760590
-0.033516758379 -0.023794769092 -0.023794768556
-0.032516258129 -0.023227977868 -0.023227977344
-0.031515757879 -0.022651466176 -0.022651465664
-0.030515257629 -0.022065313460 -0.022065312959
-0.029514757379 -0.021469599888 -0.021469599400
-0.028514257129 -0.020864406351 -0.020864405876
-0.027513756878 -0.020249814458 -0.020249813996
-0.026513256628 -0.019625906523 -0.019625906074
-0.025512756378 -0.018992765569 -0.018992765134
-0.024512256128 -0.018350475316 -0.018350474896
-0.023511755878 -0.017699120179 -0.017699119774
-0.022511255628 -0.017038785260 -0.017038784869
-0.021510755378 -0.016369556342 -0.016369555966
-0.020510255128 -0.015691519885 -0.015691519525
-0.019509754877 -0.015004763021 -0.015004762677
-0.018509254627 -0.014309373545 -0.014309373217
-0.017508754377 -0.013605439912 -0.013605439600
-0.016508254127 -0.012893051229 -0.012893050933
-0.015507753877 -0.012172297250 -0.012172296971
-0.014507253627 -0.011443268370 -0.011443268108
-0.013506753377 -0.010706055621 -0.010706055376
-0.012506253127 -0.009960750662 -0.009960750434
-0.011505752876 -0.009207445774 -0.009207445564
-0.010505252626 -0.008446233856 -0.008446233664
-0.009504752376 -0.007677208419 -0.007677208244
-0.008504252126 -0.006900463575 -0.006900463419
-0.007503751876 -0.006116094038 -0.006116093899
-0.006503251626 -0.005324195110 -0.005324194989
-0.005502751376 -0.004524862681 -0.004524862579
-0.004502251126 -0.003718193219 -0.003718193136
-0.003501750875 -0.002904283766 -0.002904283701
-0.002501250625 -0.002083231931 -0.002083231884
-0.001500750375 -0.001255135879 -0.001255135851
-0.000500250125 -0.000420094333 -0.000420094324
0.000500250125 0.000421793439 0.000421793430
0.001500750375 0.001270427628 0.001270427600
0.002501250625 0.002125707893 0.002125707846
0.003501750875 0.002987533363 0.002987533298
0.004502251126 0.003855802647 0.003855802564
0.005502751376 0.004730413843 0.004730413740
0.006503251626 0.005611264537 0.005611264416
0.007503751876 0.006498251817 0.006498251679
0.008504252126 0.007391272279 0.007391272122
0.009504752376 0.008290222029 0.008290221853
0.010505252626 0.009194996693 0.009194996500
0.011505752876 0.010105491426 0.010105491215
0.012506253127 0.011021600914 0.011021600685
0.013506753377 0.011943219386 0.011943219140
0.014507253627 0.012870240616 0.012870240352
0.015507753877 0.013802557934 0.013802557653
0.016508254127 0.014740064230 0.014740063932
0.017508754377 0.015682651963 0.015682651648
0.018509254627 0.016630213168 0.016630212836
0.019509754877 0.017582639461 0.017582639113
0.020510255128 0.018539822049 0.018539821685
0.021510755378 0.019501651734 0.019501651355
0.022511255628 0.020468018924 0.020468018529
0.023511755878 0.021438813636 0.021438813226
0.024512256128 0.022413925505 0.022413925080
0.025512756378 0.023393243793 0.023393243354
0.026513256628 0.024376657394 0.024376656940
0.027513756878 0.025364054840 0.025364054372
0.028514257129 0.026355324312 0.026355323830
0.029514757379 0.027350353644 0.027350353150
0.030515257629 0.028349030334 0.028349029827
0.031515757879 0.029351241547 0.029351241027
0.032516258129 0.030356874125 0.030356873593
0.033516758379 0.031365814592 0.031365814049
0.034517258629 0.032377949167 0.032377948612
0.035517758879 0.033393163764 0.033393163198
0.036518259130 0.034411344004 0.034411343428
0.037518759380 0.035432375223 0.035432374637
0.038519259630 0.036456142476 0.036456141881
0.039519759880 0.037482530548 0.037482529943
0.040520260130 0.038511423957 0.038511423344
0.041520760380 0.039542706969 0.039542706348
0.042521260630 0.040576263597 0.040576262968
0.043521760880 0.041611977615 0.041611976979
0.044522261131 0.042649732562 0.042649731919
0.045522761381 0.043689411750 0.043689411101
0.046523261631 0.044730898274 0.044730897619
0.047523761881 0.045774075018 0.045774074357
0.048524262131 0.046818824660 0.046818823995
0.049524762381 0.047865029684 0.047865029015
0.050525262631 0.048912572388 0.048912571715
0.051525762881 0.049961334885 0.049961334208
0.052526263132 0.051011199118 0.051011198439
0.053526763382 0.052062046865 0.052062046184
0.054527263632 0.053113759746 0.053113759063
0.055527763882 0.054166219230 0.054166218547
0.056528264132 0.055219306648 0.055219305963
0.057528764382 0.056272903192 0.056272902507
0.058529264632 0.057326889930 0.057326889246
0.059529764882 0.058381147811 0.058381147128
0.060530265133 0.059435557674 0.059435556993
0.061530765383 0.060490000253 0.060489999574
0.062531265633 0.061544356187 0.061544355511
0.063531765883 0.062598506029 0.062598505356
0.064532266133 0.063652330250 0.063652329581
0.065532766383 0.064705709251 0.064705708586
0.066533266633 0.065758523366 0.065758522706
0.067533766883 0.066810652876 0.066810652222
0.068534267134 0.067861978012 0.067861977363
0.069534767384 0.068912378962 0.068912378320
0.070535267634 0.069961735885 0.069961735250
0.071535767884 0.071009928912 0.071009928285
0.072536268134 0.072056838159 0.072056837539
0.073536768384 0.073102343729 0.073102343118
0.074537268634 0.074146325728 0.074146325125
0.075537768884 0.075188664264 0.075188663671
0.076538269135 0.076229239463 0.076229238880
0.077538769385 0.077267931469 0.077267930897
0.078539269635 0.078304620459 0.078304619898
0.079539769885 0.079339186647 0.079339186097
0.080540270135 0.080371510290 0.080371509752
0.081540770385 0.081401471702 0.081401471176
0.082541270635 0.082428951256 0.082428950743
0.083541770885 0.083453829394 0.083453828894
0.084542271136 0.084475986636 0.084475986150
0.085542771386 0.085495303585 0.085495303113
0.086543271636 0.086511660939 0.086511660482
0.087543771886 0.087524939495 0.087524939052
0.088544272136 0.088535020157 0.088535019730
0.089544772386 0.089541783948 0.089541783536
0.090545272636 0.090545112011 0.090545111616
0.091545772886 0.091544885625 0.091544885247
0.092546273137 0.092540986206 0.092540985845
0.093546773387 0.093533295318 0.093533294973
0.094547273637 0.094521694679 0.094521694352
0.095547773887 0.095506066172 0.095506065862
0.096548274137 0.096486291848 0.096486291557
0.097548774387 0.097462253940 0.097462253668
0.098549274637 0.098433834865 0.098433834611
0.099549774887 0.099400917234 0.099400916999
0.100550275138 0.100363383860 0.100363383644
0.101550775388 0.101321117767 0.101321117571
0.102551275638 0.102274002194 0.102274002018
0.103551775888 0.103221920608 0.103221920452
0.104552276138 0.104164756706 0.104164756570
0.105552776388 0.105102394426 0.105102394310
0.106553276638 0.106034717956 0.106034717861
0.107553776888 0.106961611738 0.106961611663
0.108554277139 0.107882960477 0.107882960424
0.109554777389 0.108798649153 0.108798649120
0.110555277639 0.109708563020 0.109708563009
0.111555777889 0.110612587622 0.110612587632
0.112556278139 0.111510608796 0.111510608826
0.113556778389 0.112402512679 0.112402512731
0.114557278639 0.113288185721 0.113288185794
0.115557778889 0.114167514686 0.114167514780
0.116558279140 0.115040386663 0.115040386779
0.117558779390 0.115906689074 0.115906689212
0.118559279640 0.116766309680 0.116766309839
0.119559779890 0.117619136590 0.117619136770
0.120560280140 0.118465058265 0.118465058466
0.121560780390 0.119303963530 0.119303963753
0.122561280640 0.120135741581 0.120135741825
0.123561780890 0.120960281987 0.120960282252
0.124562281141 0.121777474706 0.121777474992
0.125562781391 0.122587210084 0.122587210391
0.126563281641 0.123389378869 0.123389379197
0.127563781891 0.124183872214 0.124183872562
0.128564282141 0.124970581685 0.124970582054
0.129564782391 0.125749399273 0.125749399661
0.130565282641 0.126520217393 0.126520217801
0.131565782891 0.127282928899 0.127282929327
0.132566283142 0.128037427087 0.128037427535
0.133566783392 0.128783605704 0.128783606171
0.134567283642 0.129521358954 0.129521359440
0.135567783892 0.130250581505 0.130250582010
0.136568284142 0.130971168499 0.130971169022
0.137568784392 0.131683015556 0.131683016097
0.138569284642 0.132386018782 0.132386019341
0.139569784892 0.133080074776 0.133080075352
0.140570285143 0.133765080638 0.133765081231
0.141570785393 0.134440933977 0.134440934586
0.142571285643 0.135107532913 0.135107533539
0.143571785893 0.135764776090 0.135764776732
0.144572286143 0.136412562681 0.136412563338
0.145572786393 0.137050792391 0.137050793063
0.146573286643 0.137679365471 0.137679366158
0.147573786893 0.138298182720 0.138298183420
0.148574287144 0.138907145492 0.138907146206
0.149574787394 0.139506155705 0.139506156432
0.150575287644 0.140095115846 0.140095116586
0.151575787894 0.140673928979 0.140673929731
0.152576288144 0.141242498751 0.141242499514
0.153576788394 0.141800729399 0.141800730173
0.154577288644 0.142348525757 0.142348526541
0.155577788894 0.142885793260 0.142885794055
0.156578289145 0.143412437957 0.143412438760
0.157578789395 0.143928366508 0.143928367320
0.158579289645 0.144433486202 0.144433487022
0.159579789895 0.144927704952 0.144927705780
0.160580290145 0.145410931312 0.145410932146
0.161580790395 0.145883074474 0.145883075314
0.162581290645 0.146344044281 0.146344045128
0.163581790895 0.146793751232 0.146793752084
0.164582291146 0.147232106487 0.147232107343
0.165582791396 0.147659021873 0.147659022732
0.166583291646 0.148074409892 0.148074410754
0.167583791896 0.148478183727 0.148478184591
0.168584292146 0.148870257246 0.148870258113
0.169584792396 0.149250545012 0.149250545880
0.170585292646 0.149618962286 0.149618963154
0.171585792896 0.149975425034 0.149975425901
0.172586293147 0.150319849932 0.150319850799
0.173586793397 0.150652154377 0.150652155241
0.174587293647 0.150972256484 0.150972257346
0.175587793897 0.151280075102 0.151280075961
0.176588294147 0.151575529812 0.151575530667
0.177588794397 0.151858540937 0.151858541788
0.178589294647 0.152129029547 0.152129030392
0.179589794897 0.152386917464 0.152386918303
0.180590295148 0.152632127267 0.152632128100
0.181590795398 0.152864582303 0.152864583128
0.182591295648 0.153084206685 0.153084207502
0.183591795898 0.153290925304 0.153290926112
0.184592296148 0.153484663828 0.153484664627
0.185592796398 0.153665348717 0.153665349505
0.186593296648 0.153832907218 0.153832907995
0.187593796898 0.153987267379 0.153987268144
0.188594297149 0.154128358048 0.154128358802
0.189594797399 0.154256108885 0.154256109625
0.190595297649 0.154370450359 0.154370451086
0.191595797899 0.154471313762 0.154471314475
0.192596298149 0.154558631209 0.154558631906
0.193596798399 0.154632335642 0.154632336324
0.194597298649 0.154692360840 0.154692361506
0.195597798899 0.154738641423 0.154738642071
0.196598299150 0.154771112851 0.154771113482
0.197598799400 0.154789711439 0.154789712052
0.198599299650 0.154794374353 0.154794374947
0.199599799900 0.154785039620 0.154785040195
0.200600300150 0.154761646133 0.154761646687
0.201600800400 0.154724133652 0.154724134185
0.202601300650 0.154672442812 0.154672443324
0.203601800900 0.154606515127 0.154606515618
0.204602301151 0.154526292997 0.154526293465
0.205602801401 0.154431719706 0.154431720151
0.206603301651 0.154322739434 0.154322739856
0.207603801901 0.154199297257 0.154199297655
0.208604302151 0.154061339155 0.154061339529
0.209604802401 0.153908812013 0.153908812361
0.210605302651 0.153741663626 0.153741663949
0.211605802901 0.153559842705 0.153559843003
0.212606303152 0.153363298883 0.153363299154
0.213606803402 0.153151982712 0.153151982957
0.214607303652 0.152925845677 0.152925845894
0.215607803902 0.152684840191 0.152684840381
0.216608304152 0.152428919606 0.152428919768
0.217608804402 0.152158038214 0.152158038348
0.218609304652 0.151872151251 0.151872151357
0.219609804902 0.151571214901 0.151571214978
0.220610305153 0.151255186300 0.151255186348
0.221610805403 0.150924023542 0.150924023560
0.222611305653 0.150577685679 0.150577685668
0.223611805903 0.150216132728 0.150216132686
0.224612306153 0.149839325671 0.149839325600
0.225612806403 0.149447226465 0.149447226363
0.226613306653 0.149039798038 0.149039797905
0.227613806903 0.148617004297 0.148617004135
0.228614307154 0.148178810133 0.148178809940
0.229614807404 0.147725181420 0.147725181195
0.230615307654 0.147256085019 0.147256084764
0.231615807904 0.146771488786 0.146771488500
0.232616308154 0.146271361571 0.146271361254
0.233616808404 0.145755673222 0.145755672874
0.234617308654 0.145224394587 0.145224394208
0.235617808904 0.144677497521 0.144677497111
0.236618309155 0.144114954885 0.144114954445
0.237618809405 0.143536740553 0.143536740081
0.238619309655 0.142942829408 0.142942828906
0.239619809905 0.142333197355 0.142333196822
0.240620310155 0.141707821313 0.141707820750
0.241620810405 0.141066679228 0.141066678635
0.242621310655 0.140409750066 0.140409749443
0.243621810905 0.139737013825 0.139737013172
0.244622311156 0.139048451530 0.139048450847
0.245622811406 0.138344045238 0.138344044527
0.246623311656 0.137623778045 0.137623777305
0.247623811906 0.136887634081 0.136887633312
0.248624312156 0.136135598516 0.136135597720
0.249624812406 0.135367657565 0.135367656741
0.250625312656 0.134583798485 0.134583797633
0.251625812906 0.133784009580 0.133784008702
0.252626313157 0.132968280204 0.132968279299
0.253626813407 0.132136600760 0.132136599829
0.254627313657 0.131288962707 0.131288961750
0.255627813907 0.130425358555 0.130425357574
0.256628314157 0.129545781875 0.129545780869
0.257628814407 0.128650227293 0.128650226264
0.258629314657 0.127738690498 0.127738689446
0.259629814907 0.126811168241 0.126811167167
0.260630315158 0.125867658336 0.125867657240
0.261630815408 0.124908159663 0.124908158545
0.262631315658 0.123932672169 0.123932671030
0.263631815908 0.122941196869 0.122941195711
0.264632316158 0.121933735850 0.121933734673
0.265632816408 0.120910292268 0.120910291073
0.266633316658 0.119870870355 0.119870869142
0.267633816908 0.118815475413 0.118815474184
0.268634317159 0.117744113822 0.117744112577
0.269634817409 0.116656793038 0.116656791778
0.270635317659 0.115553521593 0.115553520320
0.271635817909 0.114434309100 0.114434307814
0.272636318159 0.113299166250 0.113299164951
0.273636818409 0.112148104813 0.112148103503
0.274637318659 0.110981137644 0.110981136323
0.275637818909 0.109798278675 0.109798277345
0.276638319160 0.108599542925 0.108599541587
0.277638819410 0.107384946495 0.107384945149
0.278639319660 0.106154506568 0.106154505216
0.279639819910 0.104908241414 0.104908240057
0.280640320160 0.103646170388 0.103646169026
0.281640820410 0.102368313928 0.102368312563
0.282641320660 0.101074693560 0.101074692193
0.283641820910 0.099765331896 0.099765330528
0.284642321161 0.098440252632 0.098440251264
0.285642821411 0.097099480554 0.097099479187
0.286643321661 0.095743041531 0.095743040166
0.287643821911 0.094370962521 0.094370961160
0.288644322161 0.092983271567 0.092983270211
0.289644822411 0.091579997801 0.091579996450
0.290645322661 0.090161171438 0.090161170094
0.291645822911 0.088726823782 0.088726822446
0.292646323162 0.087276987222 0.087276985895
0.293646823412 0.085811695231 0.085811693915
0.294647323662 0.084330982371 0.084330981066
0.295647823912 0.082834884284 0.082834882992
0.296648324162 0.081323437701 0.081323436423
0.297648824412 0.079796680433 0.079796679170
0.298649324662 0.078254651376 0.078254650130
0.299649824912 0.076697390509 0.076697389280
0.300650325163 0.075124938890 0.075124937680
0.301650825413 0.073537338660 0.073537337470
0.302651325663 0.071934633040 0.071934631871
0.303651825913 0.070316866329 0.070316865182
0.304652326163 0.068684083905 0.068684082781
0.305652826413 0.067036332222 0.067036331123
0.306653326663 0.065373658810 0.065373657736
0.307653826913 0.063696112274 0.063696111228
0.308654327164 0.062003742293 0.062003741275
0.309654827414 0.060296599617 0.060296598628
0.310655327664 0.058574736067 0.058574735109
0.311655827914 0.056838204535 0.056838203608
0.312656328164 0.055087058977 0.055087058083
0.313656828414 0.053321354420 0.053321353559
0.314657328664 0.051541146951 0.051541146125
0.315657828914 0.049746493724 0.049746492934
0.316658329165 0.047937452951 0.047937452198
0.317658829415 0.046114083907 0.046114083192
0.318659329665 0.044276446920 0.044276446244
0.319659829915 0.042424603378 0.042424602742
0.320660330165 0.040558615720 0.040558615125
0.321660830415 0.038678547438 0.038678546885
0.322661330665 0.036784463073 0.036784462563
0.323661830915 0.034876428212 0.034876427746
0.324662331166 0.032954509491 0.032954509069
0.325662831416 0.031018774584 0.031018774208
0.326663331666 0.029069292209 0.029069291880
0.327663831916 0.027106132121 0.027106131839
0.328664332166 0.025129365110 0.025129364876
0.329664832416 0.023139063001 0.023139062816
0.330665332666 0.021135298647 0.021135298511
0.331665832916 0.019118145930 0.019118145845
0.332666333167 0.017087679758 0.017087679724
0.333666833417 0.015043976061 0.015043976078
0.334667333667 0.012987111786 0.012987111856
0.335667833917 0.010917164902 0.010917165024
0.336668334167 0.008834214386 0.008834214561
0.337668834417 0.006738340229 0.006738340458
0.338669334667 0.004629623428 0.004629623712
0.339669834917 0.002508145988 0.002508146326
0.340670335168 0.000373990910 0.000373991303
0.341670835418 -0.001772757803 -0.001772757354
0.342671335668 -0.003932015155 -0.003932014650
0.343671835918 -0.006103695158 -0.006103694597
0.344672336168 -0.008287710836 -0.008287710219
0.345672836418 -0.010483974228 -0.010483973554
0.346673336668 -0.012692396394 -0.012692395663
0.347673836918 -0.014912887414 -0.014912886627
0.348674337169 -0.017145356397 -0.017145355553
0.349674837419 -0.019389711479 -0.019389710578
0.350675337669 -0.021645859833 -0.021645858875
0.351675837919 -0.023913707668 -0.023913706653
0.352676338169 -0.026193160233 -0.026193159162
0.353676838419 -0.028484121826 -0.028484120698
0.354677338669 -0.030786495792 -0.030786494607
0.355677838919 -0.033100184529 -0.033100183289
0.356678339170 -0.035425089495 -0.035425088199
0.357678839420 -0.037761111209 -0.037761109857
0.358679339670 -0.040108149254 -0.040108147847
0.359679839920 -0.042466102286 -0.042466100825
0.360680340170 -0.044834868034 -0.044834866519
0.361680840420 -0.047214343308 -0.047214341739
0.362681340670 -0.049604424000 -0.049604422378
0.363681840920 -0.052005005089 -0.052005003415
0.364682341171 -0.054415980649 -0.054415978924
0.365682841421 -0.056837243851 -0.056837242075
0.366683341671 -0.059268686966 -0.059268685140
0.367683841921 -0.061710201374 -0.061710199498
0.368684342171 -0.064161677564 -0.064161675640
0.369684842421 -0.066623005143 -0.066623003172
0.370685342671 -0.069094072839 -0.069094070822
0.371685842921 -0.071574768507 -0.071574766444
0.372686343172 -0.074064979130 -0.074064977023
0.373686843422 -0.076564590831 -0.076564588681
0.374687343672 -0.079073488871 -0.079073486679
0.375687843922 -0.081591557661 -0.081591555429
0.376688344172 -0.084118680761 -0.084118678489
0.377688844422 -0.086654740888 -0.086654738578
0.378689344672 -0.089199619923 -0.089199617576
0.379689844922 -0.091753198913 -0.091753196531
0.380690345173 -0.094315358079 -0.094315355664
0.381690845423 -0.096885976821 -0.096885974374
0.382691345673 -0.099464933722 -0.099464931244
0.383691845923 -0.102052106555 -0.102052104049
0.384692346173 -0.104647372289 -0.104647369755
0.385692846423 -0.107250607093 -0.107250604534
0.386693346673 -0.109861686343 -0.109861683761
0.387693846923 -0.112480484629 -0.112480482025
0.388694347174 -0.115106875757 -0.115106873133
0.389694847424 -0.117740732759 -0.117740730116
0.390695347674 -0.120381927895 -0.120381925237
0.391695847924 -0.123030332665 -0.123030329993
0.392696348174 -0.125685817807 -0.125685815123
0.393696848424 -0.128348253311 -0.128348250616
0.394697348674 -0.131017508417 -0.131017505715
0.395697848924 -0.133693451630 -0.133693448922
0.396698349175 -0.136375950719 -0.136375948008
0.397698849425 -0.139064872728 -0.139064870016
0.398699349675 -0.141760083979 -0.141760081267
0.399699849925 -0.144461450079 -0.144461447371
0.400700350175 -0.147168835929 -0.147168833227
0.401700850425 -0.149882105728 -0.149882103034
0.402701350675 -0.152601122981 -0.152601120297
0.403701850925 -0.155325750502 -0.155325747830
0.404702351176 -0.158055850426 -0.158055847769
0.405702851426 -0.160791284211 -0.160791281573
0.406703351676 -0.163531912649 -0.163531910030
0.407703851926 -0.166277595867 -0.166277593272
0.408704352176 -0.169028193341 -0.169028190770
0.409704852426 -0.171783563896 -0.171783561353
0.410705352676 -0.174543565716 -0.174543563203
0.411705852926 -0.177308056352 -0.177308053872
0.412706353177 -0.180076892727 -0.180076890283
0.413706853427 -0.182849931144 -0.182849928738
0.414707353677 -0.185627027292 -0.185627024926
0.415707853927 -0.188408036254 -0.188408033932
0.416708354177 -0.191192812514 -0.191192810238
0.417708854427 -0.193981209965 -0.193981207737
0.418709354677 -0.196773081912 -0.196773079735
0.419709854927 -0.199568281087 -0.199568278964
0.420710355178 -0.202366659648 -0.202366657581
0.421710855428 -0.205168069191 -0.205168067184
0.422711355678 -0.207972360759 -0.207972358813
0.423711855928 -0.210779384842 -0.210779382961
0.424712356178 -0.213588991394 -0.213588989579
0.425712856428 -0.216401029833 -0.216401028088
0.426713356678 -0.219215349052 -0.219215347379
0.427713856928 -0.222031797425 -0.222031795826
0.428714357179 -0.224850222817 -0.224850221296
0.429714857429 -0.227670472589 -0.227670471147
0.430715357679 -0.230492393606 -0.230492392246
0.431715857929 -0.233315832247 -0.233315830972
0.432716358179 -0.236140634410 -0.236140633222
0.433716858429 -0.238966645521 -0.238966644422
0.434717358679 -0.241793710541 -0.241793709534
0.435717858929 -0.244621673977 -0.244621673064
0.436718359180 -0.247450379884 -0.247450379068
0.437718859430 -0.250279671880 -0.250279671162
0.438719359680 -0.253109393146 -0.253109392529
0.439719859930 -0.255939386442 -0.255939385927
0.440720360180 -0.258769494109 -0.258769493700
0.441720860430 -0.261599558080 -0.261599557778
0.442721360680 -0.264429419888 -0.264429419695
0.443721860930 -0.267258920672 -0.267258920590
0.444722361181 -0.270087901188 -0.270087901219
0.445722861431 -0.272916201814 -0.272916201961
0.446723361681 -0.275743662562 -0.275743662826
0.447723861931 -0.278570123084 -0.278570123465
0.448724362181 -0.281395422678 -0.281395423179
0.449724862431 -0.284219400301 -0.284219400924
0.450725362681 -0.287041894575 -0.287041895321
0.451725862931 -0.289862743794 -0.289862744665
0.452726363182 -0.292681785935 -0.292681786932
0.453726863432 -0.295498858665 -0.295498859789
0.454727363682 -0.298313799349 -0.298313800601
0.455727863932 -0.301126445059 -0.301126446441
0.456728364182 -0.303936632584 -0.303936634096
0.457728864432 -0.306744198435 -0.306744200079
0.458729364682 -0.309548978856 -0.309548980632
0.459729864932 -0.312350809834 -0.312350811743
0.460730365183 -0.315149527104 -0.315149529146
0.461730865433 -0.317944966158 -0.317944968335
0.462731365683 -0.320736962258 -0.320736964569
0.463731865933 -0.323525350441 -0.323525352886
0.464732366183 -0.326309965525 -0.326309968106
0.465732866433 -0.329090642125 -0.329090644841
0.466733366683 -0.331867214656 -0.331867217507
0.467733866933 -0.334639517343 -0.334639520330
0.468734367184 -0.337407384231 -0.337407387353
0.469734867434 -0.340170649193 -0.340170652449
0.470735367684 -0.342929145938 -0.342929149328
0.471735867934 -0.345682708021 -0.345682711545
0.472736368184 -0.348431168853 -0.348431172510
0.473736868434 -0.351174361705 -0.351174365494
0.474737368684 -0.353912119724 -0.353912123644
0.475737868934 -0.356644275935 -0.356644279986
0.476738369185 -0.359370663255 -0.359370667435
0.477738869435 -0.362091114500 -0.362091118807
0.478739369685 -0.364805462392 -0.364805466825
0.479739869935 -0.367513539572 -0.367513544130
0.480740370185 -0.370215178606 -0.370215183287
0.481740870435 -0.372910211996 -0.372910216797
0.482741370685 -0.375598472185 -0.375598477106
0.483741870935 -0.378279791572 -0.378279796611
0.484742371186 -0.380954002518 -0.380954007671
0.485742871436 -0.383620937353 -0.383620942618
0.486743371686 -0.386280428388 -0.386280433763
0.487743871936 -0.388932307924 -0.388932313406
0.488744372186 -0.391576408259 -0.391576413846
0.489744872436 -0.394212561701 -0.394212567389
0.490745372686 -0.396840600571 -0.396840606357
0.491745872936 -0.399460357218 -0.399460363100
0.492746373187 -0.402071664026 -0.402071670000
0.493746873437 -0.404674353422 -0.404674359484
0.494747373687 -0.407268257887 -0.407268264033
0.495747873937 -0.409853209964 -0.409853216191
0.496748374187 -0.412429042266 -0.412429048570
0.497748874437 -0.414995587490 -0.414995593867
0.498749374687 -0.417552678421 -0.417552684866
0.499749874937 -0.420100147942 -0.420100154452
0.500750375188 -0.422637829048 -0.422637835617
0.501750875438 -0.425165554847 -0.425165561472
0.502751375688 -0.427683158577 -0.427683165253
0.503751875938 -0.430190473611 -0.430190480333
0.504752376188 -0.432687333468 -0.432687340230
0.505752876438 -0.435173571821 -0.435173578618
0.506753376688 -0.437649022505 -0.437649029333
0.507753876938 -0.440113519532 -0.440113526384
0.508754377189 -0.442566897092 -0.442566903963
0.509754877439 -0.445008989569 -0.445008996455
0.510755377689 -0.447439631549 -0.447439638442
0.511755877939 -0.449858657824 -0.449858664719
0.512756378189 -0.452265903409 -0.452265910300
0.513756878439 -0.454661203546 -0.454661210427
0.514757378689 -0.457044393715 -0.457044400579
0.515757878939 -0.459415309643 -0.459415316484
0.516758379190 -0.461773787314 -0.461773794125
0.517758879440 -0.464119662976 -0.464119669752
0.518759379690 -0.466452773154 -0.466452779887
0.519759879940 -0.468772954656 -0.468772961339
0.520760380190 -0.471080044583 -0.471080051210
0.521760880440 -0.473373880340 -0.473373886904
0.522761380690 -0.475654299642 -0.475654306136
0.523761880940 -0.477921140527 -0.477921146943
0.524762381191 -0.480174241362 -0.480174247694
0.525762881441 -0.482413440855 -0.482413447094
0.526763381691 -0.484638578060 -0.484638584201
0.527763881941 -0.486849492394 -0.486849498428
0.528764382191 -0.489046023636 -0.489046029555
0.529764882441 -0.491228011944 -0.491228017742
0.530765382691 -0.493395297863 -0.493395303531
0.531765882941 -0.495547722330 -0.495547727861
0.532766383192 -0.497685126687 -0.497685132074
0.533766883442 -0.499807352691 -0.499807357926
0.534767383692 -0.501914242520 -0.501914247594
0.535767883942 -0.504005638782 -0.504005643689
0.536768384192 -0.506081384530 -0.506081389260
0.537768884442 -0.508141323262 -0.508141327809
0.538769384692 -0.510185298938 -0.510185303294
0.539769884942 -0.512213155986 -0.512213160143
0.540770385193 -0.514224739310 -0.514224743259
0.541770885443 -0.516219894301 -0.516219898035
0.542771385693 -0.518198466845 -0.518198470357
0.543771885943 -0.520160303333 -0.520160306614
0.544772386193 -0.522105250669 -0.522105253712
0.545772886443 -0.524033156280 -0.524033159077
0.546773386693 -0.525943868124 -0.525943870668
0.547773886943 -0.527837234700 -0.527837236983
0.548774387194 -0.529713105056 -0.529713107070
0.549774887444 -0.531571328800 -0.531571330538
0.550775387694 -0.533411756105 -0.533411757559
0.551775887944 -0.535234237723 -0.535234238886
0.552776388194 -0.537038624990 -0.537038625855
0.553776888444 -0.538824769835 -0.538824770395
0.554777388694 -0.540592524793 -0.540592525041
0.555777888944 -0.542341743010 -0.542341742938
0.556778389195 -0.544072278250 -0.544072277853
0.557778889445 -0.545783984912 -0.545783984182
0.558779389695 -0.547476718028 -0.547476716959
0.559779889945 -0.549150333282 -0.549150331867
0.560780390195 -0.550804687010 -0.550804685244
0.561780890445 -0.552439636215 -0.552439634091
0.562781390695 -0.554055038573 -0.554055036086
0.563781890945 -0.555650752443 -0.555650749587
0.564782391196 -0.557226636874 -0.557226633643
0.565782891446 -0.558782551614 -0.558782548003
0.566783391696 -0.560318357119 -0.560318353124
0.567783891946 -0.561833914564 -0.561833910179
0.568784392196 -0.563329085847 -0.563329081067
0.569784892446 -0.564803733600 -0.564803728421
0.570785392696 -0.566257721198 -0.566257715617
0.571785892946 -0.567690912768 -0.567690906780
0.572786393197 -0.569103173193 -0.569103166795
0.573786893447 -0.570494368128 -0.570494361316
0.574787393697 -0.571864364001 -0.571864356772
0.575787893947 -0.573213028025 -0.573213020377
0.576788394197 -0.574540228208 -0.574540220138
0.577788894447 -0.575845833357 -0.575845824862
0.578789394697 -0.577129713088 -0.577129704168
0.579789894947 -0.578391737839 -0.578391728491
0.580790395198 -0.579631778868 -0.579631769092
0.581790895448 -0.580849708273 -0.580849698068
0.582791395698 -0.582045398990 -0.582045388355
0.583791895948 -0.583218724808 -0.583218713744
0.584792396198 -0.584369560375 -0.584369548881
0.585792896448 -0.585497781203 -0.585497769281
0.586793396698 -0.586603263682 -0.586603251332
0.587793896948 -0.587685885083 -0.587685872307
0.588794397199 -0.588745523568 -0.588745510368
0.589794897449 -0.589782058198 -0.589782044575
0.590795397699 -0.590795368940 -0.590795354898
0.591795897949 -0.591785336677 -0.591785322219
0.592796398199 -0.592751843212 -0.592751828341
0.593796898449 -0.593694771279 -0.593694756001
0.594797398699 -0.594614004552 -0.594613988870
0.595797898949 -0.595509427648 -0.595509411566
0.596798399200 -0.596380926137 -0.596380909662
0.597798899450 -0.597228386552 -0.597228369690
0.598799399700 -0.598051696394 -0.598051679151
0.599799899950 -0.598850744139 -0.598850726521
0.600800400200 -0.599625419247 -0.599625401262
0.601800900450 -0.600375612169 -0.600375593826
0.602801400700 -0.601101214355 -0.601101195662
0.603801900950 -0.601802118262 -0.601802099227
0.604802401201 -0.602478217358 -0.602478197991
0.605802901451 -0.603129406133 -0.603129386444
0.606803401701 -0.603755580105 -0.603755560105
0.607803901951 -0.604356635826 -0.604356615526
0.608804402201 -0.604932470893 -0.604932450304
0.609804902451 -0.605482983950 -0.605482963084
0.610805402701 -0.606008074698 -0.606008053568
0.611805902951 -0.606507643902 -0.606507622522
0.612806403202 -0.606981593400 -0.606981571783
0.613806903452 -0.607429826103 -0.607429804264
0.614807403702 -0.607852246011 -0.607852223964
0.615807903952 -0.608248758213 -0.608248735974
0.616808404202 -0.608619268898 -0.608619246482
0.617808904452 -0.608963685358 -0.608963662783
0.618809404702 -0.609281915999 -0.609281893282
0.619809904952 -0.609573870346 -0.609573847504
0.620810405203 -0.609839459046 -0.609839436098
0.621810905453 -0.610078593882 -0.610078570846
0.622811405703 -0.610291187773 -0.610291164668
0.623811905953 -0.610477154783 -0.610477131630
0.624812406203 -0.610636410127 -0.610636386947
0.625812906453 -0.610768870181 -0.610768846993
0.626813406703 -0.610874452481 -0.610874429308
0.627813906953 -0.610953075735 -0.610953052599
0.628814407204 -0.611004659830 -0.611004636753
0.629814907454 -0.611029125832 -0.611029102838
0.630815407704 -0.611026396000 -0.611026373112
0.631815907954 -0.610996393785 -0.610996371028
0.632816408204 -0.610939043841 -0.610939021239
0.633816908454 -0.610854272029 -0.610854249608
0.634817408704 -0.610742005423 -0.610741983208
0.635817908954 -0.610602172317 -0.610602150334
0.636818409205 -0.610434702228 -0.610434680505
0.637818909455 -0.610239525906 -0.610239504469
0.638819409705 -0.610016575336 -0.610016554213
0.639819909955 -0.609765783746 -0.609765762964
0.640820410205 -0.609487085611 -0.609487065200
0.641820910455 -0.609180416661 -0.609180396648
0.642821410705 -0.608845713882 -0.608845694297
0.643821910955 -0.608482915526 -0.608482896400
0.644822411206 -0.608091961116 -0.608091942478
0.645822911456 -0.607672791449 -0.607672773330
0.646823411706 -0.607225348601 -0.607225331031
0.647823911956 -0.606749575936 -0.606749558946
0.648824412206 -0.606245418107 -0.606245401728
0.649824912456 -0.605712821063 -0.605712805328
0.650825412706 -0.605151732056 -0.605151716996
0.651825912956 -0.604562099642 -0.604562085289
0.652826413207 -0.603943873687 -0.603943860074
0.653826913457 -0.603297005376 -0.603296992535
0.654827413707 -0.602621447211 -0.602621435175
0.655827913957 -0.601917153023 -0.601917141825
0.656828414207 -0.601184077971 -0.601184067643
0.657828914457 -0.600422178547 -0.600422169123
0.658829414707 -0.599631412586 -0.599631404099
0.659829914957 -0.598811739265 -0.598811731748
0.660830415208 -0.597963119109 -0.597963112596
0.661830915458 -0.597085513997 -0.597085508520
0.662831415708 -0.596178887162 -0.596178882755
0.663831915958 -0.595243203203 -0.595243199899
0.664832416208 -0.594278428080 -0.594278425912
0.665832916458 -0.593284529125 -0.593284528126
0.666833416708 -0.592261475044 -0.592261475247
0.667833916958 -0.591209235920 -0.591209237357
0.668834417209 -0.590127783218 -0.590127785921
0.669834917459 -0.589017089788 -0.589017093789
0.670835417709 -0.587877129871 -0.587877135202
0.671835917959 -0.586707879099 -0.586707885791
0.672836418209 -0.585509314503 -0.585509322588
0.673836918459 -0.584281414514 -0.584281424022
0.674837418709 -0.583024158966 -0.583024169927
0.675837918959 -0.581737529103 -0.581737541547
0.676838419210 -0.580421507579 -0.580421521534
0.677838919460 -0.579076078461 -0.579076093956
0.678839419710 -0.577701227236 -0.577701244299
0.679839919960 -0.576296940812 -0.576296959469
0.680840420210 -0.574863207519 -0.574863227798
0.681840920460 -0.573400017116 -0.573400039042
0.682841420710 -0.571907360794 -0.571907384392
0.683841920960 -0.570385231174 -0.570385256468
0.684842421211 -0.568833622316 -0.568833649328
0.685842921461 -0.567252529717 -0.567252558471
0.686843421711 -0.565641950319 -0.565641980835
0.687843921961 -0.564001882505 -0.564001914804
0.688844422211 -0.562332326108 -0.562332360209
0.689844922461 -0.560633282411 -0.560633318330
0.690845422711 -0.558904754146 -0.558904791901
0.691845922961 -0.557146745503 -0.557146785110
0.692846423212 -0.555359262130 -0.555359303602
0.693846923462 -0.553542311131 -0.553542354481
0.694847423712 -0.551695901073 -0.551695946314
0.695847923962 -0.549820041989 -0.549820089130
0.696848424212 -0.547914745376 -0.547914794424
0.697848924462 -0.545980024199 -0.545980075162
0.698849424712 -0.544015892894 -0.544015945777
0.699849924962 -0.542022367367 -0.542022422173
0.700850425213 -0.539999464999 -0.539999521731
0.701850925463 -0.537947204646 -0.537947263303
0.702851425713 -0.535865606642 -0.535865667223
0.703851925963 -0.533754692797 -0.533754755298
0.704852426213 -0.531614486405 -0.531614550820
0.705852926463 -0.529445012238 -0.529445078560
0.706853426713 -0.527246296554 -0.527246364773
0.707853926963 -0.525018367092 -0.525018437196
0.708854427214 -0.522761253079 -0.522761325054
0.709854927464 -0.520474985228 -0.520475059058
0.710855427714 -0.518159595741 -0.518159671407
0.711855927964 -0.515815118307 -0.515815195788
0.712856428214 -0.513441588105 -0.513441667379
0.713856928464 -0.511039041805 -0.511039122846
0.714857428714 -0.508607517571 -0.508607600349
0.715857928964 -0.506147055054 -0.506147139540
0.716858429215 -0.503657695402 -0.503657781563
0.717858929465 -0.501139481256 -0.501139569055
0.718859429715 -0.498592456750 -0.498592546148
0.719859929965 -0.496016667512 -0.496016758468
0.720860430215 -0.493412160666 -0.493412253135
0.721860930465 -0.490778984830 -0.490779078766
0.722861430715 -0.488117190119 -0.488117285471
0.723861930965 -0.485426828142 -0.485426924857
0.724862431216 -0.482707952003 -0.482708050026
0.725862931466 -0.479960616304 -0.479960715575
0.726863431716 -0.477184877141 -0.477184977598
0.727863931966 -0.474380792104 -0.474380893682
0.728864432216 -0.471548420281 -0.471548522911
0.729864932466 -0.468687822253 -0.468687925863
0.730865432716 -0.465799060096 -0.465799164611
0.731865932966 -0.462882197379 -0.462882302722
0.732866433217 -0.459937299166 -0.459937405254
0.733866933467 -0.456964432014 -0.456964538762
0.734867433717 -0.453963663970 -0.453963771291
0.735867933967 -0.450935064576 -0.450935172378
0.736868434217 -0.447878704862 -0.447878813049
0.737868934467 -0.444794657349 -0.444794765822
0.738869434717 -0.441682996046 -0.441683104704
0.739869934967 -0.438543796452 -0.438543905188
0.740870435218 -0.435377135549 -0.435377244255
0.741870935468 -0.432183091809 -0.432183200371
0.742871435718 -0.428961745186 -0.428961853488
0.743871935968 -0.425713177115 -0.425713285038
0.744872436218 -0.422437470517 -0.422437577936
0.745872936468 -0.419134709790 -0.419134816578
0.746873436718 -0.415804980810 -0.415805086838
0.747873936968 -0.412448370933 -0.412448476065
0.748874437219 -0.409064968988 -0.409065073087
0.749874937469 -0.405654865278 -0.405654968202
0.750875437719 -0.402218151577 -0.402218253181
0.751875937969 -0.398754921129 -0.398755021265
0.752876438219 -0.395265268645 -0.395265367161
0.753876938469 -0.391749290304 -0.391749387044
0.754877438719 -0.388207083746 -0.388207178551
0.755877938969 -0.384638748072 -0.384638840780
0.756878439220 -0.381044383843 -0.381044474289
0.757878939470 -0.377424093078 -0.377424181091
0.758879439720 -0.373777979246 -0.373778064654
0.759879939970 -0.370106147271 -0.370106229899
0.760880440220 -0.366408703525 -0.366408783194
0.761880940470 -0.362685755825 -0.362685832353
0.762881440720 -0.358937413433 -0.358937486635
0.763881940970 -0.355163787052 -0.355163856739
0.764882441221 -0.351364988822 -0.351365054803
0.765882941471 -0.347541132317 -0.347541194399
0.766883441721 -0.343692332544 -0.343692390530
0.767883941971 -0.339818705938 -0.339818759629
0.768884442221 -0.335920370360 -0.335920419555
0.769884942471 -0.331997445094 -0.331997489587
0.770885442721 -0.328050050841 -0.328050090426
0.771885942971 -0.324078309718 -0.324078344187
0.772886443222 -0.320082345255 -0.320082374397
0.773886943472 -0.316062282390 -0.316062305991
0.774887443722 -0.312018247464 -0.312018265310
0.775887943972 -0.307950368222 -0.307950380097
0.776888444222 -0.303858773805 -0.303858779490
0.777888944472 -0.299743594746 -0.299743594023
0.778889444722 -0.295604962969 -0.295604955617
0.779889944972 -0.291443011784 -0.291442997582
0.780890445223 -0.287257875881 -0.287257854607
0.781890945473 -0.283049691329 -0.283049662760
0.782891445723 -0.278818595568 -0.278818559480
0.783891945973 -0.274564727409 -0.274564683579
0.784892446223 -0.270288227024 -0.270288175229
0.785892946473 -0.265989235950 -0.265989175965
0.786893446723 -0.261667897075 -0.261667828678
0.787893946973 -0.257324354640 -0.257324277608
0.788894447224 -0.252958754231 -0.252958668344
0.789894947474 -0.248571242778 -0.248571147815
0.790895447724 -0.244161968544 -0.244161864287
0.791895947974 -0.239731081128 -0.239730967360
0.792896448224 -0.235278731452 -0.235278607958
0.793896948474 -0.230805071763 -0.230804938329
0.794897448724 -0.226310255623 -0.226310112040
0.795897948974 -0.221794437907 -0.221794283967
0.796898449225 -0.217257774794 -0.217257610294
0.797898949475 -0.212700423766 -0.212700248506
0.798899449725 -0.208122543603 -0.208122357385
0.799899949975 -0.203524294370 -0.203524097003
0.800900450225 -0.198905837422 -0.198905628718
0.801900950475 -0.194267335389 -0.194267115167
0.802901450725 -0.189608952180 -0.189608720260
0.803901950975 -0.184930852965 -0.184930609178
0.804902451226 -0.180233204183 -0.180232948362
0.805902951476 -0.175516173525 -0.175515905512
0.806903451726 -0.170779929933 -0.170779649577
0.807903951976 -0.166024643595 -0.166024350751
0.808904452226 -0.161250485936 -0.161250180468
0.809904952476 -0.156457629613 -0.156457311393
0.810905452726 -0.151646248511 -0.151645917419
0.811905952976 -0.146816517732 -0.146816173659
0.812906453227 -0.141968613594 -0.141968256439
0.813906953477 -0.137102713621 -0.137102343294
0.814907453727 -0.132218996537 -0.132218612958
0.815907953977 -0.127317642260 -0.127317245362
0.816908454227 -0.122398831897 -0.122398421624
0.817908954477 -0.117462747736 -0.117462324043
0.818909454727 -0.112509573236 -0.112509136092
0.819909954977 -0.107539493026 -0.107539042414
0.820910455228 -0.102552692895 -0.102552228811
0.821910955478 -0.097549359786 -0.097548882240
0.822911455728 -0.092529681787 -0.092529190806
0.823911955978 -0.087493848127 -0.087493343751
0.824912456228 -0.082442049166 -0.082441531454
0.825912956478 -0.077374476391 -0.077373945417
0.826913456728 -0.072291322404 -0.072290778262
0.827913956978 -0.067192780922 -0.067192223720
0.828914457229 -0.062079046761 -0.062078476630
0.829914957479 -0.056950315836 -0.056949732923
0.830915457729 -0.051806785147 -0.051806189622
0.831915957979 -0.046648652778 -0.046648044831
0.832916458229 -0.041476117885 -0.041475497726
0.833916958479 -0.036289380689 -0.036288748551
0.834917458729 -0.031088642470 -0.031087998608
0.835917958979 -0.025874105555 -0.025873450249
0.836918459230 -0.020645973316 -0.020645306869
0.837918959480 -0.015404450159 -0.015403772898
0.838919459730 -0.010149741514 -0.010149053794
0.839919959980 -0.004882053830 -0.004881356030
0.840920460230 0.000398405432 0.000399112905
0.841920960480 0.005691427813 0.005692144525
0.842921460730 0.010996803857 0.010997529345
0.843921960980 0.016314323124 0.016315056897
0.844922461231 0.021643774199 0.021644515735
0.845922961481 0.026984944695 0.026985693442
0.846923461731 0.032337621267 0.032338376643
0.847923961981 0.037701589619 0.037702351007
0.848924462231 0.043076634510 0.043077401264
0.849924962481 0.048462539766 0.048463311205
0.850925462731 0.053859088288 0.053859863696
0.851925962981 0.059266062060 0.059266840686
0.852926463232 0.064683242155 0.064684023216
0.853926963482 0.070110408751 0.070111191424
0.854927463732 0.075547341133 0.075548124559
0.855927963982 0.080993817705 0.080994600990
0.856928464232 0.086449616000 0.086450398209
0.857928964482 0.091914512687 0.091915292846
0.858929464732 0.097388283579 0.097389060677
0.859929964982 0.102870703648 0.102871476631
0.860930465233 0.108361547028 0.108362314803
0.861930965483 0.113860587026 0.113861348457
0.862931465733 0.119367596132 0.119368350043
0.863931965983 0.124882346031 0.124883091202
0.864932466233 0.130404607606 0.130405342775
0.865932966483 0.135934150955 0.135934874815
0.866933466733 0.141470745394 0.141471456594
0.867933966983 0.147014159470 0.147014856616
0.868934467234 0.152564160971 0.152564842622
0.869934967484 0.158120516935 0.158121181604
0.870935467734 0.163682993658 0.163683639813
0.871935967984 0.169251356706 0.169251982769
0.872936468234 0.174825370925 0.174825975270
0.873936968484 0.180404800448 0.180405381403
0.874937468734 0.185989408710 0.185989964555
0.875937968984 0.191578958452 0.191579487420
0.876938469235 0.197173211736 0.197173712012
0.877938969485 0.202771929952 0.202772399672
0.878939469735 0.208374873830 0.208375311083
0.879939969985 0.213981803448 0.213982206275
0.880940470235 0.219592478244 0.219592844639
0.881940970485 0.225206657029 0.225206984934
0.882941470735 0.230824097988 0.230824385301
0.883941970985 0.236444558703 0.236444803272
0.884942471236 0.242067796151 0.242067995778
0.885942971486 0.247693566725 0.247693719163
0.886943471736 0.253321626238 0.253321729193
0.887943971986 0.258951729933 0.258951781066
0.888944472236 0.264583632500 0.264583629425
0.889944972486 0.270217088080 0.270217028365
0.890945472736 0.275851850277 0.275851731448
0.891945972986 0.281487672173 0.281487491708
0.892946473237 0.287124306333 0.287124061668
0.893946973487 0.292761504819 0.292761193349
0.894947473737 0.298399019199 0.298398638277
0.895947973987 0.304036600561 0.304036147500
0.896948474237 0.309673999519 0.309673471593
0.897948974487 0.315310966230 0.315310360674
0.898949474737 0.320947250397 0.320946564412
0.899949974987 0.326582601290 0.326581832040
0.900950475238 0.332216767747 0.332215912365
0.901950975488 0.337849498191 0.337848553778
0.902951475738 0.343480540641 0.343479504269
0.903951975988 0.349109642720 0.349108511435
0.904952476238 0.354736551669 0.354735322490
0.905952976488 0.360361014358 0.360359684282
0.906953476738 0.365982777293 0.365981343299
0.907953976988 0.371601586635 0.371600045682
0.908954477239 0.377217188203 0.377215537238
0.909954977489 0.382829327493 0.382827563449
0.910955477739 0.388437749682 0.388435869486
0.911955977989 0.394042199644 0.394040200218
0.912956478239 0.399642421963 0.399640300225
0.913956978489 0.405238160938 0.405235913812
0.914957478739 0.410829160599 0.410826785014
0.915957978989 0.416415164721 0.416412657616
0.916958479240 0.421995916828 0.421993275157
0.917958979490 0.427571160212 0.427568380949
0.918959479740 0.433140637939 0.433137718083
0.919959979990 0.438704092863 0.438701029443
0.920960480240 0.444261267641 0.444258057719
0.921960980490 0.449811904737 0.449808545417
0.922961480740 0.455355746440 0.455352234872
0.923961980990 0.460892534874 0.460888868260
0.924962481241 0.466422012009 0.466418187610
0.925962981491 0.471943919671 0.471939934816
0.926963481741 0.477457999560 0.477453851647
0.927963981991 0.482963993253 0.482959679762
0.928964482241 0.488461642225 0.488457160724
0.929964982491 0.493950687853 0.493946036004
0.930965482741 0.499430871432 0.499426047002
0.931965982991 0.504901934187 0.504896935056
0.932966483242 0.510363617283 0.510358441451
0.933966983492 0.515815661838 0.515810307437
0.934967483742 0.521257808935 0.521252274238
0.935967983992 0.526689799633 0.526684083064
0.936968484242 0.532111374982 0.532105475125
0.937968984492 0.537522276029 0.537516191642
0.938969484742 0.542922243837 0.542915973862
0.939969984992 0.548311019491 0.548304563066
0.940970485243 0.553688344115 0.553681700585
0.941970985493 0.559053958881 0.559047127812
0.942971485743 0.564407605021 0.564400586215
0.943971985993 0.569749023841 0.569741817347
0.944972486243 0.575077956731 0.575070562861
0.945972986493 0.580394145179 0.580386564521
0.946973486743 0.585697330781 0.585689564218
0.947973986993 0.590987255256 0.590979303978
0.948974487244 0.596263660456 0.596255525978
0.949974987494 0.601526288377 0.601517972556
0.950975487744 0.606774881175 0.606766386229
0.951975987994 0.612009181173 0.612000509698
0.952976488244 0.617228930879 0.617220085869
0.953976988494 0.622433872995 0.622424857859
0.954977488744 0.627623750426 0.627614569013
0.955977988994 0.632798306300 0.632788962916
0.956978489245 0.637957283974 0.637947783404
0.957978989495 0.643100427047 0.643090774580
0.958979489745 0.648227479375 0.648217680825
0.959979989995 0.653338185080 0.653328246812
0.960980490245 0.658432288565 0.658422217517
0.961980990495 0.663509534523 0.663499338235
0.962981490745 0.668569667953 0.668559354590
0.963981990995 0.673612434169 0.673602012552
0.964982491246 0.678637578815 0.678627058446
0.965982991496 0.683644847875 0.683634238966
0.966983491746 0.688633987685 0.688623301191
0.967983991996 0.693604744948 0.693593992596
0.968984492246 0.698556866742 0.698546061065
0.969984992496 0.703490100539 0.703479254904
0.970985492746 0.708404194208 0.708393322856
0.971985992996 0.713298896035 0.713288014113
0.972986493247 0.718173954732 0.718163078328
0.973986993497 0.723029119449 0.723018265633
0.974987493747 0.727864139787 0.727853326645
0.975987993997 0.732678765811 0.732668012488
0.976988494247 0.737472748059 0.737462074800
0.977988994497 0.742245837559 0.742235265746
0.978989494747 0.746997785836 0.746987338038
0.979989994997 0.751728344930 0.751718044942
0.980990495248 0.756437267401 0.756427140293
0.981990995498 0.761124306348 0.761114378512
0.982991495748 0.765789215417 0.765779514615
0.983991995998 0.770431748815 0.770422304228
0.984992496248 0.775051661323 0.775042503603
0.985992996498 0.779648708303 0.779639869628
0.986993496748 0.784222645716 0.784214159843
0.987993996998 0.788773230134 0.788765132453
0.988994497249 0.793300218746 0.793292546341
0.989994997499 0.797803369377 0.797796161082
0.990995497749 0.802282440496 0.802275736960
0.991995997999 0.806737191229 0.806731034975
0.992996498249 0.811167381373 0.811161816864
0.993996998499 0.815572771403 0.815567845109
0.994997498749 0.819953122492 0.819948882955
0.995997998999 0.824308196514 0.824304694422
0.996998499250 0.828637756062 0.828635044319
0.997998999500 0.832941564460 0.832939698258
0.998999499750 0.837219385769 0.837218422667
1.000000000000 0.841470984808 0.841470984808
