-1.000000000000 -0.841470984808
-0.875000000000 -0.854928605912
-0.750000000000 -0.405226729401
-0.625000000000 0.133099009475
-0.500000000000 0.420735492404
-0.375000000000 0.366397973962
-0.250000000000 0.135075576467
-0.125000000000 -0.026619801895
0.000000000000 0.000000000000
0.125000000000 0.122132657987
0.250000000000 0.135075576467
0.375000000000 -0.079859405685
0.500000000000 -0.420735492404
0.625000000000 -0.610663289937
0.750000000000 -0.405226729401
0.875000000000 0.186338613264
1.000000000000 0.841470984808
