-1.000000000000 -0.841470984808
-0.900000000000 -0.898511448737
-0.800000000000 -0.619109490675
-0.700000000000 -0.177680435930
-0.600000000000 0.217909559888
-0.500000000000 0.420735492404
-0.400000000000 0.399338421661
-0.300000000000 0.232166059003
-0.200000000000 0.050765838837
-0.100000000000 -0.036318259981
0.000000000000 0.000000000000
0.100000000000 0.099834605415
0.200000000000 0.154777372669
0.300000000000 0.076148758256
0.400000000000 -0.145273039926
0.500000000000 -0.420735492404
0.600000000000 -0.599007632491
0.700000000000 -0.541720804341
0.800000000000 -0.203063355349
0.900000000000 0.326864339833
1.000000000000 0.841470984808
