-1.0000000000 -14.5800000000 -14.5800000000 -14.5800000000 -14.5800000000 -14.5800000000
-0.9949791493 -14.7579086876 -14.4905641901 -14.5067959967 -14.4745048525 -14.5067959967
-0.9899582986 -14.9299634501 -14.4011308355 -14.4335919933 -14.3689284658 -14.4335919933
-0.9849374479 -15.0962353943 -14.3117023911 -14.3603879900 -14.2632770344 -14.3603879900
-0.9799165972 -15.2567951363 -14.2222813124 -14.2871839867 -14.1575567532 -14.2871839867
-0.9748957465 -15.4117128034 -14.1328700543 -14.2139799833 -14.0517738167 -14.2139799833
-0.9698748957 -15.5610580363 -14.0434710722 -14.1407759800 -13.9459344197 -14.1407759800
-0.9648540450 -15.7048999906 -13.9540868211 -14.0675719766 -13.8400447568 -14.0675719766
-0.9598331943 -15.8433073391 -13.8647197564 -13.9943679733 -13.7341110226 -13.9943679733
-0.9548123436 -15.9763482735 -13.7753723331 -13.9211639700 -13.6281394120 -13.9211639700
-0.9497914929 -16.1040905062 -13.6860470064 -13.8479599666 -13.5221361194 -13.8479599666
-0.9447706422 -16.2266012724 -13.5967462315 -13.7747559633 -13.4161073397 -13.7747559633
-0.9397497915 -16.3439473320 -13.5074724637 -13.7015519600 -13.3100592675 -13.7015519600
-0.9347289408 -16.4561949714 -13.4182281580 -13.6283479566 -13.2039980974 -13.6283479566
-0.9297080901 -16.5634100053 -13.3290157697 -13.5551439533 -13.0979300242 -13.5551439533
-0.9246872394 -16.6656577787 -13.2398377539 -13.4819399500 -12.9918612425 -13.4819399500
-0.9196663887 -16.7630031688 -13.1506965659 -13.4087359466 -12.8857979470 -13.4087359466
-0.9146455379 -16.8555105869 -13.0615946607 -13.3355319433 -12.7797463324 -13.3355319433
-0.9096246872 -16.9432439802 -12.9725344937 -13.2623279399 -12.6737125933 -13.2623279399
-0.9046038365 -17.0262668335 -12.8835185199 -13.1891239366 -12.5677029245 -13.1891239366
-0.8995829858 -17.1046421716 -12.7945491946 -13.1159199333 -12.4617235205 -13.1159199333
-0.8945621351 -17.1784325604 -12.7056289730 -13.0427159299 -12.3557805761 -13.0427159299
-0.8895412844 -17.2477001097 -12.6167603101 -12.9695119266 -12.2498802860 -12.9695119266
-0.8845204337 -17.3125064739 -12.5279456613 -12.8963079233 -12.1440288447 -12.8963079233
-0.8794995830 -17.3729128551 -12.4391874816 -12.8231039199 -12.0382324471 -12.8231039199
-0.8744787323 -17.4289800040 -12.3504882263 -12.7498999166 -11.9324972878 -12.7498999166
-0.8694578816 -17.4807682221 -12.2618503506 -12.6766959133 -11.8268295614 -12.6766959133
-0.8644370309 -17.5283373637 -12.1732763096 -12.6034919099 -11.7212354626 -12.6034919099
-0.8594161802 -17.5717468374 -12.0847685585 -12.5302879066 -11.6157211861 -12.5302879066
-0.8543953294 -17.6110556082 -11.9963295524 -12.4570839033 -11.5102929266 -12.4570839033
-0.8493744787 -17.6463221992 -11.9079617467 -12.3838798999 -11.4049568787 -12.3838798999
-0.8443536280 -17.6776046936 -11.8196675964 -12.3106758966 -11.2997192372 -12.3106758966
-0.8393327773 -17.7049607362 -11.7314495568 -12.2374718932 -11.1945861967 -12.2374718932
-0.8343119266 -17.7284475356 -11.6433100829 -12.1642678899 -11.0895639518 -12.1642678899
-0.8292910759 -17.7481218657 -11.5552516301 -12.0910638866 -10.9846586974 -12.0910638866
-0.8242702252 -17.7640400679 -11.4672766535 -12.0178598832 -10.8798766279 -12.0178598832
-0.8192493745 -17.7762580525 -11.3793876082 -11.9446558799 -10.7752239381 -11.9446558799
-0.8142285238 -17.7848313005 -11.2915869495 -11.8714518766 -10.6707068228 -11.8714518766
-0.8092076731 -17.7898148661 -11.2038771325 -11.7982478732 -10.5663314764 -11.7982478732
-0.8041868224 -17.7912633776 -11.1162606124 -11.7250438699 -10.4621040938 -11.7250438699
-0.7991659716 -17.7892310396 -11.0287398444 -11.6518398666 -10.3580308697 -11.6518398666
-0.7941451209 -17.7837716351 -10.9413172837 -11.5786358632 -10.2541179986 -11.5786358632
-0.7891242702 -17.7749385267 -10.8539953855 -11.5054318599 -10.1503716752 -11.5054318599
-0.7841034195 -17.7627846588 -10.7667766049 -11.4322278565 -10.0467980943 -11.4322278565
-0.7790825688 -17.7473625593 -10.6796633971 -11.3590238532 -9.9434034505 -11.3590238532
-0.7740617181 -17.7287243413 -10.5926582173 -11.2858198499 -9.8401939385 -11.2858198499
-0.7690408674 -17.7069217049 -10.5057635207 -11.2126158465 -9.7371757529 -11.2126158465
-0.7640200167 -17.6820059390 -10.4189817624 -11.1394118432 -9.6343550885 -11.1394118432
-0.7589991660 -17.6540279233 -10.3323153977 -11.0662078399 -9.5317381399 -11.0662078399
-0.7539783153 -17.6230381295 -10.2457668818 -10.9930038365 -9.4293311017 -10.9930038365
-0.7489574646 -17.5890866238 -10.1593386697 -10.9197998332 -9.3271401688 -10.9197998332
-0.7439366138 -17.5522230680 -10.0730332168 -10.8465958299 -9.2251715356 -10.8465958299
-0.7389157631 -17.5124967217 -9.9868529781 -10.7733918265 -9.1234313970 -10.7733918265
-0.7338949124 -17.4699564437 -9.9008004089 -10.7001878232 -9.0219259476 -10.7001878232
-0.7288740617 -17.4246506943 -9.8148779643 -10.6269838198 -8.9206613820 -10.6269838198
-0.7238532110 -17.3766275364 -9.7290880996 -10.5537798165 -8.8196438950 -10.5537798165
-0.7188323603 -17.3259346376 -9.6434332698 -10.4805758132 -8.7188796812 -10.4805758132
-0.7138115096 -17.2726192721 -9.5579159303 -10.4073718098 -8.6183749353 -10.4073718098
-0.7087906589 -17.2167283220 -9.4725385361 -10.3341678065 -8.5181358519 -10.3341678065
-0.7037698082 -17.1583082794 -9.3873035424 -10.2609638032 -8.4181686258 -10.2609638032
-0.6987489575 -17.0974052481 -9.3022134045 -10.1877597998 -8.3184794516 -10.1877597998
-0.6937281068 -17.0340649449 -9.2172705775 -10.1145557965 -8.2190745240 -10.1145557965
-0.6887072560 -16.9683327019 -9.1324775166 -10.0413517932 -8.1199600377 -10.0413517932
-0.6836864053 -16.9002534681 -9.0478366770 -9.9681477898 -8.0211421873 -9.9681477898
-0.6786655546 -16.8298718109 -8.9633505138 -9.8949437865 -7.9226271675 -9.8949437865
-0.6736447039 -16.7572319177 -8.8790214823 -9.8217397832 -7.8244211730 -9.8217397832
-0.6686238532 -16.6823775982 -8.7948520376 -9.7485357798 -7.7265303985 -9.7485357798
-0.6636030025 -16.6053522855 -8.7108446349 -9.6753317765 -7.6289610386 -9.6753317765
-0.6585821518 -16.5261990382 -8.6270017294 -9.6021277731 -7.5317192881 -9.6021277731
-0.6535613011 -16.4449605419 -8.5433257762 -9.5289237698 -7.4348113415 -9.5289237698
-0.6485404504 -16.3616791109 -8.4598192306 -9.4557197665 -7.3382433937 -9.4557197665
-0.6435195997 -16.2763966901 -8.3764845478 -9.3825157631 -7.2420216391 -9.3825157631
-0.6384987490 -16.1891548564 -8.2933241828 -9.3093117598 -7.1461522726 -9.3093117598
-0.6334778982 -16.0999948206 -8.2103405910 -9.2361077565 -7.0506414888 -9.2361077565
-0.6284570475 -16.0089574291 -8.1275362274 -9.1629037531 -6.9554954824 -9.1629037531
-0.6234361968 -15.9160831653 -8.0449135473 -9.0896997498 -6.8607204480 -9.0896997498
-0.6184153461 -15.8214121517 -7.9624750058 -9.0164957465 -6.7663225804 -9.0164957465
-0.6133944954 -15.7249841512 -7.8802230582 -8.9432917431 -6.6723080741 -8.9432917431
-0.6083736447 -15.6268385692 -7.7981601595 -8.8700877398 -6.5786831239 -8.8700877398
-0.6033527940 -15.5270144548 -7.7162887651 -8.7968837364 -6.4854539245 -8.7968837364
-0.5983319433 -15.4255505025 -7.6346113300 -8.7236797331 -6.3926266705 -8.7236797331
-0.5933110926 -15.3224850545 -7.5531303095 -8.6504757298 -6.3002075566 -8.6504757298
-0.5882902419 -15.2178561015 -7.4718481587 -8.5772717264 -6.2082027775 -8.5772717264
-0.5832693912 -15.1117012850 -7.3907673328 -8.5040677231 -6.1166185278 -8.5040677231
-0.5782485405 -15.0040578985 -7.3098902870 -8.4308637198 -6.0254610023 -8.4308637198
-0.5732276897 -14.8949628894 -7.2292194765 -8.3576597164 -5.9347363955 -8.3576597164
-0.5682068390 -14.7844528609 -7.1487573565 -8.2844557131 -5.8444509023 -8.2844557131
-0.5631859883 -14.6725640730 -7.0685063821 -8.2112517098 -5.7546107172 -8.2112517098
-0.5581651376 -14.5593324445 -6.9884690085 -8.1380477064 -5.6652220349 -8.1380477064
-0.5531442869 -14.4447935549 -6.9086476909 -8.0648437031 -5.5762910502 -8.0648437031
-0.5481234362 -14.3289826454 -6.8290448845 -7.9916396997 -5.4878239576 -7.9916396997
-0.5431025855 -14.2119346212 -6.7496630445 -7.9184356964 -5.3998269519 -7.9184356964
-0.5380817348 -14.0936840526 -6.6705046261 -7.8452316931 -5.3123062277 -7.8452316931
-0.5330608841 -13.9742651770 -6.5915720843 -7.7720276897 -5.2252679797 -7.7720276897
-0.5280400334 -13.8537119002 -6.5128678745 -7.6988236864 -5.1387184026 -7.6988236864
-0.5230191827 -13.7320577983 -6.4343944518 -7.6256196831 -5.0526636911 -7.6256196831
-0.5179983319 -13.6093361190 -6.3561542714 -7.5524156797 -4.9671100398 -7.5524156797
-0.5129774812 -13.4855797837 -6.2781497884 -7.4792116764 -4.8820636434 -7.4792116764
-0.5079566305 -13.3608213884 -6.2003834581 -7.4060076731 -4.7975306966 -7.4060076731
-0.5029357798 -13.2350932061 -6.1228577356 -7.3328036697 -4.7135173941 -7.3328036697
-0.4979149291 -13.1084271878 -6.0455750761 -7.2595996664 -4.6300299305 -7.2595996664
-0.4928940784 -12.9808549643 -5.9685379348 -7.1863956631 -4.5470745005 -7.1863956631
-0.4878732277 -12.8524078477 -5.8917487669 -7.1131916597 -4.4646572988 -7.1131916597
-0.4828523770 -12.7231168334 -5.8152100275 -7.0399876564 -4.3827845200 -7.0399876564
-0.4778315263 -12.5930126011 -5.7389241718 -6.9667836530 -4.3014623589 -6.9667836530
-0.4728106756 -12.4621255166 -5.6628936551 -6.8935796497 -4.2206970102 -6.8935796497
-0.4677898249 -12.3304856337 -5.5871209325 -6.8203756464 -4.1404946684 -6.8203756464
-0.4627689741 -12.1981226953 -5.5116084591 -6.7471716430 -4.0608615283 -6.7471716430
-0.4577481234 -12.0650661351 -5.4363586902 -6.6739676397 -3.9818037845 -6.6739676397
-0.4527272727 -11.9313450796 -5.3613740810 -6.6007636364 -3.9033276317 -6.6007636364
-0.4477064220 -11.7969883490 -5.2866570866 -6.5275596330 -3.8254392646 -6.5275596330
-0.4426855713 -11.6620244592 -5.2122101622 -6.4543556297 -3.7481448779 -6.4543556297
-0.4376647206 -11.5264816231 -5.1380357630 -6.3811516264 -3.6714506663 -6.3811516264
-0.4326438699 -11.3903877526 -5.0641363441 -6.3079476230 -3.5953628243 -6.3079476230
-0.4276230192 -11.2537704594 -4.9905143608 -6.2347436197 -3.5198875468 -6.2347436197
-0.4226021685 -11.1166570575 -4.9171722683 -6.1615396163 -3.4450310283 -6.1615396163
-0.4175813178 -10.9790745638 -4.8441125216 -6.0883356130 -3.3707994636 -6.0883356130
-0.4125604671 -10.8410497004 -4.7713375761 -6.0151316097 -3.2971990473 -6.0151316097
-0.4075396163 -10.7026088955 -4.6988498868 -5.9419276063 -3.2242359741 -5.9419276063
-0.4025187656 -10.5637782857 -4.6266519090 -5.8687236030 -3.1519164386 -5.8687236030
-0.3974979149 -10.4245837167 -4.5547460979 -5.7955195997 -3.0802466356 -5.7955195997
-0.3924770642 -10.2850507454 -4.4831349086 -5.7223155963 -3.0092327598 -5.7223155963
-0.3874562135 -10.1452046412 -4.4118207963 -5.6491115930 -2.9388810057 -5.6491115930
-0.3824353628 -10.0050703875 -4.3408062161 -5.5759075897 -2.8691975681 -5.5759075897
-0.3774145121 -9.8646726836 -4.2700936234 -5.5027035863 -2.8001886417 -5.5027035863
-0.3723936614 -9.7240359454 -4.1996854732 -5.4294995830 -2.7318604211 -5.4294995830
-0.3673728107 -9.5831843079 -4.1295842207 -5.3562955796 -2.6642191009 -5.3562955796
-0.3623519600 -9.4421416260 -4.0597923212 -5.2830915763 -2.5972708760 -5.2830915763
-0.3573311093 -9.3009314761 -3.9903122298 -5.2098875730 -2.5310219409 -5.2098875730
-0.3523102585 -9.1595771580 -3.9211464016 -5.1366835696 -2.4654784903 -5.1366835696
-0.3472894078 -9.0181016961 -3.8522972919 -5.0634795663 -2.4006467190 -5.0634795663
-0.3422685571 -8.8765278407 -3.7837673559 -4.9902755630 -2.3365328215 -4.9902755630
-0.3372477064 -8.7348780699 -3.7155590487 -4.9170715596 -2.2731429926 -4.9170715596
-0.3322268557 -8.5931745910 -3.6476748254 -4.8438675563 -2.2104834269 -4.8438675563
-0.3272060050 -8.4514393417 -3.5801171414 -4.7706635530 -2.1485603191 -4.7706635530
-0.3221851543 -8.3096939918 -3.5128884518 -4.6974595496 -2.0873798639 -4.6974595496
-0.3171643036 -8.1679599449 -3.4459912117 -4.6242555463 -2.0269482559 -4.6242555463
-0.3121434529 -8.0262583393 -3.3794278763 -4.5510515430 -1.9672716899 -4.5510515430
-0.3071226022 -7.8846100500 -3.3132009009 -4.4778475396 -1.9083563605 -4.4778475396
-0.3021017515 -7.7430356900 -3.2473127406 -4.4046435363 -1.8502084624 -4.4046435363
-0.2970809008 -7.6015556116 -3.1817658505 -4.3314395329 -1.7928341902 -4.3314395329
-0.2920600500 -7.4601899082 -3.1165626860 -4.2582355296 -1.7362397387 -4.2582355296
-0.2870391993 -7.3189584153 -3.0517057020 -4.1850315263 -1.6804313024 -4.1850315263
-0.2820183486 -7.1778807124 -2.9871973539 -4.1118275229 -1.6254150762 -4.1118275229
-0.2769974979 -7.0369761244 -2.9230400968 -4.0386235196 -1.5711972546 -4.0386235196
-0.2719766472 -6.8962637226 -2.8592363859 -3.9654195163 -1.5177840323 -3.9654195163
-0.2669557965 -6.7557623266 -2.7957886764 -3.8922155129 -1.4651816041 -3.8922155129
-0.2619349458 -6.6154905058 -2.7326994234 -3.8190115096 -1.4133961646 -3.8190115096
-0.2569140951 -6.4754665803 -2.6699710822 -3.7458075063 -1.3624339084 -3.7458075063
-0.2518932444 -6.3357086230 -2.6076061079 -3.6726035029 -1.3123010302 -3.6726035029
-0.2468723937 -6.1962344604 -2.5456069557 -3.5993994996 -1.2630037248 -3.5993994996
-0.2418515430 -6.0570616747 -2.4839760808 -3.5261954962 -1.2145481867 -3.5261954962
-0.2368306922 -5.9182076047 -2.4227159383 -3.4529914929 -1.1669406107 -3.4529914929
-0.2318098415 -5.7796893472 -2.3618289835 -3.3797874896 -1.1201871915 -3.3797874896
-0.2267889908 -5.6415237589 -2.3013176715 -3.3065834862 -1.0742941237 -3.3065834862
-0.2217681401 -5.5037274574 -2.2411844575 -3.2333794829 -1.0292676019 -3.2333794829
-0.2167472894 -5.3663168228 -2.1814317967 -3.1601754796 -0.9851138210 -3.1601754796
-0.2117264387 -5.2293079989 -2.1220621443 -3.0869714762 -0.9418389754 -3.0869714762
-0.2067055880 -5.0927168949 -2.0630779555 -3.0137674729 -0.8994492600 -3.0137674729
-0.2016847373 -4.9565591866 -2.0044816854 -2.9405634696 -0.8579508694 -2.9405634696
-0.1966638866 -4.8208503179 -1.9462757892 -2.8673594662 -0.8173499983 -2.8673594662
-0.1916430359 -4.6856055020 -1.8884627221 -2.7941554629 -0.7776528412 -2.7941554629
-0.1866221852 -4.5508397232 -1.8310449393 -2.7209514595 -0.7388655931 -2.7209514595
-0.1816013344 -4.4165677377 -1.7740248960 -2.6477474562 -0.7009944484 -2.6477474562
-0.1765804837 -4.2828040755 -1.7174050473 -2.5745434529 -0.6640456018 -2.5745434529
-0.1715596330 -4.1495630417 -1.6611878485 -2.5013394495 -0.6280252482 -2.5013394495
-0.1665387823 -4.0168587176 -1.6053757546 -2.4281354462 -0.5929395820 -2.4281354462
-0.1615179316 -3.8847049623 -1.5499712210 -2.3549314429 -0.5587947981 -2.3549314429
-0.1564970809 -3.7531154141 -1.4949767027 -2.2817274395 -0.5255970910 -2.2817274395
-0.1514762302 -3.6221034915 -1.4403946550 -2.2085234362 -0.4933526555 -2.2085234362
-0.1464553795 -3.4916823953 -1.3862275330 -2.1353194329 -0.4620676861 -2.1353194329
-0.1414345288 -3.3618651092 -1.3324777920 -2.0621154295 -0.4317483777 -2.0621154295
-0.1364136781 -3.2326644015 -1.2791478870 -1.9889114262 -0.4024009249 -1.9889114262
-0.1313928274 -3.1040928266 -1.2262402734 -1.9157074229 -0.3740315223 -1.9157074229
-0.1263719766 -2.9761627261 -1.1737574062 -1.8425034195 -0.3466463646 -1.8425034195
-0.1213511259 -2.8488862301 -1.1217017406 -1.7692994162 -0.3202516466 -1.7692994162
-0.1163302752 -2.7222752589 -1.0700757319 -1.6960954128 -0.2948535628 -1.6960954128
-0.1113094245 -2.5963415239 -1.0188818352 -1.6228914095 -0.2704583080 -1.6228914095
-0.1062885738 -2.4710965294 -0.9681225057 -1.5496874062 -0.2470720768 -1.5496874062
-0.1012677231 -2.3465515734 -0.9178001986 -1.4764834028 -0.2247010639 -1.4764834028
-0.0962468724 -2.2227177494 -0.8679173690 -1.4032793995 -0.2033514640 -1.4032793995
-0.0912260217 -2.0996059477 -0.8184764722 -1.3300753962 -0.1830294717 -1.3300753962
-0.0862051710 -1.9772268562 -0.7694799633 -1.2568713928 -0.1637412818 -1.2568713928
-0.0811843203 -1.8555909625 -0.7209302975 -1.1836673895 -0.1454930888 -1.1836673895
-0.0761634696 -1.7347085545 -0.6728299300 -1.1104633862 -0.1282910876 -1.1104633862
-0.0711426188 -1.6145897221 -0.6251813159 -1.0372593828 -0.1121414727 -1.0372593828
-0.0661217681 -1.4952443587 -0.5779869105 -0.9640553795 -0.0970504388 -0.9640553795
-0.0611009174 -1.3766821619 -0.5312491690 -0.8908513761 -0.0830241807 -0.8908513761
-0.0560800667 -1.2589126354 -0.4849705464 -0.8176473728 -0.0700688929 -0.8176473728
-0.0510592160 -1.1419450899 -0.4391534981 -0.7444433695 -0.0581907702 -0.7444433695
-0.0460383653 -1.0257886446 -0.3938004791 -0.6712393661 -0.0473960072 -0.6712393661
-0.0410175146 -0.9104522286 -0.3489139447 -0.5980353628 -0.0376907987 -0.5980353628
-0.0359966639 -0.7959445819 -0.3044963500 -0.5248313595 -0.0290813392 -0.5248313595
-0.0309758132 -0.6822742567 -0.2605501502 -0.4516273561 -0.0215738235 -0.4516273561
-0.0259549625 -0.5694496192 -0.2170778006 -0.3784233528 -0.0151744462 -0.3784233528
-0.0209341118 -0.4574788502 -0.1740817562 -0.3052193495 -0.0098894020 -0.3052193495
-0.0159132611 -0.3463699466 -0.1315644723 -0.2320153461 -0.0057248856 -0.2320153461
-0.0108924103 -0.2361307231 -0.0895284041 -0.1588113428 -0.0026870917 -0.1588113428
-0.0058715596 -0.1267688129 -0.0479760067 -0.0856073394 -0.0007822149 -0.0856073394
-0.0008507089 -0.0182916691 -0.0069097353 -0.0124033361 -0.0000164499 -0.0124033361
0.0041701418 0.0892934337 0.0336683783 0.0000000000 0.0000000000 0.0000000000
0.0091909925 0.1959793987 0.0737591422 0.0000000000 0.0000000000 0.0000000000
0.0142118432 0.3017593049 0.1133645320 0.0000000000 0.0000000000 0.0000000000
0.0192326939 0.4066264066 0.1524865267 0.0000000000 0.0000000000 0.0000000000
0.0242535446 0.5105741318 0.1911271057 0.0000000000 0.0000000000 0.0000000000
0.0292743953 0.6135960808 0.2292882481 0.0000000000 0.0000000000 0.0000000000
0.0342952460 0.7156860252 0.2669719331 0.0000000000 0.0000000000 0.0000000000
0.0393160967 0.8168379066 0.3041801399 0.0000000000 0.0000000000 0.0000000000
0.0443369475 0.9170458355 0.3409148477 0.0000000000 0.0000000000 0.0000000000
0.0493577982 1.0163040896 0.3771780356 0.0000000000 0.0000000000 0.0000000000
0.0543786489 1.1146071130 0.4129716829 0.0000000000 0.0000000000 0.0000000000
0.0593994996 1.2119495151 0.4482977687 0.0000000000 0.0000000000 0.0000000000
0.0644203503 1.3083260687 0.4831582723 0.0000000000 0.0000000000 0.0000000000
0.0694412010 1.4037317095 0.5175551727 0.0000000000 0.0000000000 0.0000000000
0.0744620517 1.4981615346 0.5514904493 0.0000000000 0.0000000000 0.0000000000
0.0794829024 1.5916108010 0.5849660812 0.0000000000 0.0000000000 0.0000000000
0.0845037531 1.6840749250 0.6179840476 0.0000000000 0.0000000000 0.0000000000
0.0895246038 1.7755494805 0.6505463277 0.0000000000 0.0000000000 0.0000000000
0.0945454545 1.8660301978 0.6826549006 0.0000000000 0.0000000000 0.0000000000
0.0995663053 1.9555129629 0.7143117456 0.0000000000 0.0000000000 0.0000000000
0.1045871560 2.0439938156 0.7455188418 0.0000000000 0.0000000000 0.0000000000
0.1096080067 2.1314689489 0.7762781685 0.0000000000 0.0000000000 0.0000000000
0.1146288574 2.2179347074 0.8065917048 0.0000000000 0.0000000000 0.0000000000
0.1196497081 2.3033875863 0.8364614299 0.0000000000 0.0000000000 0.0000000000
0.1246705588 2.3878242304 0.8658893230 0.0000000000 0.0000000000 0.0000000000
0.1296914095 2.4712414324 0.8948773633 0.0000000000 0.0000000000 0.0000000000
0.1347122602 2.5536361323 0.9234275300 0.0000000000 0.0000000000 0.0000000000
0.1397331109 2.6350054158 0.9515418022 0.0000000000 0.0000000000 0.0000000000
0.1447539616 2.7153465133 0.9792221592 0.0000000000 0.0000000000 0.0000000000
0.1497748123 2.7946567989 1.0064705802 0.0000000000 0.0000000000 0.0000000000
0.1547956631 2.8729337887 1.0332890443 0.0000000000 0.0000000000 0.0000000000
0.1598165138 2.9501751403 1.0596795307 0.0000000000 0.0000000000 0.0000000000
0.1648373645 3.0263786513 1.0856440186 0.0000000000 0.0000000000 0.0000000000
0.1698582152 3.1015422580 1.1111844873 0.0000000000 0.0000000000 0.0000000000
0.1748790659 3.1756640347 1.1363029158 0.0000000000 0.0000000000 0.0000000000
0.1798999166 3.2487421921 1.1610012834 0.0000000000 0.0000000000 0.0000000000
0.1849207673 3.3207750763 1.1852815693 0.0000000000 0.0000000000 0.0000000000
0.1899416180 3.3917611679 1.2091457526 0.0000000000 0.0000000000 0.0000000000
0.1949624687 3.4616990805 1.2325958126 0.0000000000 0.0000000000 0.0000000000
0.1999833194 3.5305875597 1.2556337284 0.0000000000 0.0000000000 0.0000000000
0.2050041701 3.5984254822 1.2782614793 0.0000000000 0.0000000000 0.0000000000
0.2100250209 3.6652118543 1.3004810443 0.0000000000 0.0000000000 0.0000000000
0.2150458716 3.7309458110 1.3222944028 0.0000000000 0.0000000000 0.0000000000
0.2200667223 3.7956266147 1.3437035339 0.0000000000 0.0000000000 0.0000000000
0.2250875730 3.8592536544 1.3647104167 0.0000000000 0.0000000000 0.0000000000
0.2301084237 3.9218264443 1.3853170305 0.0000000000 0.0000000000 0.0000000000
0.2351292744 3.9833446228 1.4055253545 0.0000000000 0.0000000000 0.0000000000
0.2401501251 4.0438079514 1.4253373678 0.0000000000 0.0000000000 0.0000000000
0.2451709758 4.1032163134 1.4447550497 0.0000000000 0.0000000000 0.0000000000
0.2501918265 4.1615697132 1.4637803793 0.0000000000 0.0000000000 0.0000000000
0.2552126772 4.2188682749 1.4824153358 0.0000000000 0.0000000000 0.0000000000
0.2602335279 4.2751122413 1.5006618984 0.0000000000 0.0000000000 0.0000000000
0.2652543786 4.3303019725 1.5185220464 0.0000000000 0.0000000000 0.0000000000
0.2702752294 4.3844379456 1.5359977588 0.0000000000 0.0000000000 0.0000000000
0.2752960801 4.4375207527 1.5530910148 0.0000000000 0.0000000000 0.0000000000
0.2803169308 4.4895511005 1.5698037938 0.0000000000 0.0000000000 0.0000000000
0.2853377815 4.5405298088 1.5861380748 0.0000000000 0.0000000000 0.0000000000
0.2903586322 4.5904578096 1.6020958370 0.0000000000 0.0000000000 0.0000000000
0.2953794829 4.6393361461 1.6176790596 0.0000000000 0.0000000000 0.0000000000
0.3004003336 4.6871659714 1.6328897219 0.0000000000 0.0000000000 0.0000000000
0.3054211843 4.7339485478 1.6477298030 0.0000000000 0.0000000000 0.0000000000
0.3104420350 4.7796852453 1.6622012821 0.0000000000 0.0000000000 0.0000000000
0.3154628857 4.8243775409 1.6763061384 0.0000000000 0.0000000000 0.0000000000
0.3204837364 4.8680270174 1.6900463510 0.0000000000 0.0000000000 0.0000000000
0.3255045872 4.9106353623 1.7034238992 0.0000000000 0.0000000000 0.0000000000
0.3305254379 4.9522043668 1.7164407622 0.0000000000 0.0000000000 0.0000000000
0.3355462886 4.9927359249 1.7290989191 0.0000000000 0.0000000000 0.0000000000
0.3405671393 5.0322320320 1.7414003491 0.0000000000 0.0000000000 0.0000000000
0.3455879900 5.0706947844 1.7533470315 0.0000000000 0.0000000000 0.0000000000
0.3506088407 5.1081263776 1.7649409453 0.0000000000 0.0000000000 0.0000000000
0.3556296914 5.1445291060 1.7761840699 0.0000000000 0.0000000000 0.0000000000
0.3606505421 5.1799053612 1.7870783843 0.0000000000 0.0000000000 0.0000000000
0.3656713928 5.2142576314 1.7976258679 0.0000000000 0.0000000000 0.0000000000
0.3706922435 5.2475885003 1.8078284997 0.0000000000 0.0000000000 0.0000000000
0.3757130942 5.2799006459 1.8176882589 0.0000000000 0.0000000000 0.0000000000
0.3807339450 5.3111968398 1.8272071248 0.0000000000 0.0000000000 0.0000000000
0.3857547957 5.3414799459 1.8363870765 0.0000000000 0.0000000000 0.0000000000
0.3907756464 5.3707529194 1.8452300933 0.0000000000 0.0000000000 0.0000000000
0.3957964971 5.3990188062 1.8537381542 0.0000000000 0.0000000000 0.0000000000
0.4008173478 5.4262807414 1.8619132386 0.0000000000 0.0000000000 0.0000000000
0.4058381985 5.4525419485 1.8697573255 0.0000000000 0.0000000000 0.0000000000
0.4108590492 5.4778057384 1.8772723942 0.0000000000 0.0000000000 0.0000000000
0.4158798999 5.5020755086 1.8844604239 0.0000000000 0.0000000000 0.0000000000
0.4209007506 5.5253547419 1.8913233938 0.0000000000 0.0000000000 0.0000000000
0.4259216013 5.5476470055 1.8978632830 0.0000000000 0.0000000000 0.0000000000
0.4309424520 5.5689559501 1.9040820707 0.0000000000 0.0000000000 0.0000000000
0.4359633028 5.5892853091 1.9099817361 0.0000000000 0.0000000000 0.0000000000
0.4409841535 5.6086388971 1.9155642585 0.0000000000 0.0000000000 0.0000000000
0.4460050042 5.6270206095 1.9208316170 0.0000000000 0.0000000000 0.0000000000
0.4510258549 5.6444344211 1.9257857907 0.0000000000 0.0000000000 0.0000000000
0.4560467056 5.6608843854 1.9304287589 0.0000000000 0.0000000000 0.0000000000
0.4610675563 5.6763746337 1.9347625008 0.0000000000 0.0000000000 0.0000000000
0.4660884070 5.6909093738 1.9387889956 0.0000000000 0.0000000000 0.0000000000
0.4711092577 5.7044928893 1.9425102224 0.0000000000 0.0000000000 0.0000000000
0.4761301084 5.7171295386 1.9459281604 0.0000000000 0.0000000000 0.0000000000
0.4811509591 5.7288237541 1.9490447889 0.0000000000 0.0000000000 0.0000000000
0.4861718098 5.7395800408 1.9518620870 0.0000000000 0.0000000000 0.0000000000
0.4911926606 5.7494029761 1.9543820339 0.0000000000 0.0000000000 0.0000000000
0.4962135113 5.7582972080 1.9566066087 0.0000000000 0.0000000000 0.0000000000
0.5012343620 5.7662674548 1.9585377908 0.0000000000 0.0000000000 0.0000000000
0.5062552127 5.7733185040 1.9601775592 0.0000000000 0.0000000000 0.0000000000
0.5112760634 5.7794552114 1.9615278932 0.0000000000 0.0000000000 0.0000000000
0.5162969141 5.7846824999 1.9625907719 0.0000000000 0.0000000000 0.0000000000
0.5213177648 5.7890053590 1.9633681746 0.0000000000 0.0000000000 0.0000000000
0.5263386155 5.7924288435 1.9638620804 0.0000000000 0.0000000000 0.0000000000
0.5313594662 5.7949580730 1.9640744685 0.0000000000 0.0000000000 0.0000000000
0.5363803169 5.7965982305 1.9640073181 0.0000000000 0.0000000000 0.0000000000
0.5414011676 5.7973545620 1.9636626084 0.0000000000 0.0000000000 0.0000000000
0.5464220183 5.7972323753 1.9630423186 0.0000000000 0.0000000000 0.0000000000
0.5514428691 5.7962370389 1.9621484278 0.0000000000 0.0000000000 0.0000000000
0.5564637198 5.7943739818 1.9609829154 0.0000000000 0.0000000000 0.0000000000
0.5614845705 5.7916486916 1.9595477603 0.0000000000 0.0000000000 0.0000000000
0.5665054212 5.7880667147 1.9578449419 0.0000000000 0.0000000000 0.0000000000
0.5715262719 5.7836336546 1.9558764394 0.0000000000 0.0000000000 0.0000000000
0.5765471226 5.7783551714 1.9536442318 0.0000000000 0.0000000000 0.0000000000
0.5815679733 5.7722369807 1.9511502985 0.0000000000 0.0000000000 0.0000000000
0.5865888240 5.7652848530 1.9483966185 0.0000000000 0.0000000000 0.0000000000
0.5916096747 5.7575046126 1.9453851712 0.0000000000 0.0000000000 0.0000000000
0.5966305254 5.7489021367 1.9421179356 0.0000000000 0.0000000000 0.0000000000
0.6016513761 5.7394833549 1.9385968909 0.0000000000 0.0000000000 0.0000000000
0.6066722269 5.7292542477 1.9348240165 0.0000000000 0.0000000000 0.0000000000
0.6116930776 5.7182208465 1.9308012913 0.0000000000 0.0000000000 0.0000000000
0.6167139283 5.7063892318 1.9265306947 0.0000000000 0.0000000000 0.0000000000
0.6217347790 5.6937655330 1.9220142058 0.0000000000 0.0000000000 0.0000000000
0.6267556297 5.6803559273 1.9172538038 0.0000000000 0.0000000000 0.0000000000
0.6317764804 5.6661666391 1.9122514680 0.0000000000 0.0000000000 0.0000000000
0.6367973311 5.6512039387 1.9070091773 0.0000000000 0.0000000000 0.0000000000
0.6418181818 5.6354741418 1.9015289112 0.0000000000 0.0000000000 0.0000000000
0.6468390325 5.6189836087 1.8958126488 0.0000000000 0.0000000000 0.0000000000
0.6518598832 5.6017387433 1.8898623691 0.0000000000 0.0000000000 0.0000000000
0.6568807339 5.5837459922 1.8836800516 0.0000000000 0.0000000000 0.0000000000
0.6619015847 5.5650118442 1.8772676752 0.0000000000 0.0000000000 0.0000000000
0.6669224354 5.5455428292 1.8706272193 0.0000000000 0.0000000000 0.0000000000
0.6719432861 5.5253455173 1.8637606630 0.0000000000 0.0000000000 0.0000000000
0.6769641368 5.5044265184 1.8566699855 0.0000000000 0.0000000000 0.0000000000
0.6819849875 5.4827924810 1.8493571660 0.0000000000 0.0000000000 0.0000000000
0.6870058382 5.4604500916 1.8418241836 0.0000000000 0.0000000000 0.0000000000
0.6920266889 5.4374060736 1.8340730176 0.0000000000 0.0000000000 0.0000000000
0.6970475396 5.4136671869 1.8261056472 0.0000000000 0.0000000000 0.0000000000
0.7020683903 5.3892402269 1.8179240515 0.0000000000 0.0000000000 0.0000000000
0.7070892410 5.3641320236 1.8095302097 0.0000000000 0.0000000000 0.0000000000
0.7121100917 5.3383494411 1.8009261011 0.0000000000 0.0000000000 0.0000000000
0.7171309425 5.3118993765 1.7921137048 0.0000000000 0.0000000000 0.0000000000
0.7221517932 5.2847887593 1.7830949999 0.0000000000 0.0000000000 0.0000000000
0.7271726439 5.2570245505 1.7738719658 0.0000000000 0.0000000000 0.0000000000
0.7321934946 5.2286137419 1.7644465815 0.0000000000 0.0000000000 0.0000000000
0.7372143453 5.1995633554 1.7548208263 0.0000000000 0.0000000000 0.0000000000
0.7422351960 5.1698804421 1.7449966794 0.0000000000 0.0000000000 0.0000000000
0.7472560467 5.1395720814 1.7349761199 0.0000000000 0.0000000000 0.0000000000
0.7522768974 5.1086453807 1.7247611270 0.0000000000 0.0000000000 0.0000000000
0.7572977481 5.0771074740 1.7143536800 0.0000000000 0.0000000000 0.0000000000
0.7623185988 5.0449655219 1.7037557580 0.0000000000 0.0000000000 0.0000000000
0.7673394495 5.0122267099 1.6929693401 0.0000000000 0.0000000000 0.0000000000
0.7723603003 4.9788982486 1.6819964057 0.0000000000 0.0000000000 0.0000000000
0.7773811510 4.9449873724 1.6708389338 0.0000000000 0.0000000000 0.0000000000
0.7824020017 4.9105013387 1.6594989037 0.0000000000 0.0000000000 0.0000000000
0.7874228524 4.8754474276 1.6479782946 0.0000000000 0.0000000000 0.0000000000
0.7924437031 4.8398329407 1.6362790856 0.0000000000 0.0000000000 0.0000000000
0.7974645538 4.8036652007 1.6244032560 0.0000000000 0.0000000000 0.0000000000
0.8024854045 4.7669515503 1.6123527848 0.0000000000 0.0000000000 0.0000000000
0.8075062552 4.7296993521 1.6001296514 0.0000000000 0.0000000000 0.0000000000
0.8125271059 4.6919159869 1.5877358349 0.0000000000 0.0000000000 0.0000000000
0.8175479566 4.6536088541 1.5751733145 0.0000000000 0.0000000000 0.0000000000
0.8225688073 4.6147853701 1.5624440693 0.0000000000 0.0000000000 0.0000000000
0.8275896580 4.5754529680 1.5495500786 0.0000000000 0.0000000000 0.0000000000
0.8326105088 4.5356190969 1.5364933216 0.0000000000 0.0000000000 0.0000000000
0.8376313595 4.4952912209 1.5232757775 0.0000000000 0.0000000000 0.0000000000
0.8426522102 4.4544768186 1.5098994253 0.0000000000 0.0000000000 0.0000000000
0.8476730609 4.4131833826 1.4963662444 0.0000000000 0.0000000000 0.0000000000
0.8526939116 4.3714184184 1.4826782139 0.0000000000 0.0000000000 0.0000000000
0.8577147623 4.3291894440 1.4688373130 0.0000000000 0.0000000000 0.0000000000
0.8627356130 4.2865039889 1.4548455209 0.0000000000 0.0000000000 0.0000000000
0.8677564637 4.2433695939 1.4407048168 0.0000000000 0.0000000000 0.0000000000
0.8727773144 4.1997938098 1.4264171799 0.0000000000 0.0000000000 0.0000000000
0.8777981651 4.1557841972 1.4119845893 0.0000000000 0.0000000000 0.0000000000
0.8828190158 4.1113483259 1.3974090243 0.0000000000 0.0000000000 0.0000000000
0.8878398666 4.0664937735 1.3826924640 0.0000000000 0.0000000000 0.0000000000
0.8928607173 4.0212281255 1.3678368876 0.0000000000 0.0000000000 0.0000000000
0.8978815680 3.9755589743 1.3528442743 0.0000000000 0.0000000000 0.0000000000
0.9029024187 3.9294939187 1.3377166034 0.0000000000 0.0000000000 0.0000000000
0.9079232694 3.8830405629 1.3224558539 0.0000000000 0.0000000000 0.0000000000
0.9129441201 3.8362065161 1.3070640052 0.0000000000 0.0000000000 0.0000000000
0.9179649708 3.7889993920 1.2915430363 0.0000000000 0.0000000000 0.0000000000
0.9229858215 3.7414268076 1.2758949264 0.0000000000 0.0000000000 0.0000000000
0.9280066722 3.6934963833 1.2601216548 0.0000000000 0.0000000000 0.0000000000
0.9330275229 3.6452157416 1.2442252007 0.0000000000 0.0000000000 0.0000000000
0.9380483736 3.5965925067 1.2282075431 0.0000000000 0.0000000000 0.0000000000
0.9430692244 3.5476343040 1.2120706614 0.0000000000 0.0000000000 0.0000000000
0.9480900751 3.4983487593 1.1958165347 0.0000000000 0.0000000000 0.0000000000
0.9531109258 3.4487434982 1.1794471422 0.0000000000 0.0000000000 0.0000000000
0.9581317765 3.3988261454 1.1629644631 0.0000000000 0.0000000000 0.0000000000
0.9631526272 3.3486043243 1.1463704766 0.0000000000 0.0000000000 0.0000000000
0.9681734779 3.2980856561 1.1296671618 0.0000000000 0.0000000000 0.0000000000
0.9731943286 3.2472777594 1.1128564980 0.0000000000 0.0000000000 0.0000000000
0.9782151793 3.1961882495 1.0959404643 0.0000000000 0.0000000000 0.0000000000
0.9832360300 3.1448247376 1.0789210399 0.0000000000 0.0000000000 0.0000000000
0.9882568807 3.0931948307 1.0618002041 0.0000000000 0.0000000000 0.0000000000
0.9932777314 3.0413061304 1.0445799360 0.0000000000 0.0000000000 0.0000000000
0.9982985822 2.9891662328 1.0272622147 0.0000000000 0.0000000000 0.0000000000
1.0033194329 2.9367827273 1.0098490196 0.0000000000 0.0000000000 0.0000000000
1.0083402836 2.8841631968 0.9923423297 0.0000000000 0.0000000000 0.0000000000
1.0133611343 2.8313152164 0.9747441243 0.0000000000 0.0000000000 0.0000000000
1.0183819850 2.7782463532 0.9570563825 0.0000000000 0.0000000000 0.0000000000
1.0234028357 2.7249641656 0.9392810836 0.0000000000 0.0000000000 0.0000000000
1.0284236864 2.6714762028 0.9214202067 0.0000000000 0.0000000000 0.0000000000
1.0334445371 2.6177900040 0.9034757311 0.0000000000 0.0000000000 0.0000000000
1.0384653878 2.5639130981 0.8854496358 0.0000000000 0.0000000000 0.0000000000
1.0434862385 2.5098530029 0.8673439002 0.0000000000 0.0000000000 0.0000000000
1.0485070892 2.4556172248 0.8491605033 0.0000000000 0.0000000000 0.0000000000
1.0535279399 2.4012132578 0.8309014244 0.0000000000 0.0000000000 0.0000000000
1.0585487907 2.3466485834 0.8125686427 0.0000000000 0.0000000000 0.0000000000
1.0635696414 2.2919306700 0.7941641373 0.0000000000 0.0000000000 0.0000000000
1.0685904921 2.2370669717 0.7756898875 0.0000000000 0.0000000000 0.0000000000
1.0736113428 2.1820649288 0.7571478724 0.0000000000 0.0000000000 0.0000000000
1.0786321935 2.1269319663 0.7385400712 0.0000000000 0.0000000000 0.0000000000
1.0836530442 2.0716754940 0.7198684631 0.0000000000 0.0000000000 0.0000000000
1.0886738949 2.0163029055 0.7011350274 0.0000000000 0.0000000000 0.0000000000
1.0936947456 1.9608215780 0.6823417431 0.0000000000 0.0000000000 0.0000000000
1.0987155963 1.9052388716 0.6634905895 0.0000000000 0.0000000000 0.0000000000
1.1037364470 1.8495621289 0.6445835458 0.0000000000 0.0000000000 0.0000000000
1.1087572977 1.7937986741 0.6256225911 0.0000000000 0.0000000000 0.0000000000
1.1137781485 1.7379558130 0.6066097047 0.0000000000 0.0000000000 0.0000000000
1.1187989992 1.6820408323 0.5875468657 0.0000000000 0.0000000000 0.0000000000
1.1238198499 1.6260609986 0.5684360533 0.0000000000 0.0000000000 0.0000000000
1.1288407006 1.5700235588 0.5492792468 0.0000000000 0.0000000000 0.0000000000
1.1338615513 1.5139357386 0.5300784252 0.0000000000 0.0000000000 0.0000000000
1.1388824020 1.4578047430 0.5108355679 0.0000000000 0.0000000000 0.0000000000
1.1439032527 1.4016377547 0.4915526539 0.0000000000 0.0000000000 0.0000000000
1.1489241034 1.3454419347 0.4722316625 0.0000000000 0.0000000000 0.0000000000
1.1539449541 1.2892244209 0.4528745728 0.0000000000 0.0000000000 0.0000000000
1.1589658048 1.2329923281 0.4334833641 0.0000000000 0.0000000000 0.0000000000
1.1639866555 1.1767527473 0.4140600155 0.0000000000 0.0000000000 0.0000000000
1.1690075063 1.1205127456 0.3946065063 0.0000000000 0.0000000000 0.0000000000
1.1740283570 1.0642793650 0.3751248155 0.0000000000 0.0000000000 0.0000000000
1.1790492077 1.0080596226 0.3556169225 0.0000000000 0.0000000000 0.0000000000
1.1840700584 0.9518605098 0.3360848064 0.0000000000 0.0000000000 0.0000000000
1.1890909091 0.8956889917 0.3165304463 0.0000000000 0.0000000000 0.0000000000
1.1941117598 0.8395520072 0.2969558215 0.0000000000 0.0000000000 0.0000000000
1.1991326105 0.7834564677 0.2773629112 0.0000000000 0.0000000000 0.0000000000
1.2041534612 0.7274092573 0.2577536945 0.0000000000 0.0000000000 0.0000000000
1.2091743119 0.6714172321 0.2381301506 0.0000000000 0.0000000000 0.0000000000
1.2141951626 0.6154872197 0.2184942588 0.0000000000 0.0000000000 0.0000000000
1.2192160133 0.5596260189 0.1988479982 0.0000000000 0.0000000000 0.0000000000
1.2242368641 0.5038403990 0.1791933480 0.0000000000 0.0000000000 0.0000000000
1.2292577148 0.4481370997 0.1595322874 0.0000000000 0.0000000000 0.0000000000
1.2342785655 0.3925228302 0.1398667956 0.0000000000 0.0000000000 0.0000000000
1.2392994162 0.3370042692 0.1201988517 0.0000000000 0.0000000000 0.0000000000
1.2443202669 0.2815880643 0.1005304350 0.0000000000 0.0000000000 0.0000000000
1.2493411176 0.2262808313 0.0808635247 0.0000000000 0.0000000000 0.0000000000
1.2543619683 0.1710891543 0.0612000999 0.0000000000 0.0000000000 0.0000000000
1.2593828190 0.1160195848 0.0415421398 0.0000000000 0.0000000000 0.0000000000
1.2644036697 0.0610786416 0.0218916236 0.0000000000 0.0000000000 0.0000000000
1.2694245204 0.0062728101 0.0022505306 0.0000000000 0.0000000000 0.0000000000
1.2744453711 -0.0483914580 -0.0173791953 0.0000000000 0.0000000000 0.0000000000
1.2794662219 -0.1029077449 -0.0369958084 0.0000000000 0.0000000000 0.0000000000
1.2844870726 -0.1572696674 -0.0565976329 0.0000000000 0.0000000000 0.0000000000
1.2895079233 -0.2114708774 -0.0761829930 0.0000000000 0.0000000000 0.0000000000
1.2945287740 -0.2655050618 -0.0957502131 0.0000000000 0.0000000000 0.0000000000
1.2995496247 -0.3193659434 -0.1152976173 0.0000000000 0.0000000000 0.0000000000
1.3045704754 -0.3730472812 -0.1348235298 0.0000000000 0.0000000000 0.0000000000
1.3095913261 -0.4265428706 -0.1543262750 0.0000000000 0.0000000000 0.0000000000
1.3146121768 -0.4798465438 -0.1738041770 0.0000000000 0.0000000000 0.0000000000
1.3196330275 -0.5329521704 -0.1932555601 0.0000000000 0.0000000000 0.0000000000
1.3246538782 -0.5858536578 -0.2126787485 0.0000000000 0.0000000000 0.0000000000
1.3296747289 -0.6385449512 -0.2320720665 0.0000000000 0.0000000000 0.0000000000
1.3346955796 -0.6910200344 -0.2514338383 0.0000000000 0.0000000000 0.0000000000
1.3397164304 -0.7432729299 -0.2707623882 0.0000000000 0.0000000000 0.0000000000
1.3447372811 -0.7952976996 -0.2900560404 0.0000000000 0.0000000000 0.0000000000
1.3497581318 -0.8470884447 -0.3093131191 0.0000000000 0.0000000000 0.0000000000
1.3547789825 -0.8986393064 -0.3285319486 0.0000000000 0.0000000000 0.0000000000
1.3597998332 -0.9499444662 -0.3477108530 0.0000000000 0.0000000000 0.0000000000
1.3648206839 -1.0009981462 -0.3668481568 0.0000000000 0.0000000000 0.0000000000
1.3698415346 -1.0517946094 -0.3859421840 0.0000000000 0.0000000000 0.0000000000
1.3748623853 -1.1023281602 -0.4049912590 0.0000000000 0.0000000000 0.0000000000
1.3798832360 -1.1525931449 -0.4239937060 0.0000000000 0.0000000000 0.0000000000
1.3849040867 -1.2025839514 -0.4429478492 0.0000000000 0.0000000000 0.0000000000
1.3899249374 -1.2522950103 -0.4618520128 0.0000000000 0.0000000000 0.0000000000
1.3949457882 -1.3017207948 -0.4807045212 0.0000000000 0.0000000000 0.0000000000
1.3999666389 -1.3508558210 -0.4995036984 0.0000000000 0.0000000000 0.0000000000
1.4049874896 -1.3996946486 -0.5182478689 0.0000000000 0.0000000000 0.0000000000
1.4100083403 -1.4482318809 -0.5369353568 0.0000000000 0.0000000000 0.0000000000
1.4150291910 -1.4964621651 -0.5555644863 0.0000000000 0.0000000000 0.0000000000
1.4200500417 -1.5443801929 -0.5741335818 0.0000000000 0.0000000000 0.0000000000
1.4250708924 -1.5919807007 -0.5926409674 0.0000000000 0.0000000000 0.0000000000
1.4300917431 -1.6392584697 -0.6110849674 0.0000000000 0.0000000000 0.0000000000
1.4351125938 -1.6862083264 -0.6294639060 0.0000000000 0.0000000000 0.0000000000
1.4401334445 -1.7328251430 -0.6477761074 0.0000000000 0.0000000000 0.0000000000
1.4451542952 -1.7791038375 -0.6660198960 0.0000000000 0.0000000000 0.0000000000
1.4501751460 -1.8250393743 -0.6841935959 0.0000000000 0.0000000000 0.0000000000
1.4551959967 -1.8706267639 -0.7022955314 0.0000000000 0.0000000000 0.0000000000
1.4602168474 -1.9158610639 -0.7203240268 0.0000000000 0.0000000000 0.0000000000
1.4652376981 -1.9607373789 -0.7382774062 0.0000000000 0.0000000000 0.0000000000
1.4702585488 -2.0052508608 -0.7561539939 0.0000000000 0.0000000000 0.0000000000
1.4752793995 -2.0493967093 -0.7739521142 0.0000000000 0.0000000000 0.0000000000
1.4803002502 -2.0931701718 -0.7916700912 0.0000000000 0.0000000000 0.0000000000
1.4853211009 -2.1365665440 -0.8093062493 0.0000000000 0.0000000000 0.0000000000
1.4903419516 -2.1795811703 -0.8268589126 0.0000000000 0.0000000000 0.0000000000
1.4953628023 -2.2222094435 -0.8443264055 0.0000000000 0.0000000000 0.0000000000
1.5003836530 -2.2644468055 -0.8617070521 0.0000000000 0.0000000000 0.0000000000
1.5054045038 -2.3062887477 -0.8789991767 0.0000000000 0.0000000000 0.0000000000
1.5104253545 -2.3477308108 -0.8962011035 0.0000000000 0.0000000000 0.0000000000
1.5154462052 -2.3887685855 -0.9133111569 0.0000000000 0.0000000000 0.0000000000
1.5204670559 -2.4293977123 -0.9303276609 0.0000000000 0.0000000000 0.0000000000
1.5254879066 -2.4696138821 -0.9472489399 0.0000000000 0.0000000000 0.0000000000
1.5305087573 -2.5094128365 -0.9640733180 0.0000000000 0.0000000000 0.0000000000
1.5355296080 -2.5487903677 -0.9807991197 0.0000000000 0.0000000000 0.0000000000
1.5405504587 -2.5877423191 -0.9974246689 0.0000000000 0.0000000000 0.0000000000
1.5455713094 -2.6262645852 -1.0139482901 0.0000000000 0.0000000000 0.0000000000
1.5505921601 -2.6643531121 -1.0303683075 0.0000000000 0.0000000000 0.0000000000
1.5556130108 -2.7020038976 -1.0466830453 0.0000000000 0.0000000000 0.0000000000
1.5606338616 -2.7392129914 -1.0628908277 0.0000000000 0.0000000000 0.0000000000
1.5656547123 -2.7759764956 -1.0789899789 0.0000000000 0.0000000000 0.0000000000
1.5706755630 -2.8122905645 -1.0949788233 0.0000000000 0.0000000000 0.0000000000
1.5756964137 -2.8481514050 -1.1108556851 0.0000000000 0.0000000000 0.0000000000
1.5807172644 -2.8835552771 -1.1266188885 0.0000000000 0.0000000000 0.0000000000
1.5857381151 -2.9184984934 -1.1422667577 0.0000000000 0.0000000000 0.0000000000
1.5907589658 -2.9529774202 -1.1577976169 0.0000000000 0.0000000000 0.0000000000
1.5957798165 -2.9869884771 -1.1732097905 0.0000000000 0.0000000000 0.0000000000
1.6008006672 -3.0205281371 -1.1885016027 0.0000000000 0.0000000000 0.0000000000
1.6058215179 -3.0535929275 -1.2036713777 0.0000000000 0.0000000000 0.0000000000
1.6108423686 -3.0861794293 -1.2187174397 0.0000000000 0.0000000000 0.0000000000
1.6158632193 -3.1182842778 -1.2336381130 0.0000000000 0.0000000000 0.0000000000
1.6208840701 -3.1499041629 -1.2484317218 0.0000000000 0.0000000000 0.0000000000
1.6259049208 -3.1810358290 -1.2630965904 0.0000000000 0.0000000000 0.0000000000
1.6309257715 -3.2116760751 -1.2776310430 0.0000000000 0.0000000000 0.0000000000
1.6359466222 -3.2418217555 -1.2920334038 0.0000000000 0.0000000000 0.0000000000
1.6409674729 -3.2714697793 -1.3063019972 0.0000000000 0.0000000000 0.0000000000
1.6459883236 -3.3006171112 -1.3204351472 0.0000000000 0.0000000000 0.0000000000
1.6510091743 -3.3292607712 -1.3344311783 0.0000000000 0.0000000000 0.0000000000
1.6560300250 -3.3573978350 -1.3482884145 0.0000000000 0.0000000000 0.0000000000
1.6610508757 -3.3850254340 -1.3620051802 0.0000000000 0.0000000000 0.0000000000
1.6660717264 -3.4121407557 -1.3755797996 0.0000000000 0.0000000000 0.0000000000
1.6710925771 -3.4387410436 -1.3890105969 0.0000000000 0.0000000000 0.0000000000
1.6761134279 -3.4648235975 -1.4022958964 0.0000000000 0.0000000000 0.0000000000
1.6811342786 -3.4903857736 -1.4154340222 0.0000000000 0.0000000000 0.0000000000
1.6861551293 -3.5154249847 -1.4284232988 0.0000000000 0.0000000000 0.0000000000
1.6911759800 -3.5399387001 -1.4412620502 0.0000000000 0.0000000000 0.0000000000
1.6961968307 -3.5639244461 -1.4539486008 0.0000000000 0.0000000000 0.0000000000
1.7012176814 -3.5873798058 -1.4664812747 0.0000000000 0.0000000000 0.0000000000
1.7062385321 -3.6103024197 -1.4788583963 0.0000000000 0.0000000000 0.0000000000
1.7112593828 -3.6326899851 -1.4910782897 0.0000000000 0.0000000000 0.0000000000
1.7162802335 -3.6545402570 -1.5031392792 0.0000000000 0.0000000000 0.0000000000
1.7213010842 -3.6758510475 -1.5150396891 0.0000000000 0.0000000000 0.0000000000
1.7263219349 -3.6966202266 -1.5267778435 0.0000000000 0.0000000000 0.0000000000
1.7313427857 -3.7168457218 -1.5383520667 0.0000000000 0.0000000000 0.0000000000
1.7363636364 -3.7365255184 -1.5497606830 0.0000000000 0.0000000000 0.0000000000
1.7413844871 -3.7556576597 -1.5610020166 0.0000000000 0.0000000000 0.0000000000
1.7464053378 -3.7742402469 -1.5720743918 0.0000000000 0.0000000000 0.0000000000
1.7514261885 -3.7922714393 -1.5829761327 0.0000000000 0.0000000000 0.0000000000
1.7564470392 -3.8097494545 -1.5937055636 0.0000000000 0.0000000000 0.0000000000
1.7614678899 -3.8266725683 -1.6042610088 0.0000000000 0.0000000000 0.0000000000
1.7664887406 -3.8430391150 -1.6146407925 0.0000000000 0.0000000000 0.0000000000
1.7715095913 -3.8588474872 -1.6248432390 0.0000000000 0.0000000000 0.0000000000
1.7765304420 -3.8740961362 -1.6348666724 0.0000000000 0.0000000000 0.0000000000
1.7815512927 -3.8887835718 -1.6447094170 0.0000000000 0.0000000000 0.0000000000
1.7865721435 -3.9029083626 -1.6543697971 0.0000000000 0.0000000000 0.0000000000
1.7915929942 -3.9164691360 -1.6638461370 0.0000000000 0.0000000000 0.0000000000
1.7966138449 -3.9294645781 -1.6731367607 0.0000000000 0.0000000000 0.0000000000
1.8016346956 -3.9418934342 -1.6822399927 0.0000000000 0.0000000000 0.0000000000
1.8066555463 -3.9537545083 -1.6911541570 0.0000000000 0.0000000000 0.0000000000
1.8116763970 -3.9650466634 -1.6998775781 0.0000000000 0.0000000000 0.0000000000
1.8166972477 -3.9757688220 -1.7084085800 0.0000000000 0.0000000000 0.0000000000
1.8217180984 -3.9859199654 -1.7167454871 0.0000000000 0.0000000000 0.0000000000
1.8267389491 -3.9954991340 -1.7248866236 0.0000000000 0.0000000000 0.0000000000
1.8317597998 -4.0045054279 -1.7328303137 0.0000000000 0.0000000000 0.0000000000
1.8367806505 -4.0129380060 -1.7405748817 0.0000000000 0.0000000000 0.0000000000
1.8418015013 -4.0207960869 -1.7481186518 0.0000000000 0.0000000000 0.0000000000
1.8468223520 -4.0280789483 -1.7554599482 0.0000000000 0.0000000000 0.0000000000
1.8518432027 -4.0347859274 -1.7625970952 0.0000000000 0.0000000000 0.0000000000
1.8568640534 -4.0409164208 -1.7695284171 0.0000000000 0.0000000000 0.0000000000
1.8618849041 -4.0464698847 -1.7762522380 0.0000000000 0.0000000000 0.0000000000
1.8669057548 -4.0514458345 -1.7827668823 0.0000000000 0.0000000000 0.0000000000
1.8719266055 -4.0558438453 -1.7890706741 0.0000000000 0.0000000000 0.0000000000
1.8769474562 -4.0596635516 -1.7951619377 0.0000000000 0.0000000000 0.0000000000
1.8819683069 -4.0629046475 -1.8010389973 0.0000000000 0.0000000000 0.0000000000
1.8869891576 -4.0655668865 -1.8067001772 0.0000000000 0.0000000000 0.0000000000
1.8920100083 -4.0676500819 -1.8121438016 0.0000000000 0.0000000000 0.0000000000
1.8970308590 -4.0691541063 -1.8173681948 0.0000000000 0.0000000000 0.0000000000
1.9020517098 -4.0700788919 -1.8223716809 0.0000000000 0.0000000000 0.0000000000
1.9070725605 -4.0704244304 -1.8271525844 0.0000000000 0.0000000000 0.0000000000
1.9120934112 -4.0701907731 -1.8317092292 0.0000000000 0.0000000000 0.0000000000
1.9171142619 -4.0693780308 -1.8360399398 0.0000000000 0.0000000000 0.0000000000
1.9221351126 -4.0679863737 -1.8401430404 0.0000000000 0.0000000000 0.0000000000
1.9271559633 -4.0660160317 -1.8440168552 0.0000000000 0.0000000000 0.0000000000
1.9321768140 -4.0634672940 -1.8476597084 0.0000000000 0.0000000000 0.0000000000
1.9371976647 -4.0603405093 -1.8510699242 0.0000000000 0.0000000000 0.0000000000
1.9422185154 -4.0566360856 -1.8542458270 0.0000000000 0.0000000000 0.0000000000
1.9472393661 -4.0523544904 -1.8571857410 0.0000000000 0.0000000000 0.0000000000
1.9522602168 -4.0474962505 -1.8598879904 0.0000000000 0.0000000000 0.0000000000
1.9572810676 -4.0420619521 -1.8623508994 0.0000000000 0.0000000000 0.0000000000
1.9623019183 -4.0360522406 -1.8645727923 0.0000000000 0.0000000000 0.0000000000
1.9673227690 -4.0294678205 -1.8665519933 0.0000000000 0.0000000000 0.0000000000
1.9723436197 -4.0223094557 -1.8682868267 0.0000000000 0.0000000000 0.0000000000
1.9773644704 -4.0145779690 -1.8697756167 0.0000000000 0.0000000000 0.0000000000
1.9823853211 -4.0062742425 -1.8710166875 0.0000000000 0.0000000000 0.0000000000
1.9874061718 -3.9973992172 -1.8720083634 0.0000000000 0.0000000000 0.0000000000
1.9924270225 -3.9879538931 -1.8727489686 0.0000000000 0.0000000000 0.0000000000
1.9974478732 -3.9779393289 -1.8732368275 0.0000000000 0.0000000000 0.0000000000
2.0024687239 -3.9673566424 -1.8734702641 0.0000000000 0.0000000000 0.0000000000
2.0074895746 -3.9562070100 -1.8734476027 0.0000000000 0.0000000000 0.0000000000
2.0125104254 -3.9444916667 -1.8731671677 0.0000000000 0.0000000000 0.0000000000
2.0175312761 -3.9322119063 -1.8726272832 0.0000000000 0.0000000000 0.0000000000
2.0225521268 -3.9193690810 -1.8718262734 0.0000000000 0.0000000000 0.0000000000
2.0275729775 -3.9059646014 -1.8707624627 0.0000000000 0.0000000000 0.0000000000
2.0325938282 -3.8919999365 -1.8694341752 0.0000000000 0.0000000000 0.0000000000
2.0376146789 -3.8774766135 -1.8678397352 0.0000000000 0.0000000000 0.0000000000
2.0426355296 -3.8623962179 -1.8659774670 0.0000000000 0.0000000000 0.0000000000
2.0476563803 -3.8467603931 -1.8638456947 0.0000000000 0.0000000000 0.0000000000
2.0526772310 -3.8305708405 -1.8614427426 0.0000000000 0.0000000000 0.0000000000
2.0576980817 -3.8138293195 -1.8587669350 0.0000000000 0.0000000000 0.0000000000
2.0627189324 -3.7965376469 -1.8558165961 0.0000000000 0.0000000000 0.0000000000
2.0677397832 -3.7786976975 -1.8525900501 0.0000000000 0.0000000000 0.0000000000
2.0727606339 -3.7603114036 -1.8490856212 0.0000000000 0.0000000000 0.0000000000
2.0777814846 -3.7413807545 -1.8453016338 0.0000000000 0.0000000000 0.0000000000
2.0828023353 -3.7219077973 -1.8412364121 0.0000000000 0.0000000000 0.0000000000
2.0878231860 -3.7018946360 -1.8368882803 0.0000000000 0.0000000000 0.0000000000
2.0928440367 -3.6813434316 -1.8322555625 0.0000000000 0.0000000000 0.0000000000
2.0978648874 -3.6602564021 -1.8273365832 0.0000000000 0.0000000000 0.0000000000
2.1028857381 -3.6386358222 -1.8221296665 0.0000000000 0.0000000000 0.0000000000
2.1079065888 -3.6164840232 -1.8166331367 0.0000000000 0.0000000000 0.0000000000
2.1129274395 -3.5938033931 -1.8108453179 0.0000000000 0.0000000000 0.0000000000
2.1179482902 -3.5705963759 -1.8047645345 0.0000000000 0.0000000000 0.0000000000
2.1229691410 -3.5468654720 -1.7983891107 0.0000000000 0.0000000000 0.0000000000
2.1279899917 -3.5226132379 -1.7917173707 0.0000000000 0.0000000000 0.0000000000
2.1330108424 -3.4978422858 -1.7847476387 0.0000000000 0.0000000000 0.0000000000
2.1380316931 -3.4725552838 -1.7774782391 0.0000000000 0.0000000000 0.0000000000
2.1430525438 -3.4467549555 -1.7699074960 0.0000000000 0.0000000000 0.0000000000
2.1480733945 -3.4204440798 -1.7620337337 0.0000000000 0.0000000000 0.0000000000
2.1530942452 -3.3936254910 -1.7538552764 0.0000000000 0.0000000000 0.0000000000
2.1581150959 -3.3663020784 -1.7453704483 0.0000000000 0.0000000000 0.0000000000
2.1631359466 -3.3384767861 -1.7365775738 0.0000000000 0.0000000000 0.0000000000
2.1681567973 -3.3101526131 -1.7274749770 0.0000000000 0.0000000000 0.0000000000
2.1731776480 -3.2813326128 -1.7180609823 0.0000000000 0.0000000000 0.0000000000
2.1781984987 -3.2520198929 -1.7083339137 0.0000000000 0.0000000000 0.0000000000
2.1832193495 -3.2222176153 -1.6982920956 0.0000000000 0.0000000000 0.0000000000
2.1882402002 -3.1919289959 -1.6879338522 0.0000000000 0.0000000000 0.0000000000
2.1932610509 -3.1611573044 -1.6772575078 0.0000000000 0.0000000000 0.0000000000
2.1982819016 -3.1299058640 -1.6662613865 0.0000000000 0.0000000000 0.0000000000
2.2033027523 -3.0981780513 -1.6549438127 0.0000000000 0.0000000000 0.0000000000
2.2083236030 -3.0659772960 -1.6433031106 0.0000000000 0.0000000000 0.0000000000
2.2133444537 -3.0333070809 -1.6313376044 0.0000000000 0.0000000000 0.0000000000
2.2183653044 -3.0001709413 -1.6190456183 0.0000000000 0.0000000000 0.0000000000
2.2233861551 -2.9665724653 -1.6064254766 0.0000000000 0.0000000000 0.0000000000
2.2284070058 -2.9325152932 -1.5934755035 0.0000000000 0.0000000000 0.0000000000
2.2334278565 -2.8980031173 -1.5801940233 0.0000000000 0.0000000000 0.0000000000
2.2384487073 -2.8630396820 -1.5665793603 0.0000000000 0.0000000000 0.0000000000
2.2434695580 -2.8276287830 -1.5526298386 0.0000000000 0.0000000000 0.0000000000
2.2484904087 -2.7917742676 -1.5383437824 0.0000000000 0.0000000000 0.0000000000
2.2535112594 -2.7554800344 -1.5237195162 0.0000000000 0.0000000000 0.0000000000
2.2585321101 -2.7187500326 -1.5087553640 0.0000000000 0.0000000000 0.0000000000
2.2635529608 -2.6815882625 -1.4934496501 0.0000000000 0.0000000000 0.0000000000
2.2685738115 -2.6439987744 -1.4778006987 0.0000000000 0.0000000000 0.0000000000
2.2735946622 -2.6059856692 -1.4618068342 0.0000000000 0.0000000000 0.0000000000
2.2786155129 -2.5675530974 -1.4454663807 0.0000000000 0.0000000000 0.0000000000
2.2836363636 -2.5287052594 -1.4287776625 0.0000000000 0.0000000000 0.0000000000
2.2886572143 -2.4894464049 -1.4117390038 0.0000000000 0.0000000000 0.0000000000
2.2936780651 -2.4497808330 -1.3943487288 0.0000000000 0.0000000000 0.0000000000
2.2986989158 -2.4097128915 -1.3766051619 0.0000000000 0.0000000000 0.0000000000
2.3037197665 -2.3692469768 -1.3585066272 0.0000000000 0.0000000000 0.0000000000
2.3087406172 -2.3283875338 -1.3400514490 0.0000000000 0.0000000000 0.0000000000
2.3137614679 -2.2871390554 -1.3212379515 0.0000000000 0.0000000000 0.0000000000
2.3187823186 -2.2455060824 -1.3020644590 0.0000000000 0.0000000000 0.0000000000
2.3238031693 -2.2034932030 -1.2825292957 0.0000000000 0.0000000000 0.0000000000
2.3288240200 -2.1611050527 -1.2626307858 0.0000000000 0.0000000000 0.0000000000
2.3338448707 -2.1183463140 -1.2423672536 0.0000000000 0.0000000000 0.0000000000
2.3388657214 -2.0752217160 -1.2217370233 0.0000000000 0.0000000000 0.0000000000
2.3438865721 -2.0317360342 -1.2007384192 0.0000000000 0.0000000000 0.0000000000
2.3489074229 -1.9878940901 -1.1793697655 0.0000000000 0.0000000000 0.0000000000
2.3539282736 -1.9437007511 -1.1576293864 0.0000000000 0.0000000000 0.0000000000
2.3589491243 -1.8991609298 -1.1355156063 0.0000000000 0.0000000000 0.0000000000
2.3639699750 -1.8542795844 -1.1130267492 0.0000000000 0.0000000000 0.0000000000
2.3689908257 -1.8090617174 -1.0901611396 0.0000000000 0.0000000000 0.0000000000
2.3740116764 -1.7635123762 -1.0669171015 0.0000000000 0.0000000000 0.0000000000
2.3790325271 -1.7176366524 -1.0432929593 0.0000000000 0.0000000000 0.0000000000
2.3840533778 -1.6714396811 -1.0192870372 0.0000000000 0.0000000000 0.0000000000
2.3890742285 -1.6249266415 -0.9948976594 0.0000000000 0.0000000000 0.0000000000
2.3940950792 -1.5781027556 -0.9701231502 0.0000000000 0.0000000000 0.0000000000
2.3991159299 -1.5309732885 -0.9449618338 0.0000000000 0.0000000000 0.0000000000
2.4041367807 -1.4835435478 -0.9194120344 0.0000000000 0.0000000000 0.0000000000
2.4091576314 -1.4358188834 -0.8934720764 0.0000000000 0.0000000000 0.0000000000
2.4141784821 -1.3878046869 -0.8671402838 0.0000000000 0.0000000000 0.0000000000
2.4191993328 -1.3395063917 -0.8404149811 0.0000000000 0.0000000000 0.0000000000
2.4242201835 -1.2909294720 -0.8132944923 0.0000000000 0.0000000000 0.0000000000
2.4292410342 -1.2420794433 -0.7857771419 0.0000000000 0.0000000000 0.0000000000
2.4342618849 -1.1929618612 -0.7578612539 0.0000000000 0.0000000000 0.0000000000
2.4392827356 -1.1435823217 -0.7295451526 0.0000000000 0.0000000000 0.0000000000
2.4443035863 -1.0939464602 -0.7008271623 0.0000000000 0.0000000000 0.0000000000
2.4493244370 -1.0440599519 -0.6717056073 0.0000000000 0.0000000000 0.0000000000
2.4543452877 -0.9939285108 -0.6421788117 0.0000000000 0.0000000000 0.0000000000
2.4593661384 -0.9435578894 -0.6122450998 0.0000000000 0.0000000000 0.0000000000
2.4643869892 -0.8929538789 -0.5819027958 0.0000000000 0.0000000000 0.0000000000
2.4694078399 -0.8421223079 -0.5511502241 0.0000000000 0.0000000000 0.0000000000
2.4744286906 -0.7910690429 -0.5199857087 0.0000000000 0.0000000000 0.0000000000
2.4794495413 -0.7397999874 -0.4884075740 0.0000000000 0.0000000000 0.0000000000
2.4844703920 -0.6883210816 -0.4564141442 0.0000000000 0.0000000000 0.0000000000
2.4894912427 -0.6366383020 -0.4240037435 0.0000000000 0.0000000000 0.0000000000
2.4945120934 -0.5847576611 -0.3911746963 0.0000000000 0.0000000000 0.0000000000
2.4995329441 -0.5326852070 -0.3579253266 0.0000000000 0.0000000000 0.0000000000
2.5045537948 -0.4804270229 -0.3242539588 0.0000000000 0.0000000000 0.0000000000
2.5095746455 -0.4279892268 -0.2901589171 0.0000000000 0.0000000000 0.0000000000
2.5145954962 -0.3753779709 -0.2556385258 0.0000000000 0.0000000000 0.0000000000
2.5196163470 -0.3225994415 -0.2206911091 0.0000000000 0.0000000000 0.0000000000
2.5246371977 -0.2696598582 -0.1853149911 0.0000000000 0.0000000000 0.0000000000
2.5296580484 -0.2165654738 -0.1495084963 0.0000000000 0.0000000000 0.0000000000
2.5346788991 -0.1633225738 -0.1132699487 0.0000000000 0.0000000000 0.0000000000
2.5396997498 -0.1099374759 -0.0765976727 0.0000000000 0.0000000000 0.0000000000
2.5447206005 -0.0564165295 -0.0394899925 0.0000000000 0.0000000000 0.0000000000
2.5497414512 -0.0027661155 -0.0019452323 0.0000000000 0.0000000000 0.0000000000
2.5547623019 0.0510073542 0.0360368011 0.0000000000 0.0000000000 0.0000000000
2.5597831526 0.1048974374 0.0744493784 0.0000000000 0.0000000000 0.0000000000
2.5648040033 0.1588976617 0.1132837517 0.0000000000 0.0000000000 0.0000000000
2.5698248540 0.2130015252 0.1525311726 0.0000000000 0.0000000000 0.0000000000
2.5748457048 0.2672024966 0.1921828927 0.0000000000 0.0000000000 0.0000000000
2.5798665555 0.3214940162 0.2322301639 0.0000000000 0.0000000000 0.0000000000
2.5848874062 0.3758694959 0.2726642377 0.0000000000 0.0000000000 0.0000000000
2.5899082569 0.4303223198 0.3134763660 0.0000000000 0.0000000000 0.0000000000
2.5949291076 0.4848458446 0.3546578003 0.0000000000 0.0000000000 0.0000000000
2.5999499583 0.5394334003 0.3961997923 0.0000000000 0.0000000000 0.0000000000
2.6049708090 0.5940782904 0.4380935939 0.0000000000 0.0000000000 0.0000000000
2.6099916597 0.6487737925 0.4803304565 0.0000000000 0.0000000000 0.0000000000
2.6150125104 0.7035131588 0.5229016321 0.0000000000 0.0000000000 0.0000000000
2.6200333611 0.7582896164 0.5657983722 0.0000000000 0.0000000000 0.0000000000
2.6250542118 0.8130963681 0.6090119285 0.0000000000 0.0000000000 0.0000000000
2.6300750626 0.8679265926 0.6525335528 0.0000000000 0.0000000000 0.0000000000
2.6350959133 0.9227734450 0.6963544966 0.0000000000 0.0000000000 0.0000000000
2.6401167640 0.9776300576 0.7404660119 0.0000000000 0.0000000000 0.0000000000
2.6451376147 1.0324895400 0.7848593501 0.0000000000 0.0000000000 0.0000000000
2.6501584654 1.0873449799 0.8295257630 0.0000000000 0.0000000000 0.0000000000
2.6551793161 1.1421894433 0.8744565024 0.0000000000 0.0000000000 0.0000000000
2.6602001668 1.1970159755 0.9196428199 0.0000000000 0.0000000000 0.0000000000
2.6652210175 1.2518176011 0.9650759671 0.0000000000 0.0000000000 0.0000000000
2.6702418682 1.3065873246 1.0107471959 0.0000000000 0.0000000000 0.0000000000
2.6752627189 1.3613181312 1.0566477578 0.0000000000 0.0000000000 0.0000000000
2.6802835696 1.4160029872 1.1027689046 0.0000000000 0.0000000000 0.0000000000
2.6853044204 1.4706348403 1.1491018880 0.0000000000 0.0000000000 0.0000000000
2.6903252711 1.5252066204 1.1956379597 0.0000000000 0.0000000000 0.0000000000
2.6953461218 1.5797112401 1.2423683713 0.0000000000 0.0000000000 0.0000000000
2.7003669725 1.6341415948 1.2892843746 0.0000000000 0.0000000000 0.0000000000
2.7053878232 1.6884905642 1.3363772212 0.0000000000 0.0000000000 0.0000000000
2.7104086739 1.7427510116 1.3836381629 0.0000000000 0.0000000000 0.0000000000
2.7154295246 1.7969157856 1.4310584514 0.0000000000 0.0000000000 0.0000000000
2.7204503753 1.8509777198 1.4786293382 0.0000000000 0.0000000000 0.0000000000
2.7254712260 1.9049296338 1.5263420752 0.0000000000 0.0000000000 0.0000000000
2.7304920767 1.9587643336 1.5741879140 0.0000000000 0.0000000000 0.0000000000
2.7355129274 2.0124746121 1.6221581064 0.0000000000 0.0000000000 0.0000000000
2.7405337781 2.0660532501 1.6702439039 0.0000000000 0.0000000000 0.0000000000
2.7455546289 2.1194930160 1.7184365584 0.0000000000 0.0000000000 0.0000000000
2.7505754796 2.1727866672 1.7667273215 0.0000000000 0.0000000000 0.0000000000
2.7555963303 2.2259269503 1.8151074449 0.0000000000 0.0000000000 0.0000000000
2.7606171810 2.2789066016 1.8635681802 0.0000000000 0.0000000000 0.0000000000
2.7656380317 2.3317183480 1.9121007793 0.0000000000 0.0000000000 0.0000000000
2.7706588824 2.3843549072 1.9606964937 0.0000000000 0.0000000000 0.0000000000
2.7756797331 2.4368089884 2.0093465752 0.0000000000 0.0000000000 0.0000000000
2.7807005838 2.4890732932 2.0580422755 0.0000000000 0.0000000000 0.0000000000
2.7857214345 2.5411405158 2.1067748462 0.0000000000 0.0000000000 0.0000000000
2.7907422852 2.5930033436 2.1555355391 0.0000000000 0.0000000000 0.0000000000
2.7957631359 2.6446544582 2.2043156059 0.0000000000 0.0000000000 0.0000000000
2.8007839867 2.6960865353 2.2531062982 0.0000000000 0.0000000000 0.0000000000
2.8058048374 2.7472922463 2.3018988678 0.0000000000 0.0000000000 0.0000000000
2.8108256881 2.7982642578 2.3506845662 0.0000000000 0.0000000000 0.0000000000
2.8158465388 2.8489952331 2.3994546454 0.0000000000 0.0000000000 0.0000000000
2.8208673895 2.8994778322 2.4482003568 0.0000000000 0.0000000000 0.0000000000
2.8258882402 2.9497047130 2.4969129523 0.0000000000 0.0000000000 0.0000000000
2.8309090909 2.9996685312 2.5455836835 0.0000000000 0.0000000000 0.0000000000
2.8359299416 3.0493619416 2.5942038021 0.0000000000 0.0000000000 0.0000000000
2.8409507923 3.0987775983 2.6427645598 0.0000000000 0.0000000000 0.0000000000
2.8459716430 3.1479081556 2.6912572083 0.0000000000 0.0000000000 0.0000000000
2.8509924937 3.1967462685 2.7396729993 0.0000000000 0.0000000000 0.0000000000
2.8560133445 3.2452845931 2.7880031845 0.0000000000 0.0000000000 0.0000000000
2.8610341952 3.2935157878 2.8362390155 0.0000000000 0.0000000000 0.0000000000
2.8660550459 3.3414325135 2.8843717442 0.0000000000 0.0000000000 0.0000000000
2.8710758966 3.3890274343 2.9323926221 0.0000000000 0.0000000000 0.0000000000
2.8760967473 3.4362932184 2.9802929010 0.0000000000 0.0000000000 0.0000000000
2.8811175980 3.4832225384 3.0280638325 0.0000000000 0.0000000000 0.0000000000
2.8861384487 3.5298080723 3.0756966684 0.0000000000 0.0000000000 0.0000000000
2.8911592994 3.5760425038 3.1231826604 0.0000000000 0.0000000000 0.0000000000
2.8961801501 3.6219185233 3.1705130601 0.0000000000 0.0000000000 0.0000000000
2.9012010008 3.6674288284 3.2176791192 0.0000000000 0.0000000000 0.0000000000
2.9062218515 3.7125661247 3.2646720895 0.0000000000 0.0000000000 0.0000000000
2.9112427023 3.7573231261 3.3114832226 0.0000000000 0.0000000000 0.0000000000
2.9162635530 3.8016925560 3.3581037702 0.0000000000 0.0000000000 0.0000000000
2.9212844037 3.8456671477 3.4045249840 0.0000000000 0.0000000000 0.0000000000
2.9263052544 3.8892396449 3.4507381158 0.0000000000 0.0000000000 0.0000000000
2.9313261051 3.9324028029 3.4967344171 0.0000000000 0.0000000000 0.0000000000
2.9363469558 3.9751493888 3.5425051398 0.0000000000 0.0000000000 0.0000000000
2.9413678065 4.0174721824 3.5880415354 0.0000000000 0.0000000000 0.0000000000
2.9463886572 4.0593639769 3.6333348558 0.0000000000 0.0000000000 0.0000000000
2.9514095079 4.1008175796 3.6783763525 0.0000000000 0.0000000000 0.0000000000
2.9564303586 4.1418258126 3.7231572773 0.0000000000 0.0000000000 0.0000000000
2.9614512093 4.1823815134 3.7676688819 0.0000000000 0.0000000000 0.0000000000
2.9664720601 4.2224775359 3.8119024179 0.0000000000 0.0000000000 0.0000000000
2.9714929108 4.2621067506 3.8558491371 0.0000000000 0.0000000000 0.0000000000
2.9765137615 4.3012620458 3.8995002912 0.0000000000 0.0000000000 0.0000000000
2.9815346122 4.3399363284 3.9428471318 0.0000000000 0.0000000000 0.0000000000
2.9865554629 4.3781225239 3.9858809106 0.0000000000 0.0000000000 0.0000000000
2.9915763136 4.4158135780 4.0285928794 0.0000000000 0.0000000000 0.0000000000
2.9965971643 4.4530024566 4.0709742899 0.0000000000 0.0000000000 0.0000000000
3.0016180150 4.4896821473 4.1130163936 0.0000000000 0.0000000000 0.0000000000
3.0066388657 4.5258456593 4.1547104424 0.0000000000 0.0000000000 0.0000000000
3.0116597164 4.5614860247 4.1960476879 0.0000000000 0.0000000000 0.0000000000
3.0166805671 4.5965962992 4.2370193818 0.0000000000 0.0000000000 0.0000000000
3.0217014178 4.6311695625 4.2776167759 0.0000000000 0.0000000000 0.0000000000
3.0267222686 4.6651989195 4.3178311217 0.0000000000 0.0000000000 0.0000000000
3.0317431193 4.6986775008 4.3576536710 0.0000000000 0.0000000000 0.0000000000
3.0367639700 4.7315984633 4.3970756755 0.0000000000 0.0000000000 0.0000000000
3.0417848207 4.7639549915 4.4360883869 0.0000000000 0.0000000000 0.0000000000
3.0468056714 4.7957402977 4.4746830569 0.0000000000 0.0000000000 0.0000000000
3.0518265221 4.8269476230 4.5128509372 0.0000000000 0.0000000000 0.0000000000
3.0568473728 4.8575702381 4.5505832794 0.0000000000 0.0000000000 0.0000000000
3.0618682235 4.8876014441 4.5878713353 0.0000000000 0.0000000000 0.0000000000
3.0668890742 4.9170345732 4.6247063565 0.0000000000 0.0000000000 0.0000000000
3.0719099249 4.9458629893 4.6610795948 0.0000000000 0.0000000000 0.0000000000
3.0769307756 4.9740800892 4.6969823018 0.0000000000 0.0000000000 0.0000000000
3.0819516264 5.0016793031 4.7324057293 0.0000000000 0.0000000000 0.0000000000
3.0869724771 5.0286540955 4.7673411289 0.0000000000 0.0000000000 0.0000000000
3.0919933278 5.0549979659 4.8017797524 0.0000000000 0.0000000000 0.0000000000
3.0970141785 5.0807044496 4.8357128514 0.0000000000 0.0000000000 0.0000000000
3.1020350292 5.1057671186 4.8691316776 0.0000000000 0.0000000000 0.0000000000
3.1070558799 5.1301795824 4.9020274827 0.0000000000 0.0000000000 0.0000000000
3.1120767306 5.1539354887 4.9343915184 0.0000000000 0.0000000000 0.0000000000
3.1170975813 5.1770285243 4.9662150364 0.0000000000 0.0000000000 0.0000000000
3.1221184320 5.1994524159 4.9974892884 0.0000000000 0.0000000000 0.0000000000
3.1271392827 5.2212009308 5.0282055261 0.0000000000 0.0000000000 0.0000000000
3.1321601334 5.2422678781 5.0583550012 0.0000000000 0.0000000000 0.0000000000
3.1371809842 5.2626471089 5.0879289654 0.0000000000 0.0000000000 0.0000000000
3.1422018349 5.2823325177 5.1169186703 0.0000000000 0.0000000000 0.0000000000
3.1472226856 5.3013180429 5.1453153677 0.0000000000 0.0000000000 0.0000000000
3.1522435363 5.3195976678 5.1731103093 0.0000000000 0.0000000000 0.0000000000
3.1572643870 5.3371654215 5.2002947468 0.0000000000 0.0000000000 0.0000000000
3.1622852377 5.3540153794 5.2268599318 0.0000000000 0.0000000000 0.0000000000
3.1673060884 5.3701416643 5.2527971160 0.0000000000 0.0000000000 0.0000000000
3.1723269391 5.3855384473 5.2780975512 0.0000000000 0.0000000000 0.0000000000
3.1773477898 5.4001999486 5.3027524890 0.0000000000 0.0000000000 0.0000000000
3.1823686405 5.4141204382 5.3267531812 0.0000000000 0.0000000000 0.0000000000
3.1873894912 5.4272942370 5.3500908794 0.0000000000 0.0000000000 0.0000000000
3.1924103420 5.4397157174 5.3727568353 0.0000000000 0.0000000000 0.0000000000
3.1974311927 5.4513793044 5.3947423006 0.0000000000 0.0000000000 0.0000000000
3.2024520434 5.4622794764 5.4160385270 0.0000000000 0.0000000000 0.0000000000
3.2074728941 5.4724107659 5.4366367662 0.0000000000 0.0000000000 0.0000000000
3.2124937448 5.4817677606 5.4565282700 0.0000000000 0.0000000000 0.0000000000
3.2175145955 5.4903451044 5.4757042899 0.0000000000 0.0000000000 0.0000000000
3.2225354462 5.4981374976 5.4941560777 0.0000000000 0.0000000000 0.0000000000
3.2275562969 5.5051396987 5.5118748851 0.0000000000 0.0000000000 0.0000000000
3.2325771476 5.5113465246 5.5288519637 0.0000000000 0.0000000000 0.0000000000
3.2375979983 5.5167528518 5.5450785654 0.0000000000 0.0000000000 0.0000000000
3.2426188490 5.5213536174 5.5605459417 0.0000000000 0.0000000000 0.0000000000
3.2476396997 5.5251438196 5.5752453443 0.0000000000 0.0000000000 0.0000000000
3.2526605505 5.5281185189 5.5891680251 0.0000000000 0.0000000000 0.0000000000
3.2576814012 5.5302728389 5.6023052355 0.0000000000 0.0000000000 0.0000000000
3.2627022519 5.5316019675 5.6146482274 0.0000000000 0.0000000000 0.0000000000
3.2677231026 5.5321011572 5.6261882525 0.0000000000 0.0000000000 0.0000000000
3.2727439533 5.5317657265 5.6369165624 0.0000000000 0.0000000000 0.0000000000
3.2777648040 5.5305910608 5.6468244088 0.0000000000 0.0000000000 0.0000000000
3.2827856547 5.5285726131 5.6559030434 0.0000000000 0.0000000000 0.0000000000
3.2878065054 5.5257059051 5.6641437179 0.0000000000 0.0000000000 0.0000000000
3.2928273561 5.5219865281 5.6715376841 0.0000000000 0.0000000000 0.0000000000
3.2978482068 5.5174101436 5.6780761936 0.0000000000 0.0000000000 0.0000000000
3.3028690575 5.5119724850 5.6837504980 0.0000000000 0.0000000000 0.0000000000
3.3078899083 5.5056693576 5.6885518492 0.0000000000 0.0000000000 0.0000000000
3.3129107590 5.4984966405 5.6924714987 0.0000000000 0.0000000000 0.0000000000
3.3179316097 5.4904502866 5.6955006983 0.0000000000 0.0000000000 0.0000000000
3.3229524604 5.4815263242 5.6976306997 0.0000000000 0.0000000000 0.0000000000
3.3279733111 5.4717208578 5.6988527546 0.0000000000 0.0000000000 0.0000000000
3.3329941618 5.4610300689 5.6991581147 0.0000000000 0.0000000000 0.0000000000
3.3380150125 5.4494502172 5.6985380316 0.0000000000 0.0000000000 0.0000000000
3.3430358632 5.4369776413 5.6969837570 0.0000000000 0.0000000000 0.0000000000
3.3480567139 5.4236087598 5.6944865427 0.0000000000 0.0000000000 0.0000000000
3.3530775646 5.4093400725 5.6910376404 0.0000000000 0.0000000000 0.0000000000
3.3580984153 5.3941681607 5.6866283017 0.0000000000 0.0000000000 0.0000000000
3.3631192661 5.3780896890 5.6812497783 0.0000000000 0.0000000000 0.0000000000
3.3681401168 5.3611014056 5.6748933220 0.0000000000 0.0000000000 0.0000000000
3.3731609675 5.3432001439 5.6675501843 0.0000000000 0.0000000000 0.0000000000
3.3781818182 5.3243828228 5.6592116171 0.0000000000 0.0000000000 0.0000000000
3.3832026689 5.3046464483 5.6498688720 0.0000000000 0.0000000000 0.0000000000
3.3882235196 5.2839881141 5.6395132008 0.0000000000 0.0000000000 0.0000000000
3.3932443703 5.2624050027 5.6281358550 0.0000000000 0.0000000000 0.0000000000
3.3982652210 5.2398943865 5.6157280864 0.0000000000 0.0000000000 0.0000000000
3.4032860717 5.2164536289 5.6022811467 0.0000000000 0.0000000000 0.0000000000
3.4083069224 5.1920801847 5.5877862876 0.0000000000 0.0000000000 0.0000000000
3.4133277731 5.1667716020 5.5722347607 0.0000000000 0.0000000000 0.0000000000
3.4183486239 5.1405255224 5.5556178178 0.0000000000 0.0000000000 0.0000000000
3.4233694746 5.1133396826 5.5379267106 0.0000000000 0.0000000000 0.0000000000
3.4283903253 5.0852119151 5.5191526908 0.0000000000 0.0000000000 0.0000000000
3.4334111760 5.0561401493 5.4992870100 0.0000000000 0.0000000000 0.0000000000
3.4384320267 5.0261224125 5.4783209200 0.0000000000 0.0000000000 0.0000000000
3.4434528774 4.9951568311 5.4562456724 0.0000000000 0.0000000000 0.0000000000
3.4484737281 4.9632416314 5.4330525190 0.0000000000 0.0000000000 0.0000000000
3.4534945788 4.9303751408 5.4087327114 0.0000000000 0.0000000000 0.0000000000
3.4585154295 4.8965557885 5.3832775013 0.0000000000 0.0000000000 0.0000000000
3.4635362802 4.8617821072 5.3566781404 0.0000000000 0.0000000000 0.0000000000
3.4685571309 4.8260527335 5.3289258805 0.0000000000 0.0000000000 0.0000000000
3.4735779817 4.7893664094 5.3000119732 0.0000000000 0.0000000000 0.0000000000
3.4785988324 4.7517219828 5.2699276702 0.0000000000 0.0000000000 0.0000000000
3.4836196831 4.7131184094 5.2386642231 0.0000000000 0.0000000000 0.0000000000
3.4886405338 4.6735547529 5.2062128838 0.0000000000 0.0000000000 0.0000000000
3.4936613845 4.6330301866 5.1725649039 0.0000000000 0.0000000000 0.0000000000
3.4986822352 4.5915439942 5.1377115351 0.0000000000 0.0000000000 0.0000000000
3.5037030859 4.5490955710 5.1016440290 0.0000000000 0.0000000000 0.0000000000
3.5087239366 4.5056844250 5.0643536374 0.0000000000 0.0000000000 0.0000000000
3.5137447873 4.4613101779 5.0258316120 0.0000000000 0.0000000000 0.0000000000
3.5187656380 4.4159725661 4.9860692044 0.0000000000 0.0000000000 0.0000000000
3.5237864887 4.3696714420 4.9450576664 0.0000000000 0.0000000000 0.0000000000
3.5288073394 4.3224067748 4.9027882497 0.0000000000 0.0000000000 0.0000000000
3.5338281902 4.2741786520 4.8592522059 0.0000000000 0.0000000000 0.0000000000
3.5388490409 4.2249872800 4.8144407867 0.0000000000 0.0000000000 0.0000000000
3.5438698916 4.1748329855 4.7683452439 0.0000000000 0.0000000000 0.0000000000
3.5488907423 4.1237162166 4.7209568291 0.0000000000 0.0000000000 0.0000000000
3.5539115930 4.0716375439 4.6722667940 0.0000000000 0.0000000000 0.0000000000
3.5589324437 4.0185976613 4.6222663904 0.0000000000 0.0000000000 0.0000000000
3.5639532944 3.9645973875 4.5709468699 0.0000000000 0.0000000000 0.0000000000
3.5689741451 3.9096376670 4.5182994841 0.0000000000 0.0000000000 0.0000000000
3.5739949958 3.8537195712 4.4643154849 0.0000000000 0.0000000000 0.0000000000
3.5790158465 3.7968442993 4.4089861239 0.0000000000 0.0000000000 0.0000000000
3.5840366972 3.7390131800 4.3523026528 0.0000000000 0.0000000000 0.0000000000
3.5890575480 3.6802276717 4.2942563232 0.0000000000 0.0000000000 0.0000000000
3.5940783987 3.6204893647 4.2348383869 0.0000000000 0.0000000000 0.0000000000
3.5990992494 3.5597999816 4.1740400956 0.0000000000 0.0000000000 0.0000000000
3.6041201001 3.4981613785 4.1118527010 0.0000000000 0.0000000000 0.0000000000
3.6091409508 3.4355755465 4.0482674548 0.0000000000 0.0000000000 0.0000000000
3.6141618015 3.3720446126 3.9832756086 0.0000000000 0.0000000000 0.0000000000
3.6191826522 3.3075708407 3.9168684141 0.0000000000 0.0000000000 0.0000000000
3.6242035029 3.2421566331 3.8490371231 0.0000000000 0.0000000000 0.0000000000
3.6292243536 3.1758045314 3.7797729873 0.0000000000 0.0000000000 0.0000000000
3.6342452043 3.1085172178 3.7090672583 0.0000000000 0.0000000000 0.0000000000
3.6392660550 3.0402975160 3.6369111878 0.0000000000 0.0000000000 0.0000000000
3.6442869058 2.9711483927 3.5632960275 0.0000000000 0.0000000000 0.0000000000
3.6493077565 2.9010729587 3.4882130292 0.0000000000 0.0000000000 0.0000000000
3.6543286072 2.8300744697 3.4116534445 0.0000000000 0.0000000000 0.0000000000
3.6593494579 2.7581563281 3.3336085250 0.0000000000 0.0000000000 0.0000000000
3.6643703086 2.6853220836 3.2540695226 0.0000000000 0.0000000000 0.0000000000
3.6693911593 2.6115754346 3.1730276889 0.0000000000 0.0000000000 0.0000000000
3.6744120100 2.5369202296 3.0904742756 0.0000000000 0.0000000000 0.0000000000
3.6794328607 2.4613604679 3.0064005344 0.0000000000 0.0000000000 0.0000000000
3.6844537114 2.3849003014 2.9207977169 0.0000000000 0.0000000000 0.0000000000
3.6894745621 2.3075440352 2.8336570749 0.0000000000 0.0000000000 0.0000000000
3.6944954128 2.2292961291 2.7449698601 0.0000000000 0.0000000000 0.0000000000
3.6995162636 2.1501611988 2.6547273242 0.0000000000 0.0000000000 0.0000000000
3.7045371143 2.0701440171 2.5629207188 0.0000000000 0.0000000000 0.0000000000
3.7095579650 1.9892495150 2.4695412957 0.0000000000 0.0000000000 0.0000000000
3.7145788157 1.9074827830 2.3745803065 0.0000000000 0.0000000000 0.0000000000
3.7195996664 1.8248490724 2.2780290030 0.0000000000 0.0000000000 0.0000000000
3.7246205171 1.7413537961 2.1798786368 0.0000000000 0.0000000000 0.0000000000
3.7296413678 1.6570025305 2.0801204597 0.0000000000 0.0000000000 0.0000000000
3.7346622185 1.5718010160 1.9787457232 0.0000000000 0.0000000000 0.0000000000
3.7396830692 1.4857551588 1.8757456792 0.0000000000 0.0000000000 0.0000000000
3.7447039199 1.3988710319 1.7711115793 0.0000000000 0.0000000000 0.0000000000
3.7497247706 1.3111548762 1.6648346752 0.0000000000 0.0000000000 0.0000000000
3.7547456214 1.2226131019 1.5569062187 0.0000000000 0.0000000000 0.0000000000
3.7597664721 1.1332522899 1.4473174613 0.0000000000 0.0000000000 0.0000000000
3.7647873228 1.0430791925 1.3360596548 0.0000000000 0.0000000000 0.0000000000
3.7698081735 0.9521007354 1.2231240509 0.0000000000 0.0000000000 0.0000000000
3.7748290242 0.8603240182 1.1085019013 0.0000000000 0.0000000000 0.0000000000
3.7798498749 0.7677563163 0.9921844576 0.0000000000 0.0000000000 0.0000000000
3.7848707256 0.6744050816 0.8741629717 0.0000000000 0.0000000000 0.0000000000
3.7898915763 0.5802779441 0.7544286951 0.0000000000 0.0000000000 0.0000000000
3.7949124270 0.4853827132 0.6329728795 0.0000000000 0.0000000000 0.0000000000
3.7999332777 0.3897273786 0.5097867768 0.0000000000 0.0000000000 0.0000000000
3.8049541284 0.2933201122 0.3848616384 0.0000000000 0.0000000000 0.0000000000
3.8099749791 0.1961692686 0.2581887163 0.0000000000 0.0000000000 0.0000000000
3.8149958299 0.0982833869 0.1297592619 0.0000000000 0.0000000000 0.0000000000
3.8200166806 -0.0003288080 -0.0004354729 0.0000133445 0.0000000001 0.0000006593
3.8250375313 -0.0996584045 -0.1323958321 0.0040300250 0.0000050143 0.0002027732
3.8300583820 -0.1996963027 -0.2660888757 0.0080467056 0.0000202367 0.0004124001
3.8350792327 -0.3004332132 -0.4014734250 0.0120633862 0.0000460344 0.0006298191
3.8401000834 -0.4018596558 -0.5385083015 0.0160800667 0.0000827750 0.0008553201
3.8451209341 -0.5039659581 -0.6771523265 0.0200967473 0.0001308257 0.0010892033
3.8501417848 -0.6067422545 -0.8173643216 0.0241134279 0.0001905539 0.0013317803
3.8551626355 -0.7101784846 -0.9591031081 0.0281301084 0.0002623270 0.0015833744
3.8601834862 -0.8142643920 -1.1023275075 0.0321467890 0.0003465124 0.0018443207
3.8652043369 -0.9189895230 -1.2469963412 0.0361634696 0.0004434773 0.0021149668
3.8702251877 -1.0243432253 -1.3930684305 0.0401801501 0.0005535893 0.0023956733
3.8752460384 -1.1303146466 -1.5405025971 0.0441968307 0.0006772155 0.0026868142
3.8802668891 -1.2368927334 -1.6892576621 0.0482135113 0.0008147235 0.0029887773
3.8852877398 -1.3440662295 -1.8392924472 0.0522301918 0.0009664805 0.0033019649
3.8903085905 -1.4518236750 -1.9905657736 0.0562468724 0.0011328539 0.0036267943
3.8953294412 -1.5601534046 -2.1430364629 0.0602635530 0.0013142111 0.0039636981
3.9003502919 -1.6690435465 -2.2966633364 0.0642802335 0.0015109195 0.0043131252
3.9053711426 -1.7784820208 -2.4514052156 0.0682969141 0.0017233464 0.0046755412
3.9103919933 -1.8884565387 -2.6072209219 0.0723135947 0.0019518591 0.0050514289
3.9154128440 -1.9989546005 -2.7640692767 0.0763302752 0.0021968251 0.0054412889
3.9204336947 -2.1099634947 -2.9219091014 0.0803469558 0.0024586117 0.0058456407
3.9254545455 -2.2214702964 -3.0806992175 0.0843636364 0.0027375862 0.0062650231
3.9304753962 -2.3334618663 -3.2403984464 0.0883803169 0.0030341161 0.0066999946
3.9354962469 -2.4459248488 -3.4009656095 0.0923969975 0.0033485686 0.0071511347
3.9405170976 -2.5588456711 -3.5623595282 0.0964136781 0.0036813112 0.0076190446
3.9455379483 -2.6722105418 -3.7245390240 0.1004303586 0.0040327112 0.0081043475
3.9505587990 -2.7860054490 -3.8874629182 0.1044470392 0.0044031360 0.0086076900
3.9555796497 -2.9002161599 -4.0510900324 0.1084637198 0.0047929529 0.0091297426
3.9606005004 -3.0148282183 -4.2153791878 0.1124804003 0.0052025293 0.0096712008
3.9656213511 -3.1298269442 -4.3802892061 0.1164970809 0.0056322326 0.0102327860
3.9706422018 -3.2451974319 -4.5457789085 0.1205137615 0.0060824302 0.0108152463
3.9756630525 -3.3609245487 -4.7118071164 0.1245304420 0.0065534893 0.0114193578
3.9806839033 -3.4769929335 -4.8783326514 0.1285471226 0.0070457773 0.0120459251
3.9857047540 -3.5933869954 -5.0453143349 0.1325638032 0.0075596617 0.0126957830
3.9907256047 -3.7100909126 -5.2127109882 0.1365804837 0.0080955097 0.0133697973
3.9957464554 -3.8270886305 -5.3804814328 0.1405971643 0.0086536888 0.0140688660
4.0007673061 -3.9443638608 -5.5485844901 0.1446138449 0.0092345663 0.0147939202
4.0057881568 -4.0619000795 -5.7169789815 0.1486305254 0.0098385096 0.0155459260
4.0108090075 -4.1796805263 -5.8856237285 0.1526472060 0.0104658860 0.0163258852
4.0158298582 -4.2976882024 -6.0544775524 0.1566638866 0.0111170629 0.0171348369
4.0208507089 -4.4159058695 -6.2234992748 0.1606805671 0.0117924076 0.0179738588
4.0258715596 -4.5343160484 -6.3926477169 0.1646972477 0.0124922876 0.0188440686
4.0308924103 -4.6529010174 -6.5618817004 0.1687139283 0.0132170702 0.0197466256
4.0359132611 -4.7716428111 -6.7311600464 0.1727306088 0.0139671226 0.0206827323
4.0409341118 -4.8905232185 -6.9004415766 0.1767472894 0.0147428124 0.0216536358
4.0459549625 -5.0095237824 -7.0696851123 0.1807639700 0.0155445069 0.0226606295
4.0509758132 -5.1286257971 -7.2388494750 0.1847806505 0.0163725734 0.0237050549
4.0559966639 -5.2478103075 -7.4078934860 0.1887973311 0.0172273793 0.0247883035
4.0610175146 -5.3670581073 -7.5767759667 0.1928140117 0.0181092920 0.0259118183
4.0660383653 -5.4863497381 -7.7454557387 0.1968306922 0.0190186788 0.0270770962
4.0710592160 -5.6056654873 -7.9138916233 0.2008473728 0.0199559070 0.0282856896
4.0760800667 -5.7249853871 -8.0820424420 0.2048640534 0.0209213441 0.0295392085
4.0811009174 -5.8442892128 -8.2498670161 0.2088807339 0.0219153575 0.0308393230
4.0861217681 -5.9635564816 -8.4173241672 0.2128974145 0.0229383144 0.0321877650
4.0911426188 -6.0827664508 -8.5843727165 0.2169140951 0.0239905822 0.0335863311
4.0961634696 -6.2018981167 -8.7509714857 0.2209307756 0.0250725283 0.0350368843
4.1011843203 -6.3209302129 -8.9170792959 0.2249474562 0.0261845201 0.0365413572
4.1062051710 -6.4398412087 -9.0826549688 0.2289641368 0.0273269250 0.0381017540
4.1112260217 -6.5586093081 -9.2476573257 0.2329808173 0.0285001102 0.0397201535
4.1162468724 -6.6772124478 -9.4120451880 0.2369974979 0.0297044431 0.0413987119
4.1212677231 -6.7956282962 -9.5757773772 0.2410141785 0.0309402912 0.0431396652
4.1262885738 -6.9138342513 -9.7388127146 0.2450308590 0.0322080218 0.0449453329
4.1313094245 -7.0318074399 -9.9011100218 0.2490475396 0.0335080022 0.0468181205
4.1363302752 -7.1495247157 -10.0626281201 0.2530642202 0.0348405998 0.0487605229
4.1413511259 -7.2669626579 -10.2233258309 0.2570809008 0.0362061819 0.0507751279
4.1463719766 -7.3840975695 -10.3831619758 0.2610975813 0.0376051160 0.0528646193
4.1513928274 -7.5009054764 -10.5420953760 0.2651142619 0.0390377694 0.0550317809
4.1564136781 -7.6173621252 -10.7000848530 0.2691309425 0.0405045095 0.0572794997
4.1614345288 -7.7334429820 -10.8570892283 0.2731476230 0.0420057035 0.0596107702
4.1664553795 -7.8491232310 -11.0130673233 0.2771643036 0.0435417189 0.0620286983
4.1714762302 -7.9643777728 -11.1679779593 0.2811809842 0.0451129231 0.0645365050
4.1764970809 -8.0791812228 -11.3217799579 0.2851976647 0.0467196834 0.0671375313
4.1815179316 -8.1935079102 -11.4744321404 0.2892143453 0.0483623672 0.0698352425
4.1865387823 -8.3073318757 -11.6258933282 0.2932310259 0.0500413417 0.0726332324
4.1915596330 -8.4206268706 -11.7761223429 0.2972477064 0.0517569745 0.0755352285
4.1965804837 -8.5333663549 -11.9250780057 0.3012643870 0.0535096329 0.0785450970
4.2016013344 -8.6455234961 -12.0727191382 0.3052810676 0.0552996841 0.0816668477
4.2066221852 -8.7570711673 -12.2190045617 0.3092977481 0.0571274957 0.0849046395
4.2116430359 -8.8679819460 -12.3638930977 0.3133144287 0.0589934349 0.0882627857
4.2166638866 -8.9782281121 -12.5073435676 0.3173311093 0.0608978691 0.0917457602
4.2216847373 -9.0877816469 -12.6493147928 0.3213477898 0.0628411656 0.0953582031
4.2267055880 -9.1966142313 -12.7897655947 0.3253644704 0.0648236919 0.0991049269
4.2317264387 -9.3046972440 -12.9286547949 0.3293811510 0.0668458153 0.1029909231
4.2367472894 -9.4120017603 -13.0659412146 0.3333978315 0.0689079032 0.1070213688
4.2417681401 -9.5184985505 -13.2015836753 0.3374145121 0.0710103229 0.1112016332
4.2467889908 -9.6241580782 -13.3355409985 0.3414311927 0.0731534418 0.1155372856
4.2518098415 -9.7289504988 -13.4677720055 0.3454478732 0.0753376272 0.1200341019
4.2568306922 -9.8328456577 -13.5982355178 0.3494645538 0.0775632465 0.1246980728
4.2618515430 -9.9358130893 -13.7268903568 0.3534812344 0.0798306671 0.1295354119
4.2668723937 -10.0378220148 -13.8536953439 0.3574979149 0.0821402564 0.1345525635
4.2718932444 -10.1388413409 -13.9786093006 0.3615145955 0.0844923816 0.1397562116
4.2769140951 -10.2388396584 -14.1015910483 0.3655312761 0.0868874103 0.1451532885
4.2819349458 -10.3377852401 -14.2225994083 0.3695479566 0.0893257096 0.1507509844
4.2869557965 -10.4356460398 -14.3415932022 0.3735646372 0.0918076470 0.1565567567
4.2919766472 -10.5323896902 -14.4585312513 0.3775813178 0.0943335899 0.1625783398
4.2969974979 -10.6279835016 -14.5733723771 0.3815979983 0.0969039056 0.1688237560
4.3020183486 -10.7223944604 -14.6860754009 0.3856146789 0.0995189615 0.1753013253
4.3070391993 -10.8155892270 -14.7965991443 0.3896313595 0.1021791249 0.1820196775
4.3120600500 -10.9075341349 -14.9049024286 0.3936480400 0.1048847633 0.1889877628
4.3170809008 -10.9981951882 -15.0109440753 0.3976647206 0.1076362439 0.1962148643
4.3221017515 -11.0875380610 -15.1146829058 0.4016814012 0.1104339341 0.2037106100
4.3271226022 -11.1755280949 -15.2160777414 0.4056980817 0.1132782013 0.2114849859
4.3321434529 -11.2621302979 -15.3150874037 0.4097147623 0.1161694129 0.2195483493
4.3371643036 -11.3473093426 -15.4116707140 0.4137314429 0.1191079362 0.2279114422
4.3421851543 -11.4310295647 -15.5057864939 0.4177481234 0.1220941385 0.2365854062
4.3472060050 -11.5132549611 -15.5973935646 0.4217648040 0.1251283874 0.2455817969
4.3522268557 -11.5939491885 -15.6864507476 0.4257814846 0.1282110500 0.2549125995
4.3572477064 -11.6730755616 -15.7729168643 0.4297981651 0.1313424938 0.2645902446
4.3622685571 -11.7505970517 -15.8567507363 0.4338148457 0.1345230861 0.2746276251
4.3672894078 -11.8264762849 -15.9379111848 0.4378315263 0.1377531943 0.2850381129
4.3723102585 -11.9006755404 -16.0163570313 0.4418482068 0.1410331858 0.2958355771
4.3773311093 -11.9731567488 -16.0920470973 0.4458648874 0.1443634279 0.3070344023
4.3823519600 -12.0438814907 -16.1649402041 0.4498815680 0.1477442880 0.3186495078
4.3873728107 -12.1128109950 -16.2349951732 0.4538982485 0.1511761335 0.3306963674
4.3923936614 -12.1799061367 -16.3021708260 0.4579149291 0.1546593316 0.3431910303
4.3974145121 -12.2451274362 -16.3664259839 0.4619316097 0.1581942499 0.3561501421
4.4024353628 -12.3084350568 -16.4277194684 0.4659482902 0.1617812555 0.3695909672
4.4074562135 -12.3697888034 -16.4860101009 0.4699649708 0.1654207160 0.3835314117
4.4124770642 -12.4291481206 -16.5412567027 0.4739816514 0.1691129986 0.3979900473
4.4174979149 -12.4864720915 -16.5934180954 0.4779983319 0.1728584708 0.4129861363
4.4225187656 -12.5417194354 -16.6424531003 0.4820150125 0.1766574998 0.4285396566
4.4275396163 -12.5948485065 -16.6883205388 0.4860316931 0.1805104531 0.4446713289
4.4325604671 -12.6458172922 -16.7309792325 0.4900483736 0.1844176980 0.4614026443
4.4375813178 -12.6945834113 -16.7703880027 0.4940650542 0.1883796019 0.4787558925
4.4426021685 -12.7411041123 -16.8065056708 0.4980817348 0.1923965321 0.4967541919
4.4476230192 -12.7853362717 -16.8392910582 0.5020984153 0.1964688560 0.5154215201
4.4526438699 -12.8272363924 -16.8687029865 0.5061150959 0.2005969410 0.5347827462
4.4576647206 -12.8667606020 -16.8947002769 0.5101317765 0.2047811544 0.5548636636
4.4626855713 -12.9038646508 -16.9172417510 0.5141484570 0.2090218636 0.5756910245
4.4677064220 -12.9385039105 -16.9362862301 0.5181651376 0.2133194360 0.5972925755
4.4727272727 -12.9706333723 -16.9517925357 0.5221818182 0.2176742389 0.6196970947
4.4777481234 -13.0002076451 -16.9637194891 0.5261984987 0.2220866397 0.6429344298
4.4827689741 -13.0271809539 -16.9720259119 0.5302151793 0.2265570057 0.6670355381
4.4877898249 -13.0515071380 -16.9766706255 0.5342318599 0.2310857043 0.6920325275
4.4928106756 -13.0731396493 -16.9776124512 0.5382485405 0.2356731029 0.7179586996
4.4978315263 -13.0920315507 -16.9748102105 0.5422652210 0.2403195688 0.7448485937
4.5028523770 -13.1081355140 -16.9682227247 0.5462819016 0.2450254694 0.7727380331
4.5078732277 -13.1214038186 -16.9578088155 0.5502985822 0.2497911720 0.8016641726
4.5128940784 -13.1317883494 -16.9435273041 0.5543152627 0.2546170441 0.8316655484
4.5179149291 -13.1392405955 -16.9253370119 0.5583319433 0.2595034530 0.8627821287
4.5229357798 -13.1437116477 -16.9031967605 0.5623486239 0.2644507660 0.8950553679
4.5279566305 -13.1451521977 -16.8770653712 0.5663653044 0.2694593505 0.9285282608
4.5329774812 -13.1435125356 -16.8469016654 0.5703819850 0.2745295739 0.9632454009
4.5379983319 -13.1387425484 -16.8126644646 0.5743986656 0.2796618036 0.9992530389
4.5430191827 -13.1307917182 -16.7743125902 0.5784153461 0.2848564068 1.0365991450
4.5480400334 -13.1196091207 -16.7318048636 0.5824320267 0.2901137510 1.0753334725
4.5530608841 -13.1051434230 -16.6851001063 0.5864487073 0.2954342035 1.1155076240
4.5580817348 -13.0873428820 -16.6341571396 0.5904653878 0.3008181317 1.1571751202
4.5631025855 -13.0661553428 -16.5789347850 0.5944820684 0.3062659030 1.2003914716
4.5681234362 -13.0415282367 -16.5193918639 0.5984987490 0.3117778846 1.2452142518
4.5731442869 -13.0134085796 -16.4554871978 0.6025154295 0.3173544441 1.2917031747
4.5781651376 -12.9817429700 -16.3871796080 0.6065321101 0.3229959486 1.3399201737
4.5831859883 -12.9464775872 -16.3144279159 0.6105487907 0.3287027657 1.3899294845
4.5882068390 -12.9075581900 -16.2371909431 0.6145654712 0.3344752627 1.4417977305
4.5932276897 -12.8649301142 -16.1554275109 0.6185821518 0.3403138068 1.4955940116
4.5982485405 -12.8185382713 -16.0690964408 0.6225988324 0.3462187656 1.5513899965
4.6032693912 -12.7683271465 -15.9781565541 0.6266155129 0.3521905063 1.6092600175
4.6082902419 -12.7142407969 -15.8825666723 0.6306321935 0.3582293963 1.6692811704
4.6133110926 -12.6562228497 -15.7822856168 0.6346488741 0.3643358030 1.7315334166
4.6183319433 -12.5942165005 -15.6772722091 0.6386655546 0.3705100938 1.7960996897
4.6233527940 -12.5281645114 -15.5674852705 0.6426822352 0.3767526359 1.8630660063
4.6283736447 -12.4580092091 -15.4528836225 0.6466989158 0.3830637969 1.9325215802
4.6333944954 -12.3836924832 -15.3334260866 0.6507155963 0.3894439439 2.0045589416
4.6384153461 -12.3051557842 -15.2090714840 0.6547322769 0.3958934445 2.0792740602
4.6434361968 -12.2223401220 -15.0797786363 0.6587489575 0.4024126659 2.1567664729
4.6484570475 -12.1351860638 -14.9455063649 0.6627656380 0.4090019755 2.2371394167
4.6534778982 -12.0436337323 -14.8062134912 0.6667823186 0.4156617407 2.3204999661
4.6584987490 -11.9476228038 -14.6618588366 0.6707989992 0.4223923288 2.4069591757
4.6635195997 -11.8470925067 -14.5124012226 0.6748156797 0.4291941073 2.4966322283
4.6685404504 -11.7419816192 -14.3577994705 0.6788323603 0.4360674434 2.5896385880
4.6735613011 -11.6322284678 -14.1980124018 0.6828490409 0.4430127046 2.6861021600
4.6785821518 -11.5177709251 -14.0329988379 0.6868657214 0.4500302581 2.7861514549
4.6836030025 -11.3985464083 -13.8627176003 0.6908824020 0.4571204714 2.8899197604
4.6886238532 -11.2744918772 -13.6871275103 0.6948990826 0.4642837119 2.9975453188
4.6936447039 -11.1455438324 -13.5061873895 0.6989157631 0.4715203468 3.1091715111
4.6986655546 -11.0116383131 -13.3198560591 0.7029324437 0.4788307436 3.2249470479
4.7036864053 -10.8727108957 -13.1280923406 0.7069491243 0.4862152695 3.3450261678
4.7087072560 -10.7286966917 -12.9308550555 0.7109658048 0.4936742921 3.4695688426
4.7137281068 -10.5795303459 -12.7281030252 0.7149824854 0.5012081786 3.5987409906
4.7187489575 -10.4251460342 -12.5197950711 0.7189991660 0.5088172964 3.7327146977
4.7237698082 -10.2654774624 -12.3058900146 0.7230158465 0.5165020128 3.8716684463
4.7287906589 -10.1004578636 -12.0863466772 0.7270325271 0.5242626953 4.0157873534
4.7338115096 -9.9300199966 -11.8611238802 0.7310492077 0.5320997112 4.1652634171
4.7388323603 -9.7540961442 -11.6301804451 0.7350658882 0.5400134278 4.3202957727
4.7438532110 -9.5726181110 -11.3934751933 0.7390825688 0.5480042125 4.4810909572
4.7488740617 -9.3855172217 -11.1509669463 0.7430992494 0.5560724327 4.6478631853
4.7538949124 -9.1927243190 -10.9026145254 0.7471159299 0.5642184558 4.8208346345
4.7589157631 -8.9941697620 -10.6483767521 0.7511326105 0.5724426490 5.0002357408
4.7639366138 -8.7897834240 -10.3882124478 0.7551492911 0.5807453798 5.1863055060
4.7689574646 -8.5794946906 -10.1220804340 0.7591659716 0.5891270156 5.3792918160
4.7739783153 -8.3632324581 -9.8499395319 0.7631826522 0.5975879236 5.5794517712
4.7789991660 -8.1409251311 -9.5717485632 0.7671993328 0.6061284713 5.7870520287
4.7840200167 -7.9125006211 -9.2874663492 0.7712160133 0.6147490260 6.0023691579
4.7890408674 -7.6778863441 -8.9970517113 0.7752326939 0.6234499551 6.2256900085
4.7940617181 -7.4370092190 -8.7004634709 0.7792493745 0.6322316259 6.4573120933
4.7990825688 -7.1897956656 -8.3976604495 0.7832660550 0.6410944059 6.6975439839
4.8041034195 -6.9361716024 -8.0886014685 0.7872827356 0.6500386623 6.9467057220
4.8091242702 -6.6760624452 -7.7732453493 0.7912994162 0.6590647625 7.2051292461
4.8141451209 -6.4093931044 -7.4515509134 0.7953160967 0.6681730740 7.4731588333
4.8191659716 -6.1360879839 -7.1234769821 0.7993327773 0.6773639640 7.7511515579
4.8241868224 -5.8560709786 -6.7889823769 0.8033494579 0.6866377999 8.0394777678
4.8292076731 -5.5692654724 -6.4480259191 0.8073661384 0.6959949491 8.3385215767
4.8342285238 -5.2755943367 -6.1005664304 0.8113828190 0.7054357789 8.6486813772
4.8392493745 -4.9749799280 -5.7465627319 0.8153994996 0.7149606568 8.9703703703
4.8442702252 -4.6673440862 -5.3859736453 0.8194161802 0.7245699500 9.3040171167
4.8492910759 -4.3526081325 -5.0187579918 0.8234328607 0.7342640259 9.6500661074
4.8543119266 -4.0306928674 -4.6448745930 0.8274495413 0.7440432520 10.0089783559
4.8593327773 -3.7015185690 -4.2642822702 0.8314662219 0.7539079955 10.3812320125
4.8643536280 -3.3650049906 -3.8769398449 0.8354829024 0.7638586239 10.7673230011
4.8693744787 -3.0210713591 -3.4828061385 0.8394995830 0.7738955044 11.1677656800
4.8743953294 -2.6696363728 -3.0818399723 0.8435162636 0.7840190045 11.5830935271
4.8794161802 -2.3106181995 -2.6740001680 0.8475329441 0.7942294914 12.0138598506
4.8844370309 -1.9439344744 -2.2592455467 0.8515496247 0.8045273327 12.4606385262
4.8894578816 -1.5695022983 -1.8375349301 0.8555663053 0.8149128956 12.9240247616
4.8944787323 -1.1872382354 -1.4088271395 0.8595829858 0.8253865475 13.4046358894
4.8994995830 -0.7970583115 -0.9730809963 0.8635996664 0.8359486558 13.9031121895
4.9045204337 -0.3988780119 -0.5302553219 0.8676163470 0.8465995878 14.4201177423
4.9095412844 0.0073877207 -0.0803089378 0.8716330275 0.8573397109 14.9563413131
4.9145621351 0.4218244881 0.3767993346 0.8756497081 0.8681693924 15.5124972699
4.9195829858 0.8445184385 0.8411106738 0.8796663887 0.8790889998 16.0893265349
4.9246038365 1.2755562690 1.3126142099 1.3537347790 0.9300513434 16.6875975720
4.9296246872 1.7150252268 1.7910317021 1.8703803169 1.0715237701 17.3081074100
4.9346455379 2.1630131121 2.2759992949 2.3870258549 1.2968397760 17.9516827047
4.9396663887 2.6196082794 2.7671530936 2.9036713928 1.5989970086 18.6191808404
4.9446872394 3.0848996401 3.2641292038 3.4203169308 1.9709931155 19.3114910717
4.9497080901 3.5589766641 3.7665637311 3.9369624687 2.4058257443 20.0295357083
4.9547289408 4.0419293821 4.2740927810 4.4536080067 2.8964925426 20.7742713440
4.9597497915 4.5338483875 4.7863524589 4.9702535446 3.4359911581 21.5466901309
4.9647706422 5.0348248386 5.3029788705 5.4868990826 4.0173192381 22.3478211010
4.9697914929 5.5449504606 5.8236081213 6.0035446205 4.6334744305 23.1787315373
4.9748123436 6.0643175472 6.3478763168 6.5201901585 5.2774543828 24.0405283956
4.9798331943 6.5930189636 6.8754195625 7.0368356964 5.9422567425 24.9343597794
4.9848540450 7.1311481476 7.4058739640 7.5534812344 6.6208791572 25.8614164691
4.9898748957 7.6787991122 7.9388756267 8.0701267723 7.3063192747 26.8229335085
4.9948957465 8.2360664476 8.4740606563 8.5867723103 7.9915747423 27.8201918501
4.9999165972 8.8030453231 9.0110651582 9.1034178482 8.6696432078 28.8545200621
5.0049374479 9.3798314892 9.5495252380 9.6200633862 9.3335223187 29.9272960974
5.0099582986 9.9665212800 10.0890770012 10.1367089241 9.9762097227 31.0399491302
5.0149791493 10.5632116146 10.6293565534 10.6533544621 10.5907030672 32.1939614597
5.0200000000 11.1700000000 11.1700000000 11.1700000000 11.1700000000 33.3908704846
