-1.000000 -14.580000
-0.993974 -14.472659
-0.987948 -14.365323
-0.981922 -14.257995
-0.975896 -14.150680
-0.969870 -14.043382
-0.963844 -13.936105
-0.957818 -13.828853
-0.951792 -13.721631
-0.945766 -13.614443
-0.939740 -13.507294
-0.933714 -13.400187
-0.927688 -13.293126
-0.921662 -13.186116
-0.915636 -13.079162
-0.909610 -12.972267
-0.903584 -12.865436
-0.897558 -12.758672
-0.891532 -12.651981
-0.885506 -12.545366
-0.879479 -12.438832
-0.873453 -12.332383
-0.867427 -12.226023
-0.861401 -12.119756
-0.855375 -12.013587
-0.849349 -11.907520
-0.843323 -11.801559
-0.837297 -11.695708
-0.831271 -11.589972
-0.825245 -11.484354
-0.819219 -11.378860
-0.813193 -11.273493
-0.807167 -11.168258
-0.801141 -11.063158
-0.795115 -10.958199
-0.789089 -10.853384
-0.783063 -10.748717
-0.777037 -10.644204
-0.771011 -10.539847
-0.764985 -10.435652
-0.758959 -10.331622
-0.752933 -10.227762
-0.746907 -10.124076
-0.740881 -10.020568
-0.734855 -9.917243
-0.728829 -9.814104
-0.722803 -9.711157
-0.716777 -9.608405
-0.710751 -9.505852
-0.704725 -9.403503
-0.698699 -9.301362
-0.692673 -9.199434
-0.686647 -9.097721
-0.680621 -8.996230
-0.674595 -8.894963
-0.668569 -8.793926
-0.662543 -8.693122
-0.656517 -8.592556
-0.650490 -8.492232
-0.644464 -8.392154
-0.638438 -8.292326
-0.632412 -8.192753
-0.626386 -8.093439
-0.620360 -7.994389
-0.614334 -7.895605
-0.608308 -7.797094
-0.602282 -7.698858
-0.596256 -7.600902
-0.590230 -7.503231
-0.584204 -7.405848
-0.578178 -7.308758
-0.572152 -7.211966
-0.566126 -7.115474
-0.560100 -7.019289
-0.554074 -6.923413
-0.548048 -6.827851
-0.542022 -6.732608
-0.535996 -6.637687
-0.529970 -6.543093
-0.523944 -6.448831
-0.517918 -6.354903
-0.511892 -6.261315
-0.505866 -6.168071
-0.499840 -6.075175
-0.493814 -5.982631
-0.487788 -5.890444
-0.481762 -5.798618
-0.475736 -5.707157
-0.469710 -5.616064
-0.463684 -5.525346
-0.457658 -5.435005
-0.451632 -5.345047
-0.445606 -5.255474
-0.439580 -5.166292
-0.433554 -5.077505
-0.427528 -4.989117
-0.421502 -4.901132
-0.415475 -4.813554
-0.409449 -4.726389
-0.403423 -4.639639
-0.397397 -4.553310
-0.391371 -4.467405
-0.385345 -4.381928
-0.379319 -4.296885
-0.373293 -4.212279
-0.367267 -4.128114
-0.361241 -4.044395
-0.355215 -3.961126
-0.349189 -3.878311
-0.343163 -3.795954
-0.337137 -3.714061
-0.331111 -3.632634
-0.325085 -3.551678
-0.319059 -3.471198
-0.313033 -3.391197
-0.307007 -3.311680
-0.300981 -3.232651
-0.294955 -3.154115
-0.288929 -3.076076
-0.282903 -2.998537
-0.276877 -2.921503
-0.270851 -2.844979
-0.264825 -2.768968
-0.258799 -2.693475
-0.252773 -2.618505
-0.246747 -2.544060
-0.240721 -2.470146
-0.234695 -2.396767
-0.228669 -2.323927
-0.222643 -2.251631
-0.216617 -2.179882
-0.210591 -2.108685
-0.204565 -2.038043
-0.198539 -1.967962
-0.192513 -1.898446
-0.186486 -1.829499
-0.180460 -1.761124
-0.174434 -1.693327
-0.168408 -1.626111
-0.162382 -1.559481
-0.156356 -1.493441
-0.150330 -1.427996
-0.144304 -1.363148
-0.138278 -1.298904
-0.132252 -1.235266
-0.126226 -1.172240
-0.120200 -1.109830
-0.114174 -1.048038
-0.108148 -0.986871
-0.102122 -0.926333
-0.096096 -0.866426
-0.090070 -0.807157
-0.084044 -0.748528
-0.078018 -0.690544
-0.071992 -0.633210
-0.065966 -0.576530
-0.059940 -0.520507
-0.053914 -0.465147
-0.047888 -0.410453
-0.041862 -0.356430
-0.035836 -0.303081
-0.029810 -0.250412
-0.023784 -0.198426
-0.017758 -0.147128
-0.011732 -0.096522
-0.005706 -0.046612
0.000320 0.002598
0.006346 0.051105
0.012372 0.098911
0.018398 0.146019
0.024424 0.192434
0.030450 0.238158
0.036476 0.283195
0.042503 0.327548
0.048529 0.371221
0.054555 0.414217
0.060581 0.456540
0.066607 0.498193
0.072633 0.539179
0.078659 0.579502
0.084685 0.619165
0.090711 0.658172
0.096737 0.696527
0.102763 0.734231
0.108789 0.771290
0.114815 0.807706
0.120841 0.843483
0.126867 0.878624
0.132893 0.913132
0.138919 0.947012
0.144945 0.980267
0.150971 1.012899
0.156997 1.044912
0.163023 1.076310
0.169049 1.107097
0.175075 1.137275
0.181101 1.166848
0.187127 1.195820
0.193153 1.224193
0.199179 1.251972
0.205205 1.279159
0.211231 1.305758
0.217257 1.331774
0.223283 1.357208
0.229309 1.382064
0.235335 1.406346
0.241361 1.430058
0.247387 1.453202
0.253413 1.475782
0.259439 1.497802
0.265465 1.519264
0.271491 1.540173
0.277518 1.560532
0.283544 1.580344
0.289570 1.599613
0.295596 1.618341
0.301622 1.636534
0.307648 1.654192
0.313674 1.671322
0.319700 1.687925
0.325726 1.704005
0.331752 1.719565
0.337778 1.734610
0.343804 1.749142
0.349830 1.763165
0.355856 1.776682
0.361882 1.789697
0.367908 1.802213
0.373934 1.814234
0.379960 1.825762
0.385986 1.836802
0.392012 1.847356
0.398038 1.857429
0.404064 1.867023
0.410090 1.876143
0.416116 1.884791
0.422142 1.892970
0.428168 1.900685
0.434194 1.907939
0.440220 1.914735
0.446246 1.921077
0.452272 1.926967
0.458298 1.932410
0.464324 1.937409
0.470350 1.941967
0.476376 1.946088
0.482402 1.949775
0.488428 1.953031
0.494454 1.955861
0.500480 1.958266
0.506507 1.960252
0.512533 1.961821
0.518559 1.962976
0.524585 1.963722
0.530611 1.964061
0.536637 1.963996
0.542663 1.963533
0.548689 1.962673
0.554715 1.961420
0.560741 1.959777
0.566767 1.957749
0.572793 1.955338
0.578819 1.952548
0.584845 1.949382
0.590871 1.945844
0.596897 1.941937
0.602923 1.937665
0.608949 1.933031
0.614975 1.928038
0.621001 1.922690
0.627027 1.916990
0.633053 1.910941
0.639079 1.904548
0.645105 1.897813
0.651131 1.890740
0.657157 1.883333
0.663183 1.875594
0.669209 1.867528
0.675235 1.859137
0.681261 1.850425
0.687287 1.841395
0.693313 1.832052
0.699339 1.822398
0.705365 1.812436
0.711391 1.802171
0.717417 1.791605
0.723443 1.780742
0.729469 1.769585
0.735495 1.758139
0.741522 1.746405
0.747548 1.734388
0.753574 1.722092
0.759600 1.709518
0.765626 1.696672
0.771652 1.683556
0.777678 1.670174
0.783704 1.656529
0.789730 1.642625
0.795756 1.628465
0.801782 1.614052
0.807808 1.599390
0.813834 1.584482
0.819860 1.569333
0.825886 1.553944
0.831912 1.538320
0.837938 1.522464
0.843964 1.506379
0.849990 1.490069
0.856016 1.473537
0.862042 1.456787
0.868068 1.439822
0.874094 1.422646
0.880120 1.405262
0.886146 1.387673
0.892172 1.369882
0.898198 1.351894
0.904224 1.333712
0.910250 1.315338
0.916276 1.296778
0.922302 1.278033
0.928328 1.259107
0.934354 1.240004
0.940380 1.220727
0.946406 1.201280
0.952432 1.181666
0.958458 1.161888
0.964484 1.141950
0.970511 1.121856
0.976537 1.101608
0.982563 1.081210
0.988589 1.060666
0.994615 1.039978
1.000641 1.019151
1.006667 0.998188
1.012693 0.977092
1.018719 0.955867
1.024745 0.934516
1.030771 0.913042
1.036797 0.891449
1.042823 0.869741
1.048849 0.847920
1.054875 0.825990
1.060901 0.803956
1.066927 0.781819
1.072953 0.759583
1.078979 0.737252
1.085005 0.714830
1.091031 0.692319
1.097057 0.669724
1.103083 0.647047
1.109109 0.624292
1.115135 0.601462
1.121161 0.578562
1.127187 0.555593
1.133213 0.532560
1.139239 0.509466
1.145265 0.486315
1.151291 0.463110
1.157317 0.439854
1.163343 0.416550
1.169369 0.393203
1.175395 0.369816
1.181421 0.346391
1.187447 0.322933
1.193473 0.299445
1.199499 0.275931
1.205526 0.252392
1.211552 0.228834
1.217578 0.205260
1.223604 0.181673
1.229630 0.158076
1.235656 0.134473
1.241682 0.110867
1.247708 0.087261
1.253734 0.063660
1.259760 0.040067
1.265786 0.016484
1.271812 -0.007084
1.277838 -0.030635
1.283864 -0.054165
1.289890 -0.077672
1.295916 -0.101153
1.301942 -0.124604
1.307968 -0.148023
1.313994 -0.171407
1.320020 -0.194754
1.326046 -0.218059
1.332072 -0.241321
1.338098 -0.264536
1.344124 -0.287702
1.350150 -0.310815
1.356176 -0.333873
1.362202 -0.356873
1.368228 -0.379812
1.374254 -0.402686
1.380280 -0.425494
1.386306 -0.448232
1.392332 -0.470898
1.398358 -0.493488
1.404384 -0.515999
1.410410 -0.538429
1.416436 -0.560775
1.422462 -0.583034
1.428488 -0.605202
1.434515 -0.627278
1.440541 -0.649258
1.446567 -0.671139
1.452593 -0.692918
1.458619 -0.714593
1.464645 -0.736161
1.470671 -0.757618
1.476697 -0.778962
1.482723 -0.800190
1.488749 -0.821298
1.494775 -0.842285
1.500801 -0.863147
1.506827 -0.883881
1.512853 -0.904485
1.518879 -0.924955
1.524905 -0.945289
1.530931 -0.965484
1.536957 -0.985536
1.542983 -1.005443
1.549009 -1.025202
1.555035 -1.044810
1.561061 -1.064265
1.567087 -1.083563
1.573113 -1.102701
1.579139 -1.121677
1.585165 -1.140487
1.591191 -1.159129
1.597217 -1.177600
1.603243 -1.195897
1.609269 -1.214017
1.615295 -1.231957
1.621321 -1.249714
1.627347 -1.267286
1.633373 -1.284669
1.639399 -1.301860
1.645425 -1.318857
1.651451 -1.335657
1.657477 -1.352257
1.663504 -1.368654
1.669530 -1.384845
1.675556 -1.400827
1.681582 -1.416597
1.687608 -1.432153
1.693634 -1.447491
1.699660 -1.462609
1.705686 -1.477503
1.711712 -1.492171
1.717738 -1.506610
1.723764 -1.520818
1.729790 -1.534790
1.735816 -1.548524
1.741842 -1.562018
1.747868 -1.575268
1.753894 -1.588271
1.759920 -1.601025
1.765946 -1.613527
1.771972 -1.625774
1.777998 -1.637762
1.784024 -1.649490
1.790050 -1.660954
1.796076 -1.672151
1.802102 -1.683078
1.808128 -1.693733
1.814154 -1.704112
1.820180 -1.714213
1.826206 -1.724032
1.832232 -1.733568
1.838258 -1.742816
1.844284 -1.751774
1.850310 -1.760440
1.856336 -1.768810
1.862362 -1.776881
1.868388 -1.784650
1.874414 -1.792116
1.880440 -1.799273
1.886466 -1.806121
1.892492 -1.812655
1.898519 -1.818874
1.904545 -1.824773
1.910571 -1.830351
1.916597 -1.835604
1.922623 -1.840529
1.928649 -1.845124
1.934675 -1.849385
1.940701 -1.853311
1.946727 -1.856896
1.952753 -1.860140
1.958779 -1.863039
1.964805 -1.865590
1.970831 -1.867790
1.976857 -1.869636
1.982883 -1.871126
1.988909 -1.872256
1.994935 -1.873024
2.000961 -1.873427
2.006987 -1.873461
2.013013 -1.873125
2.019039 -1.872414
2.025065 -1.871327
2.031091 -1.869860
2.037117 -1.868010
2.043143 -1.865774
2.049169 -1.863150
2.055195 -1.860135
2.061221 -1.856726
2.067247 -1.852919
2.073273 -1.848712
2.079299 -1.844102
2.085325 -1.839087
2.091351 -1.833663
2.097377 -1.827827
2.103403 -1.821576
2.109429 -1.814909
2.115455 -1.807820
2.121481 -1.800309
2.127508 -1.792371
2.133534 -1.784005
2.139560 -1.775206
2.145586 -1.765973
2.151612 -1.756302
2.157638 -1.746191
2.163664 -1.735635
2.169690 -1.724634
2.175716 -1.713183
2.181742 -1.701280
2.187768 -1.688922
2.193794 -1.676106
2.199820 -1.662829
2.205846 -1.649088
2.211872 -1.634881
2.217898 -1.620204
2.223924 -1.605054
2.229950 -1.589429
2.235976 -1.573326
2.242002 -1.556742
2.248028 -1.539674
2.254054 -1.522118
2.260080 -1.504073
2.266106 -1.485535
2.272132 -1.466501
2.278158 -1.446969
2.284184 -1.426936
2.290210 -1.406398
2.296236 -1.385352
2.302262 -1.363797
2.308288 -1.341729
2.314314 -1.319144
2.320340 -1.296041
2.326366 -1.272416
2.332392 -1.248267
2.338418 -1.223590
2.344444 -1.198382
2.350470 -1.172642
2.356496 -1.146365
2.362523 -1.119549
2.368549 -1.092191
2.374575 -1.064287
2.380601 -1.035837
2.386627 -1.006835
2.392653 -0.977280
2.398679 -0.947168
2.404705 -0.916497
2.410731 -0.885264
2.416757 -0.853466
2.422783 -0.821099
2.428809 -0.788162
2.434835 -0.754650
2.440861 -0.720562
2.446887 -0.685894
2.452913 -0.650644
2.458939 -0.614808
2.464965 -0.578384
2.470991 -0.541368
2.477017 -0.503758
2.483043 -0.465552
2.489069 -0.426745
2.495095 -0.387336
2.501121 -0.347320
2.507147 -0.306696
2.513173 -0.265461
2.519199 -0.223611
2.525225 -0.181144
2.531251 -0.138056
2.537277 -0.094346
2.543303 -0.050009
2.549329 -0.005043
2.555355 0.040552
2.561381 0.086766
2.567407 0.133583
2.573433 0.180989
2.579459 0.228969
2.585485 0.277506
2.591512 0.326587
2.597538 0.376195
2.603564 0.426317
2.609590 0.476936
2.615616 0.528037
2.621642 0.579606
2.627668 0.631628
2.633694 0.684087
2.639720 0.736967
2.645746 0.790255
2.651772 0.843935
2.657798 0.897991
2.663824 0.952409
2.669850 1.007173
2.675876 1.062269
2.681902 1.117680
2.687928 1.173393
2.693954 1.229392
2.699980 1.285662
2.706006 1.342187
2.712032 1.398953
2.718058 1.455945
2.724084 1.513146
2.730110 1.570544
2.736136 1.628121
2.742162 1.685863
2.748188 1.743755
2.754214 1.801781
2.760240 1.859927
2.766266 1.918178
2.772292 1.976518
2.778318 2.034932
2.784344 2.093406
2.790370 2.151923
2.796396 2.210469
2.802422 2.269029
2.808448 2.327587
2.814474 2.386129
2.820501 2.444639
2.826527 2.503103
2.832553 2.561504
2.838579 2.619829
2.844605 2.678061
2.850631 2.736186
2.856657 2.794189
2.862683 2.852054
2.868709 2.909767
2.874735 2.967311
2.880761 3.024673
2.886787 3.081837
2.892813 3.138788
2.898839 3.195510
2.904865 3.251989
2.910891 3.308209
2.916917 3.364156
2.922943 3.419814
2.928969 3.475168
2.934995 3.530203
2.941021 3.584904
2.947047 3.639256
2.953073 3.693243
2.959099 3.746851
2.965125 3.800064
2.971151 3.852867
2.977177 3.905245
2.983203 3.957184
2.989229 4.008667
2.995255 4.059680
3.001281 4.110208
3.007307 4.160235
3.013333 4.209746
3.019359 4.258727
3.025385 4.307161
3.031411 4.355035
3.037437 4.402333
3.043463 4.449039
3.049489 4.495139
3.055516 4.540617
3.061542 4.585459
3.067568 4.629649
3.073594 4.673172
3.079620 4.716013
3.085646 4.758157
3.091672 4.799589
3.097698 4.840293
3.103724 4.880255
3.109750 4.919459
3.115776 4.957890
3.121802 4.995533
3.127828 5.032374
3.133854 5.068396
3.139880 5.103585
3.145906 5.137926
3.151932 5.171403
3.157958 5.204001
3.163984 5.235706
3.170010 5.266502
3.176036 5.296374
3.182062 5.325307
3.188088 5.353285
3.194114 5.380294
3.200140 5.406319
3.206166 5.431344
3.212192 5.455354
3.218218 5.478334
3.224244 5.500269
3.230270 5.521144
3.236296 5.540944
3.242322 5.559654
3.248348 5.577258
3.254374 5.593741
3.260400 5.609089
3.266426 5.623285
3.272452 5.636316
3.278478 5.648166
3.284505 5.658819
3.290531 5.668261
3.296557 5.676476
3.302583 5.683450
3.308609 5.689167
3.314635 5.693612
3.320661 5.696771
3.326687 5.698627
3.332713 5.699165
3.338739 5.698372
3.344765 5.696231
3.350791 5.692727
3.356817 5.687846
3.362843 5.681571
3.368869 5.673889
3.374895 5.664783
3.380921 5.654240
3.386947 5.642243
3.392973 5.628777
3.398999 5.613828
3.405025 5.597380
3.411051 5.579418
3.417077 5.559927
3.423103 5.538892
3.429129 5.516298
3.435155 5.492130
3.441181 5.466372
3.447207 5.439009
3.453233 5.410027
3.459259 5.379409
3.465285 5.347142
3.471311 5.313210
3.477337 5.277597
3.483363 5.240289
3.489389 5.201270
3.495415 5.160526
3.501441 5.118041
3.507467 5.073801
3.513493 5.027789
3.519520 4.979991
3.525546 4.930392
3.531572 4.878977
3.537598 4.825730
3.543624 4.770636
3.549650 4.713681
3.555676 4.654849
3.561702 4.594125
3.567728 4.531493
3.573754 4.466940
3.579780 4.400449
3.585806 4.332006
3.591832 4.261595
3.597858 4.189201
3.603884 4.114810
3.609910 4.038405
3.615936 3.959973
3.621962 3.879497
3.627988 3.796962
3.634014 3.712355
3.640040 3.625658
3.646066 3.536858
3.652092 3.445939
3.658118 3.352887
3.664144 3.257685
3.670170 3.160318
3.676196 3.060773
3.682222 2.959033
3.688248 2.855083
3.694274 2.748909
3.700300 2.640494
3.706326 2.529825
3.712352 2.416886
3.718378 2.301661
3.724404 2.184136
3.730430 2.064296
3.736456 1.942125
3.742482 1.817608
3.748509 1.690731
3.754535 1.561477
3.760561 1.429832
3.766587 1.295782
3.772613 1.159309
3.778639 1.020401
3.784665 0.879040
3.790691 0.735213
3.796717 0.588904
3.802743 0.440099
3.808769 0.288781
3.814795 0.134935
3.820821 -0.021452
3.826847 -0.180376
3.832873 -0.341774
3.838899 -0.505576
3.844925 -0.671710
3.850951 -0.840105
3.856977 -1.010690
3.863003 -1.183393
3.869029 -1.358143
3.875055 -1.534870
3.881081 -1.713502
3.887107 -1.893967
3.893133 -2.076195
3.899159 -2.260115
3.905185 -2.445655
3.911211 -2.632743
3.917237 -2.821310
3.923263 -3.011283
3.929289 -3.202592
3.935315 -3.395165
3.941341 -3.588931
3.947367 -3.783819
3.953393 -3.979757
3.959419 -4.176675
3.965445 -4.374502
3.971471 -4.573165
3.977497 -4.772594
3.983524 -4.972718
3.989550 -5.173466
3.995576 -5.374766
4.001602 -5.576547
4.007628 -5.778738
4.013654 -5.981268
4.019680 -6.184065
4.025706 -6.387059
4.031732 -6.590178
4.037758 -6.793350
4.043784 -6.996506
4.049810 -7.199573
4.055836 -7.402481
4.061862 -7.605158
4.067888 -7.807533
4.073914 -8.009534
4.079940 -8.211092
4.085966 -8.412134
4.091992 -8.612589
4.098018 -8.812386
4.104044 -9.011454
4.110070 -9.209722
4.116096 -9.407118
4.122122 -9.603571
4.128148 -9.799011
4.134174 -9.993366
4.140200 -10.186564
4.146226 -10.378535
4.152252 -10.569207
4.158278 -10.758509
4.164304 -10.946370
4.170330 -11.132719
4.176356 -11.317485
4.182382 -11.500596
4.188408 -11.681981
4.194434 -11.861569
4.200460 -12.039289
4.206486 -12.215069
4.212513 -12.388839
4.218539 -12.560527
4.224565 -12.730062
4.230591 -12.897373
4.236617 -13.062389
4.242643 -13.225038
4.248669 -13.385249
4.254695 -13.542952
4.260721 -13.698074
4.266747 -13.850545
4.272773 -14.000293
4.278799 -14.147248
4.284825 -14.291338
4.290851 -14.432492
4.296877 -14.570638
4.302903 -14.705706
4.308929 -14.837625
4.314955 -14.966322
4.320981 -15.091728
4.327007 -15.213770
4.333033 -15.332378
4.339059 -15.447480
4.345085 -15.559005
4.351111 -15.666883
4.357137 -15.771041
4.363163 -15.871409
4.369189 -15.967915
4.375215 -16.060488
4.381241 -16.149058
4.387267 -16.233552
4.393293 -16.313900
4.399319 -16.390030
4.405345 -16.461872
4.411371 -16.529354
4.417397 -16.592404
4.423423 -16.650953
4.429449 -16.704927
4.435475 -16.754258
4.441502 -16.798872
4.447528 -16.838699
4.453554 -16.873668
4.459580 -16.903707
4.465606 -16.928746
4.471632 -16.948713
4.477658 -16.963536
4.483684 -16.973146
4.489710 -16.977470
4.495736 -16.976438
4.501762 -16.969978
4.507788 -16.958018
4.513814 -16.940489
4.519840 -16.917318
4.525866 -16.888435
4.531892 -16.853767
4.537918 -16.813245
4.543944 -16.766797
4.549970 -16.714351
4.555996 -16.655837
4.562022 -16.591183
4.568048 -16.520318
4.574074 -16.443171
4.580100 -16.359671
4.586126 -16.269746
4.592152 -16.173325
4.598178 -16.070338
4.604204 -15.960713
4.610230 -15.844378
4.616256 -15.721263
4.622282 -15.591296
4.628308 -15.454406
4.634334 -15.310522
4.640360 -15.159573
4.646386 -15.001488
4.652412 -14.836195
4.658438 -14.663623
4.664464 -14.483701
4.670490 -14.296358
4.676517 -14.101523
4.682543 -13.899124
4.688569 -13.689090
4.694595 -13.471350
4.700621 -13.245833
4.706647 -13.012468
4.712673 -12.771183
4.718699 -12.521908
4.724725 -12.264570
4.730751 -11.999100
4.736777 -11.725425
4.742803 -11.443475
4.748829 -11.153178
4.754855 -10.854463
4.760881 -10.547259
4.766907 -10.231495
4.772933 -9.907099
4.778959 -9.574000
4.784985 -9.232128
4.791011 -8.881411
4.797037 -8.521777
4.803063 -8.153157
4.809089 -7.775477
4.815115 -7.388668
4.821141 -6.992657
4.827167 -6.587375
4.833193 -6.172749
4.839219 -5.748708
4.845245 -5.315182
4.851271 -4.872099
4.857297 -4.419388
4.863323 -3.956977
4.869349 -3.484796
4.875375 -3.002773
4.881401 -2.510837
4.887427 -2.008917
4.893453 -1.496942
4.899479 -0.974840
4.905506 -0.442540
4.911532 0.100028
4.917558 0.652936
4.923584 1.216232
4.929610 1.789585
4.935636 2.372375
4.941662 2.963973
4.947688 3.563750
4.953714 4.171076
4.959740 4.785322
4.965766 5.405860
4.971792 6.032060
4.977818 6.663293
4.983844 7.298929
4.989870 7.938341
4.995896 8.580898
5.001922 9.225972
5.007948 9.872933
5.013974 10.521152
5.020000 11.170000
