2009.500000 1582.131040
2009.553125 1584.802445
2009.606250 1587.433996
2009.659375 1590.025694
2009.712500 1592.577538
2009.765625 1595.089529
2009.818750 1597.561666
2009.871875 1599.993949
2009.925000 1602.386378
2009.978125 1604.738954
2010.031250 1607.051677
2010.084375 1609.324545
2010.137500 1611.557561
2010.190625 1613.750722
2010.243750 1615.904030
2010.296875 1618.017484
2010.350000 1620.091085
2010.403125 1622.124831
2010.456250 1624.118725
2010.509375 1626.072764
2010.562500 1627.986950
2010.615625 1629.861283
2010.668750 1631.695762
2010.721875 1633.490387
2010.775000 1635.245158
2010.828125 1636.960076
2010.881250 1638.635140
2010.934375 1640.270351
2010.987500 1641.865708
2011.040625 1643.421211
2011.093750 1644.936861
2011.146875 1646.412657
2011.200000 1647.848599
2011.253125 1649.244688
2011.306250 1650.600923
2011.359375 1651.917305
2011.412500 1653.193833
2011.465625 1654.430507
2011.518750 1655.627328
2011.571875 1656.784295
2011.625000 1657.901408
2011.678125 1658.978668
2011.731250 1660.016074
2011.784375 1661.013627
2011.837500 1661.971325
2011.890625 1662.889171
2011.943750 1663.767162
2011.996875 1664.605300
2012.050000 1665.403585
2012.103125 1666.162015
2012.156250 1666.880592
2012.209375 1667.559316
2012.262500 1668.198186
2012.315625 1668.797202
2012.368750 1669.356364
2012.421875 1669.875673
2012.475000 1670.355128
2012.528125 1670.794730
2012.581250 1671.194478
2012.634375 1671.554372
2012.687500 1671.874413
2012.740625 1672.154600
2012.793750 1672.394934
2012.846875 1672.595414
2012.900000 1672.756040
2012.953125 1672.876813
2013.006250 1672.957731
2013.059375 1672.998797
2013.112500 1673.000008
2013.165625 1672.961367
2013.218750 1672.882871
2013.271875 1672.764522
2013.325000 1672.606319
2013.378125 1672.408262
2013.431250 1672.170352
2013.484375 1671.892589
2013.537500 1671.574971
2013.590625 1671.217500
2013.643750 1670.820176
2013.696875 1670.382997
2013.750000 1669.905966
2013.803125 1669.389080
2013.856250 1668.832341
2013.909375 1668.235748
2013.962500 1667.599302
2014.015625 1666.923002
2014.068750 1666.206848
2014.121875 1665.450841
2014.175000 1664.654980
2014.228125 1663.819265
2014.281250 1662.943697
2014.334375 1662.028275
2014.387500 1661.073000
2014.440625 1660.077870
2014.493750 1659.042888
2014.546875 1657.968051
2014.600000 1656.853361
2014.653125 1655.698818
2014.706250 1654.504420
2014.759375 1653.270170
2014.812500 1651.996065
2014.865625 1650.682107
2014.918750 1649.328295
2014.971875 1647.934630
2015.025000 1646.501111
2015.078125 1645.027738
2015.131250 1643.514512
2015.184375 1641.961432
2015.237500 1640.368498
2015.290625 1638.735711
2015.343750 1637.063070
2015.396875 1635.350576
2015.450000 1633.598227
2015.503125 1631.806026
2015.556250 1629.973970
2015.609375 1628.102061
2015.662500 1626.190299
2015.715625 1624.238682
2015.768750 1622.247212
2015.821875 1620.215889
2015.875000 1618.144712
2015.928125 1616.033681
2015.981250 1613.882797
2016.034375 1611.692059
2016.087500 1609.461467
2016.140625 1607.191021
2016.193750 1604.880723
2016.246875 1602.530570
2016.300000 1600.140564
2016.353125 1597.710704
2016.406250 1595.240990
2016.459375 1592.731423
2016.512500 1590.182003
2016.565625 1587.592728
2016.618750 1584.963600
2016.671875 1582.294618
2016.725000 1579.585783
2016.778125 1576.837094
2016.831250 1574.048552
2016.884375 1571.220156
2016.937500 1568.351906
2016.990625 1565.443802
2017.043750 1562.495845
2017.096875 1559.508035
2017.150000 1556.480370
2017.203125 1553.412852
2017.256250 1550.305481
2017.309375 1547.158255
2017.362500 1543.971177
2017.415625 1540.744244
2017.468750 1537.477458
2017.521875 1534.170818
2017.575000 1530.824325
2017.628125 1527.437978
2017.681250 1524.011777
2017.734375 1520.545723
2017.787500 1517.039815
2017.840625 1513.494053
2017.893750 1509.908438
2017.946875 1506.282969
2018.000000 1502.617647
2018.053125 1498.912471
2018.106250 1495.167441
2018.159375 1491.382558
2018.212500 1487.557821
2018.265625 1483.693230
2018.318750 1479.788786
2018.371875 1475.844488
2018.425000 1471.860337
2018.478125 1467.836332
2018.531250 1463.772473
2018.584375 1459.668761
2018.637500 1455.525194
2018.690625 1451.341775
2018.743750 1447.118502
2018.796875 1442.855375
2018.850000 1438.552394
2018.903125 1434.209560
2018.956250 1429.826872
2019.009375 1425.404331
2019.062500 1420.941936
2019.115625 1416.439687
2019.168750 1411.897585
2019.221875 1407.315629
2019.275000 1402.693819
2019.328125 1398.032156
2019.381250 1393.330639
2019.434375 1388.589268
2019.487500 1383.808044
2019.540625 1378.986966
2019.593750 1374.126035
2019.646875 1369.225250
2019.700000 1364.284611
2019.753125 1359.304119
2019.806250 1354.283773
2019.859375 1349.223574
2019.912500 1344.123520
2019.965625 1338.983614
2020.018750 1333.803853
2020.071875 1328.584239
2020.125000 1323.324771
2020.178125 1318.025450
2020.231250 1312.686275
2020.284375 1307.307246
2020.337500 1301.888364
2020.390625 1296.429628
2020.443750 1290.931039
2020.496875 1285.392596
2020.550000 1279.814299
2020.603125 1274.196148
2020.656250 1268.538144
2020.709375 1262.840287
2020.762500 1257.102575
2020.815625 1251.325011
2020.868750 1245.507592
2020.921875 1239.650320
2020.975000 1233.753194
2021.028125 1227.816214
2021.081250 1221.839381
2021.134375 1215.822695
2021.187500 1209.766154
2021.240625 1203.669760
2021.293750 1197.533513
2021.346875 1191.357411
2021.400000 1185.141457
2021.453125 1178.885648
2021.506250 1172.589986
2021.559375 1166.254470
2021.612500 1159.879101
2021.665625 1153.463878
2021.718750 1147.008801
2021.771875 1140.513871
2021.825000 1133.979087
2021.878125 1127.404449
2021.931250 1120.789958
2021.984375 1114.135613
2022.037500 1107.441415
2022.090625 1100.707363
2022.143750 1093.933457
2022.196875 1087.119698
2022.250000 1080.266085
2022.303125 1073.372618
2022.356250 1066.439298
2022.409375 1059.466124
2022.462500 1052.453096
2022.515625 1045.400215
2022.568750 1038.307480
2022.621875 1031.174892
2022.675000 1024.002450
2022.728125 1016.790154
2022.781250 1009.538005
2022.834375 1002.246002
2022.887500 994.914145
2022.940625 987.542435
2022.993750 980.130871
2023.046875 972.679454
2023.100000 965.188183
2023.153125 957.657058
2023.206250 950.086080
2023.259375 942.475248
2023.312500 934.824562
2023.365625 927.134023
2023.418750 919.403630
2023.471875 911.633383
2023.525000 903.823283
2023.578125 895.973329
2023.631250 888.083522
2023.684375 880.153861
2023.737500 872.184346
2023.790625 864.174978
2023.843750 856.125756
2023.896875 848.036680
2023.950000 839.907751
2024.003125 831.738968
2024.056250 823.530332
2024.109375 815.281842
2024.162500 806.993498
2024.215625 798.665301
2024.268750 790.297250
2024.321875 781.889345
2024.375000 773.441587
2024.428125 764.953975
2024.481250 756.426509
2024.534375 747.859190
2024.587500 739.252017
2024.640625 730.604991
2024.693750 721.918111
2024.746875 713.191377
2024.800000 704.424790
2024.853125 695.618349
2024.906250 686.772054
2024.959375 677.885906
2025.012500 668.959904
2025.065625 659.994049
2025.118750 650.988340
2025.171875 641.942777
2025.225000 632.857361
2025.278125 623.732091
2025.331250 614.566967
2025.384375 605.361990
2025.437500 596.117159
2025.490625 586.832474
2025.543750 577.507936
2025.596875 568.143544
2025.650000 558.739299
2025.703125 549.295200
2025.756250 539.811247
2025.809375 530.287441
2025.862500 520.723781
2025.915625 511.120267
2025.968750 501.476900
2026.021875 491.793679
2026.075000 482.070605
2026.128125 472.307677
2026.181250 462.504895
2026.234375 452.662259
2026.287500 442.779770
2026.340625 432.857428
2026.393750 422.895231
2026.446875 412.893182
2026.500000 402.851278
