-1.000000000000 0.058823529412 0.058823529412
-0.998999499750 0.058934464847 -0.382474775979
-0.997998999500 0.059045707824 -0.800832132432
-0.996998499250 0.059157259453 -1.197012892779
-0.995997998999 0.059269120854 -1.571761856689
-0.994997498749 0.059381293147 -1.925804677629
-0.993996998499 0.059493777460 -2.259848262757
-0.992996498249 0.059606574926 -2.574581165863
-0.991995997999 0.059719686681 -2.870673973444
-0.990995497749 0.059833113868 -3.148779684030
-0.989994997499 0.059946857634 -3.409534080850
-0.988994497249 0.060060919132 -3.653556097940
-0.987993996998 0.060175299518 -3.881448179789
-0.986993496748 0.060289999957 -4.093796634616
-0.985992996498 0.060405021615 -4.291171981386
-0.984992496248 0.060520365666 -4.474129290632
-0.983991995998 0.060636033288 -4.643208519209
-0.982991495748 0.060752025664 -4.798934839038
-0.981990995498 0.060868343983 -4.941818959958
-0.980990495248 0.060984989440 -5.072357446749
-0.979989994997 0.061101963233 -5.191033030446
-0.978989494747 0.061219266569 -5.298314913985
-0.977988994497 0.061336900655 -5.394659072323
-0.976988494247 0.061454866710 -5.480508547059
-0.975987993997 0.061573165953 -5.556293735685
-0.974987493747 0.061691799610 -5.622432675524
-0.973986993497 0.061810768915 -5.679331322442
-0.972986493247 0.061930075104 -5.727383824418
-0.971985992996 0.062049719422 -5.766972790047
-0.970985492746 0.062169703115 -5.798469552056
-0.969984992496 0.062290027439 -5.822234425908
-0.968984492246 0.062410693654 -5.838616963573
-0.967983991996 0.062531703026 -5.847956202543
-0.966983491746 0.062653056825 -5.850580910150
-0.965982991496 0.062774756329 -5.846809823290
-0.964982491246 0.062896802821 -5.836951883591
-0.963981990995 0.063019197589 -5.821306468121
-0.962981490745 0.063141941928 -5.800163615695
-0.961980990495 0.063265037139 -5.773804248855
-0.960980490245 0.063388484527 -5.742500391587
-0.959979989995 0.063512285404 -5.706515382850
-0.958979489745 0.063636441090 -5.666104085971
-0.957978989495 0.063760952908 -5.621513093988
-0.956978489245 0.063885822187 -5.572980930995
-0.955977988994 0.064011050265 -5.520738249550
-0.954977488744 0.064136638484 -5.465008024228
-0.953976988494 0.064262588191 -5.406005741352
-0.952976488244 0.064388900742 -5.343939584994
-0.951975987994 0.064515577497 -5.279010619283
-0.950975487744 0.064642619823 -5.211412967099
-0.949974987494 0.064770029093 -5.141333985189
-0.948974487244 0.064897806687 -5.068954435790
-0.947973986993 0.065025953990 -4.994448654798
-0.946973486743 0.065154472394 -4.917984716543
-0.945972986493 0.065283363299 -4.839724595230
-0.944972486243 0.065412628108 -4.759824323100
-0.943971985993 0.065542268233 -4.678434145365
-0.942971485743 0.065672285091 -4.595698671965
-0.941970985493 0.065802680108 -4.511757026215
-0.940970485243 0.065933454714 -4.426742990372
-0.939969984992 0.066064610346 -4.340785148195
-0.938969484742 0.066196148449 -4.254007024539
-0.937968984492 0.066328070472 -4.166527222027
-0.936968484242 0.066460377874 -4.078459554865
-0.935967983992 0.066593072119 -3.989913179831
-0.934967483742 0.066726154677 -3.900992724503
-0.933966983492 0.066859627027 -3.811798412757
-0.932966483242 0.066993490652 -3.722426187597
-0.931965982991 0.067127747044 -3.632967831350
-0.930965482741 0.067262397702 -3.543511083278
-0.929964982491 0.067397444130 -3.454139754658
-0.928964482241 0.067532887841 -3.364933841353
-0.927963981991 0.067668730354 -3.275969633945
-0.926963481741 0.067804973195 -3.187319825449
-0.925962981491 0.067941617898 -3.099053616668
-0.924962481241 0.068078666003 -3.011236819216
-0.923961980990 0.068216119059 -2.923931956262
-0.922961480740 0.068353978619 -2.837198361030
-0.921960980490 0.068492246246 -2.751092273089
-0.920960480240 0.068630923510 -2.665666932488
-0.919959979990 0.068770011987 -2.580972671757
-0.918959479740 0.068909513261 -2.497057005824
-0.917958979490 0.069049428925 -2.413964719882
-0.916958479240 0.069189760576 -2.331737955243
-0.915957978989 0.069330509822 -2.250416293209
-0.914957478739 0.069471678276 -2.170036837015
-0.913956978489 0.069613267561 -2.090634291852
-0.912956478239 0.069755279305 -2.012241043031
-0.911955977989 0.069897715145 -1.934887232305
-0.910955477739 0.070040576725 -1.858600832388
-0.909954977489 0.070183865699 -1.783407719713
-0.908954477239 0.070327583726 -1.709331745439
-0.907953976988 0.070471732474 -1.636394804772
-0.906953476738 0.070616313619 -1.564616904600
-0.905952976488 0.070761328844 -1.494016229494
-0.904952476238 0.070906779842 -1.424609206100
-0.903951975988 0.071052668311 -1.356410565948
-0.902951475738 0.071198995959 -1.289433406715
-0.901950975488 0.071345764502 -1.223689251965
-0.900950475238 0.071492975665 -1.159188109407
-0.899949974987 0.071640631178 -1.095938527676
-0.898949474737 0.071788732783 -1.033947651697
-0.897948974487 0.071937282227 -0.973221276628
-0.896948474237 0.072086281268 -0.913763900439
-0.895947973987 0.072235731670 -0.855578775125
-0.894947473737 0.072385635208 -0.798667956600
-0.893946973487 0.072535993663 -0.743032353299
-0.892946473237 0.072686808826 -0.688671773491
-0.891945972986 0.072838082496 -0.635584971357
-0.890945472736 0.072989816480 -0.583769691837
-0.889944972486 0.073142012595 -0.533222714281
-0.888944472236 0.073294672665 -0.483939894923
-0.887943971986 0.073447798525 -0.435916208209
-0.886943471736 0.073601392016 -0.389145786988
-0.885942971486 0.073755454991 -0.343621961606
-0.884942471236 0.073909989308 -0.299337297913
-0.883941970985 0.074064996838 -0.256283634212
-0.882941470735 0.074220479457 -0.214452117169
-0.881940970485 0.074376439054 -0.173833236703
-0.880940470235 0.074532877524 -0.134416859888
-0.879939969985 0.074689796773 -0.096192263870
-0.878939469735 0.074847198714 -0.059148167837
-0.877938969485 0.075005085272 -0.023272764051
-0.876938469235 0.075163458380 0.011446252031
-0.875937968984 0.075322319979 0.045021652541
-0.874937468734 0.075481672021 0.077466648843
-0.873936968484 0.075641516468 0.108794864052
-0.872936468234 0.075801855290 0.139020306378
-0.871935967984 0.075962690466 0.168157343296
-0.870935467734 0.076124023987 0.196220676519
-0.869934967484 0.076285857852 0.223225317756
-0.868934467234 0.076448194070 0.249186565235
-0.867933966983 0.076611034659 0.274119980978
-0.866933466733 0.076774381648 0.298041368813
-0.865932966483 0.076938237075 0.320966753100
-0.864932466233 0.077102602990 0.342912358161
-0.863931965983 0.077267481449 0.363894588392
-0.862931465733 0.077432874522 0.383930009050
-0.861930965483 0.077598784286 0.403035327690
-0.860930465233 0.077765212831 0.421227376247
-0.859929964982 0.077932162254 0.438523093736
-0.858929464732 0.078099634665 0.454939509569
-0.857928964482 0.078267632184 0.470493727464
-0.856928464232 0.078436156939 0.485202909939
-0.855927963982 0.078605211072 0.499084263371
-0.854927463732 0.078774796732 0.512155023609
-0.853926963482 0.078944916080 0.524432442139
-0.852926463232 0.079115571289 0.535933772761
-0.851925962981 0.079286764540 0.546676258795
-0.850925462731 0.079458498028 0.556677120782
-0.849924962481 0.079630773955 0.565953544683
-0.848924462231 0.079803594536 0.574522670550
-0.847923961981 0.079976961997 0.582401581664
-0.846923461731 0.080150878576 0.589607294137
-0.845922961481 0.080325346518 0.596156746943
-0.844922461231 0.080500368084 0.602066792396
-0.843921960980 0.080675945542 0.607354187038
-0.842921460730 0.080852081175 0.612035582943
-0.841920960480 0.081028777274 0.616127519422
-0.840920460230 0.081206036143 0.619646415111
-0.839919959980 0.081383860098 0.622608560446
-0.838919459730 0.081562251465 0.625030110501
-0.837918959480 0.081741212581 0.626927078189
-0.836918459230 0.081920745798 0.628315327809
-0.835917958979 0.082100853477 0.629210568939
-0.834917458729 0.082281537990 0.629628350650
-0.833916958479 0.082462801723 0.629584056057
-0.832916458229 0.082644647072 0.629092897162
-0.831915957979 0.082827076446 0.628169910023
-0.830915457729 0.083010092267 0.626829950202
-0.829914957479 0.083193696967 0.625087688507
-0.828914457229 0.083377892992 0.622957607014
-0.827913956978 0.083562682797 0.620453995355
-0.826913456728 0.083748068854 0.617590947273
-0.825912956478 0.083934053644 0.614382357429
-0.824912456228 0.084120639661 0.610841918459
-0.823911955978 0.084307829413 0.606983118269
-0.822911455728 0.084495625418 0.602819237563
-0.821910955478 0.084684030209 0.598363347598
-0.820910455228 0.084873046330 0.593628308156
-0.819909954977 0.085062676340 0.588626765728
-0.818909454727 0.085252922808 0.583371151903
-0.817908954477 0.085443788318 0.577873681958
-0.816908454227 0.085635275467 0.572146353632
-0.815907953977 0.085827386864 0.566200946098
-0.814907453727 0.086020125131 0.560049019105
-0.813906953477 0.086213492904 0.553701912293
-0.812906453227 0.086407492834 0.547170744686
-0.811905952976 0.086602127581 0.540466414333
-0.810905452726 0.086797399823 0.533599598118
-0.809904952476 0.086993312249 0.526580751712
-0.808904452226 0.087189867562 0.519420109673
-0.807903951976 0.087387068480 0.512127685686
-0.806903451726 0.087584917732 0.504713272941
-0.805902951476 0.087783418064 0.497186444636
-0.804902451226 0.087982572233 0.489556554606
-0.803901950975 0.088182383014 0.481832738077
-0.802901450725 0.088382853191 0.474023912527
-0.801900950475 0.088583985567 0.466138778666
-0.800900450225 0.088785782956 0.458185821518
-0.799899949975 0.088988248187 0.450173311604
-0.798899449725 0.089191384106 0.442109306229
-0.797898949475 0.089395193569 0.434001650852
-0.796898449225 0.089599679450 0.425857980557
-0.795897948974 0.089804844638 0.417685721602
-0.794897448724 0.090010692033 0.409492093051
-0.793896948474 0.090217224554 0.401284108486
-0.792896448224 0.090424445134 0.393068577789
-0.791895947974 0.090632356719 0.384852109000
-0.790895447724 0.090840962271 0.376641110240
-0.789894947474 0.091050264769 0.368441791692
-0.788894447224 0.091260267206 0.360260167653
-0.787893946973 0.091470972589 0.352102058630
-0.786893446723 0.091682383943 0.343973093505
-0.785892946473 0.091894504308 0.335878711737
-0.784892446223 0.092107336737 0.327824165617
-0.783891945973 0.092320884303 0.319814522572
-0.782891445723 0.092535150091 0.311854667506
-0.781890945473 0.092750137204 0.303949305179
-0.780890445223 0.092965848762 0.296102962627
-0.779889944972 0.093182287898 0.288319991613
-0.778889444722 0.093399457764 0.280604571111
-0.777888944472 0.093617361527 0.272960709817
-0.776888444222 0.093836002371 0.265392248687
-0.775887943972 0.094055383496 0.257902863502
-0.774887443722 0.094275508119 0.250496067448
-0.773886943472 0.094496379472 0.243175213725
-0.772886443222 0.094718000808 0.235943498165
-0.771885942971 0.094940375392 0.228803961868
-0.770885442721 0.095163506510 0.221759493858
-0.769884942471 0.095387397461 0.214812833738
-0.768884442221 0.095612051566 0.207966574362
-0.767883941971 0.095837472159 0.201223164520
-0.766883441721 0.096063662594 0.194584911616
-0.765882941471 0.096290626242 0.188053984359
-0.764882441221 0.096518366491 0.181632415455
-0.763881940970 0.096746886747 0.175322104299
-0.762881440720 0.096976190434 0.169124819669
-0.761880940470 0.097206280993 0.163042202410
-0.760880440220 0.097437161885 0.157075768125
-0.759879939970 0.097668836588 0.151226909852
-0.758879439720 0.097901308597 0.145496900743
-0.757878939470 0.098134581427 0.139886896724
-0.756878439220 0.098368658611 0.134397939159
-0.755877938969 0.098603543701 0.129030957494
-0.754877438719 0.098839240267 0.123786771894
-0.753876938469 0.099075751898 0.118666095865
-0.752876438219 0.099313082201 0.113669538865
-0.751875937969 0.099551234805 0.108797608901
-0.750875437719 0.099790213354 0.104050715104
-0.749874937469 0.100030021515 0.099429170297
-0.748874437219 0.100270662972 0.094933193534
-0.747873936968 0.100512141428 0.090562912634
-0.746873436718 0.100754460609 0.086318366683
-0.745872936468 0.100997624256 0.082199508524
-0.744872436218 0.101241636134 0.078206207222
-0.743871935968 0.101486500026 0.074338250509
-0.742871435718 0.101732219734 0.070595347209
-0.741870935468 0.101978799083 0.066977129634
-0.740870435218 0.102226241915 0.063483155959
-0.739869934967 0.102474552095 0.060112912580
-0.738869434717 0.102723733508 0.056865816433
-0.737868934467 0.102973790059 0.053741217298
-0.736868434217 0.103224725674 0.050738400078
-0.735867933967 0.103476544300 0.047856587039
-0.734867433717 0.103729249905 0.045094940043
-0.733866933467 0.103982846478 0.042452562733
-0.732866433217 0.104237338029 0.039928502707
-0.731865932966 0.104492728592 0.037521753651
-0.730865432716 0.104749022218 0.035231257454
-0.729864932466 0.105006222984 0.033055906288
-0.728864432216 0.105264334985 0.030994544660
-0.727863931966 0.105523362341 0.029045971435
-0.726863431716 0.105783309193 0.027208941831
-0.725862931466 0.106044179703 0.025482169382
-0.724862431216 0.106305978058 0.023864327871
-0.723861930965 0.106568708464 0.022354053233
-0.722861430715 0.106832375153 0.020949945432
-0.721860930465 0.107096982377 0.019650570297
-0.720860430215 0.107362534413 0.018454461339
-0.719859929965 0.107629035559 0.017360121529
-0.718859429715 0.107896490138 0.016366025050
-0.717858929465 0.108164902496 0.015470619012
-0.716858429215 0.108434277000 0.014672325146
-0.715857928964 0.108704618044 0.013969541456
-0.714857428714 0.108975930043 0.013360643846
-0.713856928464 0.109248217438 0.012843987717
-0.712856428214 0.109521484692 0.012417909528
-0.711855927964 0.109795736294 0.012080728326
-0.710855427714 0.110070976756 0.011830747256
-0.709854927464 0.110347210615 0.011666255021
-0.708854427214 0.110624442431 0.011585527330
-0.707853926963 0.110902676792 0.011586828303
-0.706853426713 0.111181918308 0.011668411847
-0.705852926463 0.111462171614 0.011828523009
-0.704852426213 0.111743441373 0.012065399286
-0.703851925963 0.112025732271 0.012377271919
-0.702851425713 0.112309049018 0.012762367141
-0.701850925463 0.112593396354 0.013218907411
-0.700850425213 0.112878779041 0.013745112604
-0.699849924962 0.113165201868 0.014339201181
-0.698849424712 0.113452669651 0.014999391325
-0.697848924462 0.113741187231 0.015723902048
-0.696848424212 0.114030759476 0.016510954268
-0.695847923962 0.114321391281 0.017358771862
-0.694847423712 0.114613087567 0.018265582682
-0.693846923462 0.114905853281 0.019229619552
-0.692846423212 0.115199693401 0.020249121227
-0.691845922961 0.115494612926 0.021322333331
-0.690845422711 0.115790616888 0.022447509263
-0.689844922461 0.116087710344 0.023622911082
-0.688844422211 0.116385898378 0.024846810353
-0.687843921961 0.116685186104 0.026117488979
-0.686843421711 0.116985578662 0.027433239996
-0.685842921461 0.117287081222 0.028792368349
-0.684842421211 0.117589698980 0.030193191636
-0.683841920960 0.117893437164 0.031634040829
-0.682841420710 0.118198301027 0.033113260970
-0.681840920460 0.118504295854 0.034629211839
-0.680840420210 0.118811426957 0.036180268601
-0.679839919960 0.119119699678 0.037764822424
-0.678839419710 0.119429119388 0.039381281074
-0.677838919460 0.119739691489 0.041028069490
-0.676838419210 0.120051421412 0.042703630327
-0.675837918959 0.120364314616 0.044406424483
-0.674837418709 0.120678376594 0.046134931599
-0.673836918459 0.120993612865 0.047887650537
-0.672836418209 0.121310028982 0.049663099840
-0.671835917959 0.121627630528 0.051459818158
-0.670835417709 0.121946423115 0.053276364665
-0.669834917459 0.122266412388 0.055111319449
-0.668834417209 0.122587604022 0.056963283881
-0.667833916958 0.122910003725 0.058830880962
-0.666833416708 0.123233617234 0.060712755651
-0.665832916458 0.123558450321 0.062607575174
-0.664832416208 0.123884508789 0.064514029312
-0.663831915958 0.124211798470 0.066430830669
-0.662831415708 0.124540325234 0.068356714921
-0.661830915458 0.124870094979 0.070290441047
-0.660830415208 0.125201113638 0.072230791542
-0.659829914957 0.125533387176 0.074176572608
-0.658829414707 0.125866921592 0.076126614336
-0.657828914457 0.126201722918 0.078079770858
-0.656828414207 0.126537797220 0.080034920496
-0.655827913957 0.126875150597 0.081990965881
-0.654827413707 0.127213789182 0.083946834066
-0.653826913457 0.127553719143 0.085901476616
-0.652826413207 0.127894946682 0.087853869685
-0.651825912956 0.128237478035 0.089803014081
-0.650825412706 0.128581319475 0.091747935309
-0.649824912456 0.128926477307 0.093687683605
-0.648824412206 0.129272957874 0.095621333950
-0.647823911956 0.129620767551 0.097547986078
-0.646823411706 0.129969912753 0.099466764465
-0.645822911456 0.130320399928 0.101376818300
-0.644822411206 0.130672235561 0.103277321457
-0.643821910955 0.131025426173 0.105167472438
-0.642821410705 0.131379978321 0.107046494315
-0.641820910455 0.131735898600 0.108913634655
-0.640820410205 0.132093193642 0.110768165434
-0.639819909955 0.132451870115 0.112609382942
-0.638819409705 0.132811934725 0.114436607671
-0.637818909455 0.133173394215 0.116249184201
-0.636818409205 0.133536255368 0.118046481063
-0.635817908954 0.133900525003 0.119827890607
-0.634817408704 0.134266209978 0.121592828848
-0.633816908454 0.134633317189 0.123340735306
-0.632816408204 0.135001853572 0.125071072842
-0.631815907954 0.135371826101 0.126783327474
-0.630815407704 0.135743241790 0.128477008195
-0.629814907454 0.136116107692 0.130151646777
-0.628814407204 0.136490430899 0.131806797570
-0.627813906953 0.136866218545 0.133442037287
-0.626813406703 0.137243477802 0.135056964789
-0.625812906453 0.137622215884 0.136651200860
-0.624812406203 0.138002440046 0.138224387969
-0.623811905953 0.138384157581 0.139776190040
-0.622811405703 0.138767375826 0.141306292197
-0.621810905453 0.139152102159 0.142814400518
-0.620810405203 0.139538343999 0.144300241772
-0.619809904952 0.139926108808 0.145763563161
-0.618809404702 0.140315404089 0.147204132048
-0.617808904452 0.140706237387 0.148621735682
-0.616808404202 0.141098616291 0.150016180920
-0.615807903952 0.141492548433 0.151387293943
-0.614807403702 0.141888041486 0.152734919969
-0.613806903452 0.142285103170 0.154058922958
-0.612806403202 0.142683741245 0.155359185317
-0.611805902951 0.143083963518 0.156635607601
-0.610805402701 0.143485777838 0.157888108208
-0.609804902451 0.143889192099 0.159116623073
-0.608804402201 0.144294214240 0.160321105356
-0.607803901951 0.144700852247 0.161501525132
-0.606803401701 0.145109114146 0.162657869075
-0.605802901451 0.145519008015 0.163790140140
-0.604802401201 0.145930541973 0.164898357241
-0.603801900950 0.146343724187 0.165982554934
-0.602801400700 0.146758562870 0.167042783087
-0.601800900450 0.147175066281 0.168079106562
-0.600800400200 0.147593242728 0.169091604881
-0.599799899950 0.148013100564 0.170080371905
-0.598799399700 0.148434648189 0.171045515498
-0.597798899450 0.148857894054 0.171987157204
-0.596798399200 0.149282846654 0.172905431912
-0.595797898949 0.149709514536 0.173800487529
-0.594797398699 0.150137906291 0.174672484644
-0.593796898449 0.150568030564 0.175521596201
-0.592796398199 0.150999896046 0.176348007168
-0.591795897949 0.151433511477 0.177151914200
-0.590795397699 0.151868885649 0.177933525317
-0.589794897449 0.152306027403 0.178693059566
-0.588794397199 0.152744945629 0.179430746696
-0.587793896948 0.153185649268 0.180146826830
-0.586793396698 0.153628147315 0.180841550133
-0.585792896448 0.154072448811 0.181515176488
-0.584792396198 0.154518562852 0.182167975172
-0.583791895948 0.154966498586 0.182800224529
-0.582791395698 0.155416265210 0.183412211649
-0.581790895448 0.155867871977 0.184004232045
-0.580790395198 0.156321328190 0.184576589340
-0.579789894947 0.156776643205 0.185129594940
-0.578789394697 0.157233826433 0.185663567728
-0.577788894447 0.157692887338 0.186178833744
-0.576788394197 0.158153835437 0.186675725879
-0.575787893947 0.158616680302 0.187154583563
-0.574787393697 0.159081431559 0.187615752458
-0.573786893447 0.159548098889 0.188059584159
-0.572786393197 0.160016692027 0.188486435887
-0.571785892946 0.160487220766 0.188896670197
-0.570785392696 0.160959694953 0.189290654676
-0.569784892446 0.161434124491 0.189668761654
-0.568784392196 0.161910519339 0.190031367914
-0.567783891946 0.162388889514 0.190378854406
-0.566783391696 0.162869245089 0.190711605960
-0.565782891446 0.163351596195 0.191030011011
-0.564782391196 0.163835953020 0.191334461318
-0.563781890945 0.164322325810 0.191625351693
-0.562781390695 0.164810724870 0.191903079729
-0.561780890445 0.165301160562 0.192168045534
-0.560780390195 0.165793643309 0.192420651470
-0.559779889945 0.166288183592 0.192661301890
-0.558779389695 0.166784791952 0.192890402885
-0.557778889445 0.167283478990 0.193108362033
-0.556778389195 0.167784255366 0.193315588146
-0.555777888944 0.168287131803 0.193512491032
-0.554777388694 0.168792119083 0.193699481251
-0.553776888444 0.169299228049 0.193876969876
-0.552776388194 0.169808469607 0.194045368269
-0.551775887944 0.170319854725 0.194205087842
-0.550775387694 0.170833394432 0.194356539843
-0.549774887444 0.171349099819 0.194500135125
-0.548774387194 0.171866982043 0.194636283941
-0.547773886943 0.172387052321 0.194765395722
-0.546773386693 0.172909321935 0.194887878875
-0.545772886443 0.173433802231 0.195004140579
-0.544772386193 0.173960504619 0.195114586582
-0.543771885943 0.174489440575 0.195219621012
-0.542771385693 0.175020621638 0.195319646178
-0.541770885443 0.175554059412 0.195415062390
-0.540770385193 0.176089765569 0.195506267775
-0.539769884942 0.176627751846 0.195593658097
-0.538769384692 0.177168030046 0.195677626585
-0.537768884442 0.177710612038 0.195758563762
-0.536768384192 0.178255509760 0.195836857284
-0.535767883942 0.178802735216 0.195912891774
-0.534767383692 0.179352300478 0.195987048669
-0.533766883442 0.179904217686 0.196059706065
-0.532766383192 0.180458499049 0.196131238573
-0.531765882941 0.181015156845 0.196202017173
-0.530765382691 0.181574203419 0.196272409075
-0.529764882441 0.182135651190 0.196342777584
-0.528764382191 0.182699512641 0.196413481973
-0.527763881941 0.183265800331 0.196484877351
-0.526763381691 0.183834526885 0.196557314544
-0.525762881441 0.184405705002 0.196631139979
-0.524762381191 0.184979347450 0.196706695567
-0.523761880940 0.185555467071 0.196784318596
-0.522761380690 0.186134076776 0.196864341626
-0.521760880440 0.186715189553 0.196947092387
-0.520760380190 0.187298818457 0.197032893684
-0.519759879940 0.187884976620 0.197122063303
-0.518759379690 0.188473677247 0.197214913922
-0.517758879440 0.189064933616 0.197311753029
-0.516758379190 0.189658759079 0.197412882840
-0.515757878939 0.190255167062 0.197518600224
-0.514757378689 0.190854171068 0.197629196629
-0.513756878439 0.191455784673 0.197744958016
-0.512756378189 0.192060021529 0.197866164792
-0.511755877939 0.192666895366 0.197993091755
-0.510755377689 0.193276419988 0.198126008028
-0.509754877439 0.193888609275 0.198265177017
-0.508754377189 0.194503477187 0.198410856355
-0.507753876938 0.195121037758 0.198563297858
-0.506753376688 0.195741305103 0.198722747488
-0.505752876438 0.196364293413 0.198889445310
-0.504752376188 0.196990016957 0.199063625460
-0.503751875938 0.197618490083 0.199245516113
-0.502751375688 0.198249727221 0.199435339462
-0.501750875438 0.198883742876 0.199633311687
-0.500750375188 0.199520551635 0.199839642940
-0.499749874937 0.200160168167 0.200054537324
-0.498749374687 0.200802607217 0.200278192888
-0.497748874437 0.201447883616 0.200510801607
-0.496748374187 0.202096012271 0.200752549386
-0.495747873937 0.202747008176 0.201003616047
-0.494747373687 0.203400886402 0.201264175335
-0.493746873437 0.204057662105 0.201534394922
-0.492746373187 0.204717350524 0.201814436409
-0.491745872936 0.205379966978 0.202104455336
-0.490745372686 0.206045526872 0.202404601198
-0.489744872436 0.206714045693 0.202715017457
-0.488744372186 0.207385539014 0.203035841560
-0.487743871936 0.208060022490 0.203367204962
-0.486743371686 0.208737511861 0.203709233148
-0.485742871436 0.209418022953 0.204062045661
-0.484742371186 0.210101571676 0.204425756130
-0.483741870935 0.210788174027 0.204800472302
-0.482741370685 0.211477846087 0.205186296076
-0.481740870435 0.212170604025 0.205583323541
-0.480740370185 0.212866464096 0.205991645015
-0.479739869935 0.213565442640 0.206411345087
-0.478739369685 0.214267556088 0.206842502660
-0.477738869435 0.214972820954 0.207285190999
-0.476738369185 0.215681253844 0.207739477778
-0.475737868934 0.216392871449 0.208205425134
-0.474737368684 0.217107690549 0.208683089715
-0.473736868434 0.217825728014 0.209172522742
-0.472736368184 0.218547000801 0.209673770059
-0.471735867934 0.219271525959 0.210186872198
-0.470735367684 0.219999320623 0.210711864435
-0.469734867434 0.220730402020 0.211248776857
-0.468734367184 0.221464787468 0.211797634426
-0.467733866933 0.222202494373 0.212358457044
-0.466733366683 0.222943540232 0.212931259622
-0.465732866433 0.223687942635 0.213516052149
-0.464732366183 0.224435719262 0.214112839765
-0.463731865933 0.225186887882 0.214721622835
-0.462731365683 0.225941466361 0.215342397018
-0.461730865433 0.226699472652 0.215975153349
-0.460730365183 0.227460924801 0.216619878315
-0.459729864932 0.228225840950 0.217276553928
-0.458729364682 0.228994239329 0.217945157814
-0.457728864432 0.229766138264 0.218625663286
-0.456728364182 0.230541556172 0.219318039429
-0.455727863932 0.231320511566 0.220022251187
-0.454727363682 0.232103023048 0.220738259441
-0.453726863432 0.232889109319 0.221466021097
-0.452726363182 0.233678789170 0.222205489175
-0.451725862931 0.234472081488 0.222956612891
-0.450725362681 0.235269005253 0.223719337748
-0.449724862431 0.236069579542 0.224493605626
-0.448724362181 0.236873823523 0.225279354868
-0.447723861931 0.237681756461 0.226076520373
-0.446723361681 0.238493397715 0.226885033684
-0.445722861431 0.239308766742 0.227704823085
-0.444722361181 0.240127883089 0.228535813684
-0.443721860930 0.240950766402 0.229377927514
-0.442721360680 0.241777436423 0.230231083622
-0.441720860430 0.242607912987 0.231095198159
-0.440720360180 0.243442216025 0.231970184482
-0.439719859930 0.244280365567 0.232855953240
-0.438719359680 0.245122381735 0.233752412470
-0.437718859430 0.245968284749 0.234659467694
-0.436718359180 0.246818094924 0.235577022011
-0.435717858929 0.247671832673 0.236504976192
-0.434717358679 0.248529518502 0.237443228774
-0.433716858429 0.249391173015 0.238391676157
-0.432716358179 0.250256816913 0.239350212694
-0.431715857929 0.251126470992 0.240318730791
-0.430715357679 0.252000156144 0.241297120996
-0.429714857429 0.252877893358 0.242285272099
-0.428714357179 0.253759703718 0.243283071219
-0.427713856928 0.254645608406 0.244290403905
-0.426713356678 0.255535628698 0.245307154224
-0.425712856428 0.256429785968 0.246333204857
-0.424712356178 0.257328101683 0.247368437191
-0.423711855928 0.258230597410 0.248412731410
-0.422711355678 0.259137294808 0.249465966589
-0.421710855428 0.260048215634 0.250528020787
-0.420710355178 0.260963381740 0.251598771133
-0.419709854927 0.261882815072 0.252678093919
-0.418709354677 0.262806537673 0.253765864692
-0.417708854427 0.263734571680 0.254861958340
-0.416708354177 0.264666939326 0.255966249181
-0.415707853927 0.265603662937 0.257078611053
-0.414707353677 0.266544764935 0.258198917399
-0.413706853427 0.267490267835 0.259327041352
-0.412706353177 0.268440194247 0.260462855827
-0.411705852926 0.269394566874 0.261606233598
-0.410705352676 0.270353408512 0.262757047385
-0.409704852426 0.271316742052 0.263915169940
-0.408704352176 0.272284590474 0.265080474125
-0.407703851926 0.273256976855 0.266252832993
-0.406703351676 0.274233924361 0.267432119874
-0.405702851426 0.275215456250 0.268618208446
-0.404702351176 0.276201595873 0.269810972819
-0.403701850925 0.277192366668 0.271010287612
-0.402701350675 0.278187792168 0.272216028024
-0.401700850425 0.279187895992 0.273428069918
-0.400700350175 0.280192701851 0.274646289884
-0.399699849925 0.281202233545 0.275870565322
-0.398699349675 0.282216514959 0.277100774505
-0.397698849425 0.283235570069 0.278336796656
-0.396698349175 0.284259422938 0.279578512015
-0.395697848924 0.285288097714 0.280825801905
-0.394697348674 0.286321618631 0.282078548800
-0.393696848424 0.287360010010 0.283336636394
-0.392696348174 0.288403296255 0.284599949658
-0.391695847924 0.289451501855 0.285868374909
-0.390695347674 0.290504651381 0.287141799871
-0.389694847424 0.291562769487 0.288420113731
-0.388694347174 0.292625880907 0.289703207204
-0.387693846923 0.293694010459 0.290990972583
-0.386693346673 0.294767183038 0.292283303804
-0.385692846423 0.295845423618 0.293580096495
-0.384692346173 0.296928757253 0.294881248028
-0.383691845923 0.298017209073 0.296186657578
-0.382691345673 0.299110804282 0.297496226166
-0.381690845423 0.300209568163 0.298809856712
-0.380690345173 0.301313526071 0.300127454085
-0.379689844922 0.302422703433 0.301448925143
-0.378689344672 0.303537125749 0.302774178781
-0.377688844422 0.304656818589 0.304103125976
-0.376688344172 0.305781807594 0.305435679828
-0.375687843922 0.306912118471 0.306771755596
-0.374687343672 0.308047776996 0.308111270744
-0.373686843422 0.309188809008 0.309454144972
-0.372686343172 0.310335240414 0.310800300256
-0.371685842921 0.311487097180 0.312149660879
-0.370685342671 0.312644405337 0.313502153469
-0.369684842421 0.313807190973 0.314857707024
-0.368684342171 0.314975480237 0.316216252945
-0.367683841921 0.316149299333 0.317577725063
-0.366683341671 0.317328674522 0.318942059671
-0.365682841421 0.318513632117 0.320309195539
-0.364682341171 0.319704198485 0.321679073947
-0.363681840920 0.320900400041 0.323051638704
-0.362681340670 0.322102263251 0.324426836167
-0.361680840420 0.323309814627 0.325804615262
-0.360680340170 0.324523080724 0.327184927500
-0.359679839920 0.325742088142 0.328567726996
-0.358679339670 0.326966863520 0.329952970481
-0.357678839420 0.328197433539 0.331340617316
-0.356678339170 0.329433824915 0.332730629504
-0.355677838919 0.330676064396 0.334122971698
-0.354677338669 0.331924178768 0.335517611212
-0.353676838419 0.333178194843 0.336914518029
-0.352676338169 0.334438139463 0.338313664801
-0.351675837919 0.335704039495 0.339715026862
-0.350675337669 0.336975921828 0.341118582221
-0.349674837419 0.338253813375 0.342524311571
-0.348674337169 0.339537741063 0.343932198285
-0.347673836918 0.340827731839 0.345342228415
-0.346673336668 0.342123812659 0.346754390688
-0.345672836418 0.343426010492 0.348168676505
-0.344672336168 0.344734352312 0.349585079930
-0.343671835918 0.346048865101 0.351003597686
-0.342671335668 0.347369575840 0.352424229148
-0.341670835418 0.348696511509 0.353846976326
-0.340670335168 0.350029699084 0.355271843862
-0.339669834917 0.351369165534 0.356698839011
-0.338669334667 0.352714937818 0.358127971630
-0.337668834417 0.354067042879 0.359559254161
-0.336668334167 0.355425507644 0.360992701616
-0.335667833917 0.356790359020 0.362428331556
-0.334667333667 0.358161623888 0.363866164076
-0.333666833417 0.359539329103 0.365306221778
-0.332666333167 0.360923501488 0.366748529756
-0.331665832916 0.362314167831 0.368193115570
-0.330665332666 0.363711354882 0.369640009218
-0.329664832416 0.365115089346 0.371089243117
-0.328664332166 0.366525397883 0.372540852072
-0.327663831916 0.367942307103 0.373994873249
-0.326663331666 0.369365843558 0.375451346147
-0.325662831416 0.370796033745 0.376910312565
-0.324662331166 0.372232904095 0.378371816574
-0.323661830915 0.373676480971 0.379835904483
-0.322661330665 0.375126790664 0.381302624805
-0.321660830415 0.376583859390 0.382772028223
-0.320660330165 0.378047713280 0.384244167555
-0.319659829915 0.379518378382 0.385719097717
-0.318659329665 0.380995880650 0.387196875682
-0.317658829415 0.382480245944 0.388677560448
-0.316658329165 0.383971500020 0.390161212992
-0.315657828914 0.385469668532 0.391647896235
-0.314657328664 0.386974777017 0.393137674993
-0.313656828414 0.388486850900 0.394630615945
-0.312656328164 0.390005915479 0.396126787578
-0.311655827914 0.391531995926 0.397626260153
-0.310655327664 0.393065117280 0.399129105654
-0.309654827414 0.394605304438 0.400635397743
-0.308654327164 0.396152582154 0.402145211715
-0.307653826913 0.397706975028 0.403658624451
-0.306653326663 0.399268507505 0.405175714366
-0.305652826413 0.400837203862 0.406696561365
-0.304652326163 0.402413088211 0.408221246788
-0.303651825913 0.403996184481 0.409749853366
-0.302651325663 0.405586516424 0.411282465166
-0.301650825413 0.407184107596 0.412819167537
-0.300650325163 0.408788981360 0.414360047064
-0.299649824912 0.410401160872 0.415905191511
-0.298649324662 0.412020669080 0.417454689769
-0.297648824412 0.413647528710 0.419008631798
-0.296648324162 0.415281762266 0.420567108581
-0.295647823912 0.416923392015 0.422130212061
-0.294647323662 0.418572439987 0.423698035087
-0.293646823412 0.420228927959 0.425270671362
-0.292646323162 0.421892877455 0.426848215381
-0.291645822911 0.423564309734 0.428430762381
-0.290645322661 0.425243245780 0.430018408274
-0.289644822411 0.426929706298 0.431611249601
-0.288644322161 0.428623711702 0.433209383463
-0.287643821911 0.430325282110 0.434812907470
-0.286643321661 0.432034437331 0.436421919681
-0.285642821411 0.433751196859 0.438036518543
-0.284642321161 0.435475579863 0.439656802832
-0.283641820910 0.437207605178 0.441282871597
-0.282641320660 0.438947291297 0.442914824096
-0.281640820410 0.440694656358 0.444552759740
-0.280640320160 0.442449718138 0.446196778030
-0.279639819910 0.444212494040 0.447846978499
-0.278639319660 0.445983001088 0.449503460651
-0.277638819410 0.447761255910 0.451166323901
-0.276638319160 0.449547274733 0.452835667513
-0.275637818909 0.451341073371 0.454511590543
-0.274637318659 0.453142667216 0.456194191775
-0.273636818409 0.454952071221 0.457883569664
-0.272636318159 0.456769299898 0.459579822271
-0.271635817909 0.458594367301 0.461283047208
-0.270635317659 0.460427287016 0.462993341573
-0.269634817409 0.462268072149 0.464710801892
-0.268634317159 0.464116735318 0.466435524060
-0.267633816908 0.465973288636 0.468167603279
-0.266633316658 0.467837743702 0.469907133998
-0.265632816408 0.469710111589 0.471654209855
-0.264632316158 0.471590402831 0.473408923617
-0.263631815908 0.473478627410 0.475171367118
-0.262631315658 0.475374794745 0.476941631206
-0.261630815408 0.477278913677 0.478719805678
-0.260630315158 0.479190992459 0.480505979225
-0.259629814907 0.481111038738 0.482300239373
-0.258629314657 0.483039059549 0.484102672424
-0.257628814407 0.484975061292 0.485913363403
-0.256628314157 0.486919049728 0.487732395992
-0.255627813907 0.488871029958 0.489559852485
-0.254627313657 0.490831006411 0.491395813719
-0.253626813407 0.492798982832 0.493240359029
-0.252626313157 0.494774962264 0.495093566186
-0.251625812906 0.496758947035 0.496955511343
-0.250625312656 0.498750938746 0.498826268984
-0.249624812406 0.500750938250 0.500705911864
-0.248624312156 0.502758945641 0.502594510959
-0.247623811906 0.504774960238 0.504492135416
-0.246623311656 0.506798980568 0.506398852492
-0.245622811406 0.508831004354 0.508314727511
-0.244622311156 0.510871028493 0.510239823807
-0.243621810905 0.512919049046 0.512174202676
-0.242621310655 0.514975061218 0.514117923325
-0.241620810405 0.517039059341 0.516071042822
-0.240620310155 0.519111036862 0.518033616048
-0.239619809905 0.521190986320 0.520005695650
-0.238619309655 0.523278899334 0.521987331989
-0.237618809405 0.525374766582 0.523978573101
-0.236618309155 0.527478577788 0.525979464642
-0.235617808904 0.529590321700 0.527990049852
-0.234617308654 0.531709986073 0.530010369500
-0.233616808404 0.533837557654 0.532040461852
-0.232616308154 0.535973022161 0.534080362618
-0.231615807904 0.538116364268 0.536130104914
-0.230615307654 0.540267567581 0.538189719222
-0.229614807404 0.542426614625 0.540259233346
-0.228614307154 0.544593486822 0.542338672376
-0.227613806903 0.546768164473 0.544428058646
-0.226613306653 0.548950626739 0.546527411696
-0.225612806403 0.551140851623 0.548636748239
-0.224612306153 0.553338815947 0.550756082119
-0.223611805903 0.555544495335 0.552885424278
-0.222611305653 0.557757864195 0.555024782725
-0.221610805403 0.559978895696 0.557174162496
-0.220610305153 0.562207561746 0.559333565625
-0.219609804902 0.564443832979 0.561502991113
-0.218609304652 0.566687678730 0.563682434897
-0.217608804402 0.568939067011 0.565871889816
-0.216608304152 0.571197964500 0.568071345588
-0.215607803902 0.573464336512 0.570280788780
-0.214607303652 0.575738146979 0.572500202778
-0.213606803402 0.578019358436 0.574729567767
-0.212606303152 0.580307931991 0.576968860701
-0.211605802901 0.582603827310 0.579218055281
-0.210605302651 0.584907002591 0.581477121934
-0.209604802401 0.587217414548 0.583746027788
-0.208604302151 0.589535018386 0.586024736652
-0.207603801901 0.591859767780 0.588313208999
-0.206603301651 0.594191614852 0.590611401942
-0.205602801401 0.596530510154 0.592919269223
-0.204602301151 0.598876402642 0.595236761190
-0.203601800900 0.601229239654 0.597563824786
-0.202601300650 0.603588966892 0.599900403531
-0.201600800400 0.605955528395 0.602246437512
-0.200600300150 0.608328866522 0.604601863368
-0.199599799900 0.610708921926 0.606966614280
-0.198599299650 0.613095633536 0.609340619961
-0.197598799400 0.615488938530 0.611723806645
-0.196598299150 0.617888772317 0.614116097082
-0.195597798899 0.620295068516 0.616517410528
-0.194597298649 0.622707758927 0.618927662742
-0.193596798399 0.625126773519 0.621346765978
-0.192596298149 0.627552040400 0.623774628984
-0.191595797899 0.629983485797 0.626211156999
-0.190595297649 0.632421034040 0.628656251751
-0.189594797399 0.634864607530 0.631109811456
-0.188594297149 0.637314126728 0.633571730820
-0.187593796898 0.639769510123 0.636041901041
-0.186593296648 0.642230674222 0.638520209809
-0.185592796398 0.644697533516 0.641006541315
-0.184592296148 0.647170000471 0.643500776250
-0.183591795898 0.649647985498 0.646002791818
-0.182591295648 0.652131396937 0.648512461738
-0.181590795398 0.654620141032 0.651029656253
-0.180590295148 0.657114121915 0.653554242143
-0.179589794897 0.659613241584 0.656086082733
-0.178589294647 0.662117399881 0.658625037902
-0.177588794397 0.664626494474 0.661170964101
-0.176588294147 0.667140420836 0.663723714365
-0.175587793897 0.669659072227 0.666283138325
-0.174587293647 0.672182339675 0.668849082227
-0.173586793397 0.674710111954 0.671421388948
-0.172586293147 0.677242275567 0.673999898015
-0.171585792896 0.679778714732 0.676584445622
-0.170585292646 0.682319311356 0.679174864651
-0.169584792396 0.684863945024 0.681770984695
-0.168584292146 0.687412492979 0.684372632079
-0.167583791896 0.689964830105 0.686979629879
-0.166583291646 0.692520828910 0.689591797956
-0.165582791396 0.695080359514 0.692208952971
-0.164582291146 0.697643289628 0.694830908417
-0.163581790895 0.700209484542 0.697457474647
-0.162581290645 0.702778807109 0.700088458897
-0.161580790395 0.705351117732 0.702723665321
-0.160580290145 0.707926274351 0.705362895017
-0.159579789895 0.710504132427 0.708005946063
-0.158579289645 0.713084544931 0.710652613542
-0.157578789395 0.715667362335 0.713302689582
-0.156578289145 0.718252432594 0.715955963388
-0.155577788894 0.720839601143 0.718612221272
-0.154577288644 0.723428710880 0.721271246699
-0.153576788394 0.726019602161 0.723932820312
-0.152576288144 0.728612112790 0.726596719981
-0.151575787894 0.731206078012 0.729262720833
-0.150575287644 0.733801330501 0.731930595294
-0.149574787394 0.736397700361 0.734600113134
-0.148574287144 0.738995015114 0.737271041500
-0.147573786893 0.741593099697 0.739943144965
-0.146573286643 0.744191776459 0.742616185567
-0.145572786393 0.746790865158 0.745289922854
-0.144572286143 0.749390182954 0.747964113927
-0.143571785893 0.751989544412 0.750638513490
-0.142571285643 0.754588761502 0.753312873889
-0.141570785393 0.757187643595 0.755986945164
-0.140570285143 0.759785997467 0.758660475097
-0.139569784892 0.762383627301 0.761333209255
-0.138569284642 0.764980334688 0.764004891046
-0.137568784392 0.767575918637 0.766675261762
-0.136568284142 0.770170175572 0.769344060635
-0.135567783892 0.772762899345 0.772011024886
-0.134567283642 0.775353881241 0.774675889777
-0.133566783392 0.777942909985 0.777338388662
-0.132566283142 0.780529771754 0.779998253043
-0.131565782891 0.783114250187 0.782655212621
-0.130565282641 0.785696126397 0.785308995355
-0.129564782391 0.788275178984 0.787959327509
-0.128564282141 0.790851184050 0.790605933718
-0.127563781891 0.793423915212 0.793248537033
-0.126563281641 0.795993143624 0.795886858988
-0.125562781391 0.798558637990 0.798520619651
-0.124562281141 0.801120164586 0.801149537682
-0.123561780890 0.803677487282 0.803773330395
-0.122561280640 0.806230367559 0.806391713813
-0.121560780390 0.808778564540 0.809004402731
-0.120560280140 0.811321835008 0.811611110770
-0.119559779890 0.813859933437 0.814211550445
-0.118559279640 0.816392612016 0.816805433218
-0.117558779390 0.818919620682 0.819392469564
-0.116558279140 0.821440707146 0.821972369032
-0.115557778889 0.823955616928 0.824544840302
-0.114557278639 0.826464093391 0.827109591255
-0.113556778389 0.828965877773 0.829666329029
-0.112556278139 0.831460709226 0.832214760085
-0.111555777889 0.833948324852 0.834754590268
-0.110555277639 0.836428459743 0.837285524873
-0.109554777389 0.838900847025 0.839807268707
-0.108554277139 0.841365217895 0.842319526154
-0.107553776888 0.843821301668 0.844822001238
-0.106553276638 0.846268825823 0.847314397689
-0.105552776388 0.848707516051 0.849796419005
-0.104552276138 0.851137096298 0.852267768521
-0.103551775888 0.853557288824 0.854728149468
-0.102551275638 0.855967814247 0.857177265046
-0.101550775388 0.858368391601 0.859614818483
-0.100550275138 0.860758738390 0.862040513102
-0.099549774887 0.863138570642 0.864454052387
-0.098549274637 0.865507602971 0.866855140049
-0.097548774387 0.867865548635 0.869243480092
-0.096548274137 0.870212119595 0.871618776878
-0.095547773887 0.872547026583 0.873980735192
-0.094547273637 0.874869979159 0.876329060307
-0.093546773387 0.877180685786 0.878663458055
-0.092546273137 0.879478853887 0.880983634885
-0.091545772886 0.881764189923 0.883289297937
-0.090545272636 0.884036399460 0.885580155100
-0.089544772386 0.886295187236 0.887855915082
-0.088544272136 0.888540257245 0.890116287474
-0.087543771886 0.890771312802 0.892360982818
-0.086543271636 0.892988056623 0.894589712668
-0.085542771386 0.895190190904 0.896802189657
-0.084542271136 0.897377417400 0.898998127562
-0.083541770885 0.899549437500 0.901177241372
-0.082541270635 0.901705952318 0.903339247346
-0.081540770385 0.903846662769 0.905483863081
-0.080540270135 0.905971269654 0.907610807578
-0.079539769885 0.908079473750 0.909719801303
-0.078539269635 0.910170975894 0.911810566251
-0.077538769385 0.912245477069 0.913882826009
-0.076538269135 0.914302678499 0.915936305822
-0.075537768884 0.916342281733 0.917970732652
-0.074537268634 0.918363988742 0.919985835243
-0.073536768384 0.920367502007 0.921981344180
-0.072536268134 0.922352524616 0.923956991955
-0.071535767884 0.924318760358 0.925912513025
-0.070535267634 0.926265913817 0.927847643874
-0.069534767384 0.928193690468 0.929762123073
-0.068534267134 0.930101796777 0.931655691341
-0.067533766883 0.931989940295 0.933528091604
-0.066533266633 0.933857829763 0.935379069054
-0.065532766383 0.935705175202 0.937208371208
-0.064532266133 0.937531688024 0.939015747967
-0.063531765883 0.939337081121 0.940800951671
-0.062531265633 0.941121068978 0.942563737161
-0.061530765383 0.942883367763 0.944303861829
-0.060530265133 0.944623695440 0.946021085680
-0.059529764882 0.946341771861 0.947715171386
-0.058529264632 0.948037318877 0.949385884337
-0.057528764382 0.949710060436 0.951032992703
-0.056528264132 0.951359722687 0.952656267478
-0.055527763882 0.952986034084 0.954255482544
-0.054527263632 0.954588725488 0.955830414713
-0.053526763382 0.956167530272 0.957380843787
-0.052526263132 0.957722184421 0.958906552605
-0.051525762881 0.959252426637 0.960407327092
-0.050525262631 0.960757998441 0.961882956315
-0.049524762381 0.962238644274 0.963333232526
-0.048524262131 0.963694111604 0.964757951211
-0.047523761881 0.965124151018 0.966156911144
-0.046523261631 0.966528516333 0.967529914423
-0.045522761381 0.967906964690 0.968876766528
-0.044522261131 0.969259256654 0.970197276357
-0.043521760880 0.970585156317 0.971491256274
-0.042521260630 0.971884431393 0.972758522157
-0.041520760380 0.973156853314 0.973998893431
-0.040520260130 0.974402197330 0.975212193122
-0.039519759880 0.975620242601 0.976398247888
-0.038519259630 0.976810772294 0.977556888068
-0.037518759380 0.977973573673 0.978687947715
-0.036518259130 0.979108438193 0.979791264639
-0.035517758879 0.980215161590 0.980866680442
-0.034517258629 0.981293543969 0.981914040559
-0.033516758379 0.982343389895 0.982933194291
-0.032516258129 0.983364508474 0.983923994840
-0.031515757879 0.984356713442 0.984886299346
-0.030515257629 0.985319823244 0.985819968918
-0.029514757379 0.986253661120 0.986724868670
-0.028514257129 0.987158055181 0.987600867747
-0.027513756878 0.988032838485 0.988447839361
-0.026513256628 0.988877849117 0.989265660820
-0.025512756378 0.989692930261 0.990054213552
-0.024512256128 0.990477930268 0.990813383139
-0.023511755878 0.991232702733 0.991543059342
-0.022511255628 0.991957106554 0.992243136125
-0.021510755378 0.992651006003 0.992913511679
-0.020510255128 0.993314270785 0.993554088452
-0.019509754877 0.993946776104 0.994164773166
-0.018509254627 0.994548402712 0.994745476840
-0.017508754377 0.995119036976 0.995296114815
-0.016508254127 0.995658570921 0.995816606766
-0.015507753877 0.996166902288 0.996306876730
-0.014507253627 0.996643934578 0.996766853117
-0.013506753377 0.997089577098 0.997196468730
-0.012506253127 0.997503745007 0.997595660780
-0.011505752876 0.997886359351 0.997964370903
-0.010505252626 0.998237347107 0.998302545168
-0.009504752376 0.998556641212 0.998610134095
-0.008504252126 0.998844180597 0.998887092667
-0.007503751876 0.999099910216 0.999133380335
-0.006503251626 0.999323781074 0.999348961034
-0.005502751376 0.999515750248 0.999533803188
-0.004502251126 0.999675780909 0.999687879716
-0.003501750875 0.999803842338 0.999811168044
-0.002501250625 0.999899909944 0.999903650104
-0.001500750375 0.999963965272 0.999965312343
-0.000500250125 0.999995996013 0.999996145722
0.000500250125 0.999995996013 0.999996145722
0.001500750375 0.999963965272 0.999965312343
0.002501250625 0.999899909944 0.999903650104
0.003501750875 0.999803842338 0.999811168044
0.004502251126 0.999675780909 0.999687879716
0.005502751376 0.999515750248 0.999533803188
0.006503251626 0.999323781074 0.999348961034
0.007503751876 0.999099910216 0.999133380335
0.008504252126 0.998844180597 0.998887092667
0.009504752376 0.998556641212 0.998610134095
0.010505252626 0.998237347107 0.998302545168
0.011505752876 0.997886359351 0.997964370903
0.012506253127 0.997503745007 0.997595660780
0.013506753377 0.997089577098 0.997196468730
0.014507253627 0.996643934578 0.996766853117
0.015507753877 0.996166902288 0.996306876730
0.016508254127 0.995658570921 0.995816606766
0.017508754377 0.995119036976 0.995296114815
0.018509254627 0.994548402712 0.994745476840
0.019509754877 0.993946776104 0.994164773166
0.020510255128 0.993314270785 0.993554088452
0.021510755378 0.992651006003 0.992913511679
0.022511255628 0.991957106554 0.992243136125
0.023511755878 0.991232702733 0.991543059342
0.024512256128 0.990477930268 0.990813383139
0.025512756378 0.989692930261 0.990054213552
0.026513256628 0.988877849117 0.989265660820
0.027513756878 0.988032838485 0.988447839361
0.028514257129 0.987158055181 0.987600867747
0.029514757379 0.986253661120 0.986724868670
0.030515257629 0.985319823244 0.985819968918
0.031515757879 0.984356713442 0.984886299346
0.032516258129 0.983364508474 0.983923994840
0.033516758379 0.982343389895 0.982933194291
0.034517258629 0.981293543969 0.981914040559
0.035517758879 0.980215161590 0.980866680442
0.036518259130 0.979108438193 0.979791264639
0.037518759380 0.977973573673 0.978687947715
0.038519259630 0.976810772294 0.977556888068
0.039519759880 0.975620242601 0.976398247888
0.040520260130 0.974402197330 0.975212193122
0.041520760380 0.973156853314 0.973998893431
0.042521260630 0.971884431393 0.972758522157
0.043521760880 0.970585156317 0.971491256274
0.044522261131 0.969259256654 0.970197276357
0.045522761381 0.967906964690 0.968876766528
0.046523261631 0.966528516333 0.967529914423
0.047523761881 0.965124151018 0.966156911144
0.048524262131 0.963694111604 0.964757951211
0.049524762381 0.962238644274 0.963333232526
0.050525262631 0.960757998441 0.961882956315
0.051525762881 0.959252426637 0.960407327092
0.052526263132 0.957722184421 0.958906552605
0.053526763382 0.956167530272 0.957380843787
0.054527263632 0.954588725488 0.955830414713
0.055527763882 0.952986034084 0.954255482544
0.056528264132 0.951359722687 0.952656267478
0.057528764382 0.949710060436 0.951032992703
0.058529264632 0.948037318877 0.949385884337
0.059529764882 0.946341771861 0.947715171386
0.060530265133 0.944623695440 0.946021085680
0.061530765383 0.942883367763 0.944303861829
0.062531265633 0.941121068978 0.942563737161
0.063531765883 0.939337081121 0.940800951671
0.064532266133 0.937531688024 0.939015747967
0.065532766383 0.935705175202 0.937208371208
0.066533266633 0.933857829763 0.935379069054
0.067533766883 0.931989940295 0.933528091604
0.068534267134 0.930101796777 0.931655691341
0.069534767384 0.928193690468 0.929762123073
0.070535267634 0.926265913817 0.927847643874
0.071535767884 0.924318760358 0.925912513025
0.072536268134 0.922352524616 0.923956991955
0.073536768384 0.920367502007 0.921981344180
0.074537268634 0.918363988742 0.919985835243
0.075537768884 0.916342281733 0.917970732652
0.076538269135 0.914302678499 0.915936305822
0.077538769385 0.912245477069 0.913882826009
0.078539269635 0.910170975894 0.911810566251
0.079539769885 0.908079473750 0.909719801303
0.080540270135 0.905971269654 0.907610807578
0.081540770385 0.903846662769 0.905483863081
0.082541270635 0.901705952318 0.903339247346
0.083541770885 0.899549437500 0.901177241372
0.084542271136 0.897377417400 0.898998127562
0.085542771386 0.895190190904 0.896802189657
0.086543271636 0.892988056623 0.894589712668
0.087543771886 0.890771312802 0.892360982818
0.088544272136 0.888540257245 0.890116287474
0.089544772386 0.886295187236 0.887855915082
0.090545272636 0.884036399460 0.885580155100
0.091545772886 0.881764189923 0.883289297937
0.092546273137 0.879478853887 0.880983634885
0.093546773387 0.877180685786 0.878663458055
0.094547273637 0.874869979159 0.876329060307
0.095547773887 0.872547026583 0.873980735192
0.096548274137 0.870212119595 0.871618776878
0.097548774387 0.867865548635 0.869243480092
0.098549274637 0.865507602971 0.866855140049
0.099549774887 0.863138570642 0.864454052387
0.100550275138 0.860758738390 0.862040513102
0.101550775388 0.858368391601 0.859614818483
0.102551275638 0.855967814247 0.857177265046
0.103551775888 0.853557288824 0.854728149468
0.104552276138 0.851137096298 0.852267768521
0.105552776388 0.848707516051 0.849796419005
0.106553276638 0.846268825823 0.847314397689
0.107553776888 0.843821301668 0.844822001238
0.108554277139 0.841365217895 0.842319526154
0.109554777389 0.838900847025 0.839807268707
0.110555277639 0.836428459743 0.837285524873
0.111555777889 0.833948324852 0.834754590268
0.112556278139 0.831460709226 0.832214760085
0.113556778389 0.828965877773 0.829666329029
0.114557278639 0.826464093391 0.827109591255
0.115557778889 0.823955616928 0.824544840302
0.116558279140 0.821440707146 0.821972369032
0.117558779390 0.818919620682 0.819392469564
0.118559279640 0.816392612016 0.816805433218
0.119559779890 0.813859933437 0.814211550445
0.120560280140 0.811321835008 0.811611110770
0.121560780390 0.808778564540 0.809004402731
0.122561280640 0.806230367559 0.806391713813
0.123561780890 0.803677487282 0.803773330395
0.124562281141 0.801120164586 0.801149537682
0.125562781391 0.798558637990 0.798520619651
0.126563281641 0.795993143624 0.795886858988
0.127563781891 0.793423915212 0.793248537033
0.128564282141 0.790851184050 0.790605933718
0.129564782391 0.788275178984 0.787959327509
0.130565282641 0.785696126397 0.785308995355
0.131565782891 0.783114250187 0.782655212621
0.132566283142 0.780529771754 0.779998253043
0.133566783392 0.777942909985 0.777338388662
0.134567283642 0.775353881241 0.774675889777
0.135567783892 0.772762899345 0.772011024886
0.136568284142 0.770170175572 0.769344060635
0.137568784392 0.767575918637 0.766675261762
0.138569284642 0.764980334688 0.764004891046
0.139569784892 0.762383627301 0.761333209255
0.140570285143 0.759785997467 0.758660475097
0.141570785393 0.757187643595 0.755986945164
0.142571285643 0.754588761502 0.753312873889
0.143571785893 0.751989544412 0.750638513490
0.144572286143 0.749390182954 0.747964113927
0.145572786393 0.746790865158 0.745289922854
0.146573286643 0.744191776459 0.742616185567
0.147573786893 0.741593099697 0.739943144965
0.148574287144 0.738995015114 0.737271041500
0.149574787394 0.736397700361 0.734600113134
0.150575287644 0.733801330501 0.731930595294
0.151575787894 0.731206078012 0.729262720833
0.152576288144 0.728612112790 0.726596719981
0.153576788394 0.726019602161 0.723932820312
0.154577288644 0.723428710880 0.721271246699
0.155577788894 0.720839601143 0.718612221272
0.156578289145 0.718252432594 0.715955963388
0.157578789395 0.715667362335 0.713302689582
0.158579289645 0.713084544931 0.710652613542
0.159579789895 0.710504132427 0.708005946063
0.160580290145 0.707926274351 0.705362895017
0.161580790395 0.705351117732 0.702723665321
0.162581290645 0.702778807109 0.700088458897
0.163581790895 0.700209484542 0.697457474647
0.164582291146 0.697643289628 0.694830908417
0.165582791396 0.695080359514 0.692208952971
0.166583291646 0.692520828910 0.689591797956
0.167583791896 0.689964830105 0.686979629879
0.168584292146 0.687412492979 0.684372632079
0.169584792396 0.684863945024 0.681770984695
0.170585292646 0.682319311356 0.679174864651
0.171585792896 0.679778714732 0.676584445622
0.172586293147 0.677242275567 0.673999898015
0.173586793397 0.674710111954 0.671421388948
0.174587293647 0.672182339675 0.668849082227
0.175587793897 0.669659072227 0.666283138325
0.176588294147 0.667140420836 0.663723714365
0.177588794397 0.664626494474 0.661170964101
0.178589294647 0.662117399881 0.658625037902
0.179589794897 0.659613241584 0.656086082733
0.180590295148 0.657114121915 0.653554242143
0.181590795398 0.654620141032 0.651029656253
0.182591295648 0.652131396937 0.648512461738
0.183591795898 0.649647985498 0.646002791818
0.184592296148 0.647170000471 0.643500776250
0.185592796398 0.644697533516 0.641006541315
0.186593296648 0.642230674222 0.638520209809
0.187593796898 0.639769510123 0.636041901041
0.188594297149 0.637314126728 0.633571730820
0.189594797399 0.634864607530 0.631109811456
0.190595297649 0.632421034040 0.628656251751
0.191595797899 0.629983485797 0.626211156999
0.192596298149 0.627552040400 0.623774628984
0.193596798399 0.625126773519 0.621346765978
0.194597298649 0.622707758927 0.618927662742
0.195597798899 0.620295068516 0.616517410528
0.196598299150 0.617888772317 0.614116097082
0.197598799400 0.615488938530 0.611723806645
0.198599299650 0.613095633536 0.609340619961
0.199599799900 0.610708921926 0.606966614280
0.200600300150 0.608328866522 0.604601863368
0.201600800400 0.605955528395 0.602246437512
0.202601300650 0.603588966892 0.599900403531
0.203601800900 0.601229239654 0.597563824786
0.204602301151 0.598876402642 0.595236761190
0.205602801401 0.596530510154 0.592919269223
0.206603301651 0.594191614852 0.590611401942
0.207603801901 0.591859767780 0.588313208999
0.208604302151 0.589535018386 0.586024736652
0.209604802401 0.587217414548 0.583746027788
0.210605302651 0.584907002591 0.581477121934
0.211605802901 0.582603827310 0.579218055281
0.212606303152 0.580307931991 0.576968860701
0.213606803402 0.578019358436 0.574729567767
0.214607303652 0.575738146979 0.572500202778
0.215607803902 0.573464336512 0.570280788780
0.216608304152 0.571197964500 0.568071345588
0.217608804402 0.568939067011 0.565871889816
0.218609304652 0.566687678730 0.563682434897
0.219609804902 0.564443832979 0.561502991113
0.220610305153 0.562207561746 0.559333565625
0.221610805403 0.559978895696 0.557174162496
0.222611305653 0.557757864195 0.555024782725
0.223611805903 0.555544495335 0.552885424278
0.224612306153 0.553338815947 0.550756082119
0.225612806403 0.551140851623 0.548636748239
0.226613306653 0.548950626739 0.546527411696
0.227613806903 0.546768164473 0.544428058646
0.228614307154 0.544593486822 0.542338672376
0.229614807404 0.542426614625 0.540259233346
0.230615307654 0.540267567581 0.538189719222
0.231615807904 0.538116364268 0.536130104914
0.232616308154 0.535973022161 0.534080362618
0.233616808404 0.533837557654 0.532040461852
0.234617308654 0.531709986073 0.530010369500
0.235617808904 0.529590321700 0.527990049852
0.236618309155 0.527478577788 0.525979464642
0.237618809405 0.525374766582 0.523978573101
0.238619309655 0.523278899334 0.521987331989
0.239619809905 0.521190986320 0.520005695650
0.240620310155 0.519111036862 0.518033616048
0.241620810405 0.517039059341 0.516071042822
0.242621310655 0.514975061218 0.514117923325
0.243621810905 0.512919049046 0.512174202676
0.244622311156 0.510871028493 0.510239823807
0.245622811406 0.508831004354 0.508314727511
0.246623311656 0.506798980568 0.506398852492
0.247623811906 0.504774960238 0.504492135416
0.248624312156 0.502758945641 0.502594510959
0.249624812406 0.500750938250 0.500705911864
0.250625312656 0.498750938746 0.498826268984
0.251625812906 0.496758947035 0.496955511343
0.252626313157 0.494774962264 0.495093566186
0.253626813407 0.492798982832 0.493240359029
0.254627313657 0.490831006411 0.491395813719
0.255627813907 0.488871029958 0.489559852485
0.256628314157 0.486919049728 0.487732395992
0.257628814407 0.484975061292 0.485913363403
0.258629314657 0.483039059549 0.484102672424
0.259629814907 0.481111038738 0.482300239373
0.260630315158 0.479190992459 0.480505979225
0.261630815408 0.477278913677 0.478719805678
0.262631315658 0.475374794745 0.476941631206
0.263631815908 0.473478627410 0.475171367118
0.264632316158 0.471590402831 0.473408923617
0.265632816408 0.469710111589 0.471654209855
0.266633316658 0.467837743702 0.469907133998
0.267633816908 0.465973288636 0.468167603279
0.268634317159 0.464116735318 0.466435524060
0.269634817409 0.462268072149 0.464710801892
0.270635317659 0.460427287016 0.462993341573
0.271635817909 0.458594367301 0.461283047208
0.272636318159 0.456769299898 0.459579822271
0.273636818409 0.454952071221 0.457883569664
0.274637318659 0.453142667216 0.456194191775
0.275637818909 0.451341073371 0.454511590543
0.276638319160 0.449547274733 0.452835667513
0.277638819410 0.447761255910 0.451166323901
0.278639319660 0.445983001088 0.449503460651
0.279639819910 0.444212494040 0.447846978499
0.280640320160 0.442449718138 0.446196778030
0.281640820410 0.440694656358 0.444552759740
0.282641320660 0.438947291297 0.442914824096
0.283641820910 0.437207605178 0.441282871597
0.284642321161 0.435475579863 0.439656802832
0.285642821411 0.433751196859 0.438036518543
0.286643321661 0.432034437331 0.436421919681
0.287643821911 0.430325282110 0.434812907470
0.288644322161 0.428623711702 0.433209383463
0.289644822411 0.426929706298 0.431611249601
0.290645322661 0.425243245780 0.430018408274
0.291645822911 0.423564309734 0.428430762381
0.292646323162 0.421892877455 0.426848215381
0.293646823412 0.420228927959 0.425270671362
0.294647323662 0.418572439987 0.423698035087
0.295647823912 0.416923392015 0.422130212061
0.296648324162 0.415281762266 0.420567108581
0.297648824412 0.413647528710 0.419008631798
0.298649324662 0.412020669080 0.417454689769
0.299649824912 0.410401160872 0.415905191511
0.300650325163 0.408788981360 0.414360047064
0.301650825413 0.407184107596 0.412819167537
0.302651325663 0.405586516424 0.411282465166
0.303651825913 0.403996184481 0.409749853366
0.304652326163 0.402413088211 0.408221246788
0.305652826413 0.400837203862 0.406696561365
0.306653326663 0.399268507505 0.405175714366
0.307653826913 0.397706975028 0.403658624451
0.308654327164 0.396152582154 0.402145211715
0.309654827414 0.394605304438 0.400635397743
0.310655327664 0.393065117280 0.399129105654
0.311655827914 0.391531995926 0.397626260153
0.312656328164 0.390005915479 0.396126787578
0.313656828414 0.388486850900 0.394630615945
0.314657328664 0.386974777017 0.393137674993
0.315657828914 0.385469668532 0.391647896235
0.316658329165 0.383971500020 0.390161212992
0.317658829415 0.382480245944 0.388677560448
0.318659329665 0.380995880650 0.387196875682
0.319659829915 0.379518378382 0.385719097717
0.320660330165 0.378047713280 0.384244167555
0.321660830415 0.376583859390 0.382772028223
0.322661330665 0.375126790664 0.381302624805
0.323661830915 0.373676480971 0.379835904483
0.324662331166 0.372232904095 0.378371816574
0.325662831416 0.370796033745 0.376910312565
0.326663331666 0.369365843558 0.375451346147
0.327663831916 0.367942307103 0.373994873249
0.328664332166 0.366525397883 0.372540852072
0.329664832416 0.365115089346 0.371089243117
0.330665332666 0.363711354882 0.369640009218
0.331665832916 0.362314167831 0.368193115570
0.332666333167 0.360923501488 0.366748529756
0.333666833417 0.359539329103 0.365306221778
0.334667333667 0.358161623888 0.363866164076
0.335667833917 0.356790359020 0.362428331556
0.336668334167 0.355425507644 0.360992701616
0.337668834417 0.354067042879 0.359559254161
0.338669334667 0.352714937818 0.358127971630
0.339669834917 0.351369165534 0.356698839011
0.340670335168 0.350029699084 0.355271843862
0.341670835418 0.348696511509 0.353846976326
0.342671335668 0.347369575840 0.352424229148
0.343671835918 0.346048865101 0.351003597686
0.344672336168 0.344734352312 0.349585079930
0.345672836418 0.343426010492 0.348168676505
0.346673336668 0.342123812659 0.346754390688
0.347673836918 0.340827731839 0.345342228415
0.348674337169 0.339537741063 0.343932198285
0.349674837419 0.338253813375 0.342524311571
0.350675337669 0.336975921828 0.341118582221
0.351675837919 0.335704039495 0.339715026862
0.352676338169 0.334438139463 0.338313664801
0.353676838419 0.333178194843 0.336914518029
0.354677338669 0.331924178768 0.335517611212
0.355677838919 0.330676064396 0.334122971698
0.356678339170 0.329433824915 0.332730629504
0.357678839420 0.328197433539 0.331340617316
0.358679339670 0.326966863520 0.329952970481
0.359679839920 0.325742088142 0.328567726996
0.360680340170 0.324523080724 0.327184927500
0.361680840420 0.323309814627 0.325804615262
0.362681340670 0.322102263251 0.324426836167
0.363681840920 0.320900400041 0.323051638704
0.364682341171 0.319704198485 0.321679073947
0.365682841421 0.318513632117 0.320309195539
0.366683341671 0.317328674522 0.318942059671
0.367683841921 0.316149299333 0.317577725063
0.368684342171 0.314975480237 0.316216252945
0.369684842421 0.313807190973 0.314857707024
0.370685342671 0.312644405337 0.313502153469
0.371685842921 0.311487097180 0.312149660879
0.372686343172 0.310335240414 0.310800300256
0.373686843422 0.309188809008 0.309454144972
0.374687343672 0.308047776996 0.308111270744
0.375687843922 0.306912118471 0.306771755596
0.376688344172 0.305781807594 0.305435679828
0.377688844422 0.304656818589 0.304103125976
0.378689344672 0.303537125749 0.302774178781
0.379689844922 0.302422703433 0.301448925143
0.380690345173 0.301313526071 0.300127454085
0.381690845423 0.300209568163 0.298809856712
0.382691345673 0.299110804282 0.297496226166
0.383691845923 0.298017209073 0.296186657578
0.384692346173 0.296928757253 0.294881248028
0.385692846423 0.295845423618 0.293580096495
0.386693346673 0.294767183038 0.292283303804
0.387693846923 0.293694010459 0.290990972583
0.388694347174 0.292625880907 0.289703207204
0.389694847424 0.291562769487 0.288420113731
0.390695347674 0.290504651381 0.287141799871
0.391695847924 0.289451501855 0.285868374909
0.392696348174 0.288403296255 0.284599949658
0.393696848424 0.287360010010 0.283336636394
0.394697348674 0.286321618631 0.282078548800
0.395697848924 0.285288097714 0.280825801905
0.396698349175 0.284259422938 0.279578512015
0.397698849425 0.283235570069 0.278336796656
0.398699349675 0.282216514959 0.277100774505
0.399699849925 0.281202233545 0.275870565322
0.400700350175 0.280192701851 0.274646289884
0.401700850425 0.279187895992 0.273428069918
0.402701350675 0.278187792168 0.272216028024
0.403701850925 0.277192366668 0.271010287612
0.404702351176 0.276201595873 0.269810972819
0.405702851426 0.275215456250 0.268618208446
0.406703351676 0.274233924361 0.267432119874
0.407703851926 0.273256976855 0.266252832993
0.408704352176 0.272284590474 0.265080474125
0.409704852426 0.271316742052 0.263915169940
0.410705352676 0.270353408512 0.262757047385
0.411705852926 0.269394566874 0.261606233598
0.412706353177 0.268440194247 0.260462855827
0.413706853427 0.267490267835 0.259327041352
0.414707353677 0.266544764935 0.258198917399
0.415707853927 0.265603662937 0.257078611053
0.416708354177 0.264666939326 0.255966249181
0.417708854427 0.263734571680 0.254861958340
0.418709354677 0.262806537673 0.253765864692
0.419709854927 0.261882815072 0.252678093919
0.420710355178 0.260963381740 0.251598771133
0.421710855428 0.260048215634 0.250528020787
0.422711355678 0.259137294808 0.249465966589
0.423711855928 0.258230597410 0.248412731410
0.424712356178 0.257328101683 0.247368437191
0.425712856428 0.256429785968 0.246333204857
0.426713356678 0.255535628698 0.245307154224
0.427713856928 0.254645608406 0.244290403905
0.428714357179 0.253759703718 0.243283071219
0.429714857429 0.252877893358 0.242285272099
0.430715357679 0.252000156144 0.241297120996
0.431715857929 0.251126470992 0.240318730791
0.432716358179 0.250256816913 0.239350212694
0.433716858429 0.249391173015 0.238391676157
0.434717358679 0.248529518502 0.237443228774
0.435717858929 0.247671832673 0.236504976192
0.436718359180 0.246818094924 0.235577022011
0.437718859430 0.245968284749 0.234659467694
0.438719359680 0.245122381735 0.233752412470
0.439719859930 0.244280365567 0.232855953240
0.440720360180 0.243442216025 0.231970184482
0.441720860430 0.242607912987 0.231095198159
0.442721360680 0.241777436423 0.230231083622
0.443721860930 0.240950766402 0.229377927514
0.444722361181 0.240127883089 0.228535813684
0.445722861431 0.239308766742 0.227704823085
0.446723361681 0.238493397715 0.226885033684
0.447723861931 0.237681756461 0.226076520373
0.448724362181 0.236873823523 0.225279354868
0.449724862431 0.236069579542 0.224493605626
0.450725362681 0.235269005253 0.223719337748
0.451725862931 0.234472081488 0.222956612891
0.452726363182 0.233678789170 0.222205489175
0.453726863432 0.232889109319 0.221466021097
0.454727363682 0.232103023048 0.220738259441
0.455727863932 0.231320511566 0.220022251187
0.456728364182 0.230541556172 0.219318039429
0.457728864432 0.229766138264 0.218625663286
0.458729364682 0.228994239329 0.217945157814
0.459729864932 0.228225840950 0.217276553928
0.460730365183 0.227460924801 0.216619878315
0.461730865433 0.226699472652 0.215975153349
0.462731365683 0.225941466361 0.215342397018
0.463731865933 0.225186887882 0.214721622835
0.464732366183 0.224435719262 0.214112839765
0.465732866433 0.223687942635 0.213516052149
0.466733366683 0.222943540232 0.212931259622
0.467733866933 0.222202494373 0.212358457044
0.468734367184 0.221464787468 0.211797634426
0.469734867434 0.220730402020 0.211248776857
0.470735367684 0.219999320623 0.210711864435
0.471735867934 0.219271525959 0.210186872198
0.472736368184 0.218547000801 0.209673770059
0.473736868434 0.217825728014 0.209172522742
0.474737368684 0.217107690549 0.208683089715
0.475737868934 0.216392871449 0.208205425134
0.476738369185 0.215681253844 0.207739477778
0.477738869435 0.214972820954 0.207285190999
0.478739369685 0.214267556088 0.206842502660
0.479739869935 0.213565442640 0.206411345087
0.480740370185 0.212866464096 0.205991645015
0.481740870435 0.212170604025 0.205583323541
0.482741370685 0.211477846087 0.205186296076
0.483741870935 0.210788174027 0.204800472302
0.484742371186 0.210101571676 0.204425756130
0.485742871436 0.209418022953 0.204062045661
0.486743371686 0.208737511861 0.203709233148
0.487743871936 0.208060022490 0.203367204962
0.488744372186 0.207385539014 0.203035841560
0.489744872436 0.206714045693 0.202715017457
0.490745372686 0.206045526872 0.202404601198
0.491745872936 0.205379966978 0.202104455336
0.492746373187 0.204717350524 0.201814436409
0.493746873437 0.204057662105 0.201534394922
0.494747373687 0.203400886402 0.201264175335
0.495747873937 0.202747008176 0.201003616047
0.496748374187 0.202096012271 0.200752549386
0.497748874437 0.201447883616 0.200510801607
0.498749374687 0.200802607217 0.200278192888
0.499749874937 0.200160168167 0.200054537324
0.500750375188 0.199520551635 0.199839642940
0.501750875438 0.198883742876 0.199633311687
0.502751375688 0.198249727221 0.199435339462
0.503751875938 0.197618490083 0.199245516113
0.504752376188 0.196990016957 0.199063625460
0.505752876438 0.196364293413 0.198889445310
0.506753376688 0.195741305103 0.198722747488
0.507753876938 0.195121037758 0.198563297858
0.508754377189 0.194503477187 0.198410856355
0.509754877439 0.193888609275 0.198265177017
0.510755377689 0.193276419988 0.198126008028
0.511755877939 0.192666895366 0.197993091755
0.512756378189 0.192060021529 0.197866164792
0.513756878439 0.191455784673 0.197744958016
0.514757378689 0.190854171068 0.197629196629
0.515757878939 0.190255167062 0.197518600224
0.516758379190 0.189658759079 0.197412882840
0.517758879440 0.189064933616 0.197311753029
0.518759379690 0.188473677247 0.197214913922
0.519759879940 0.187884976620 0.197122063303
0.520760380190 0.187298818457 0.197032893684
0.521760880440 0.186715189553 0.196947092387
0.522761380690 0.186134076776 0.196864341626
0.523761880940 0.185555467071 0.196784318596
0.524762381191 0.184979347450 0.196706695567
0.525762881441 0.184405705002 0.196631139979
0.526763381691 0.183834526885 0.196557314544
0.527763881941 0.183265800331 0.196484877351
0.528764382191 0.182699512641 0.196413481973
0.529764882441 0.182135651190 0.196342777584
0.530765382691 0.181574203419 0.196272409075
0.531765882941 0.181015156845 0.196202017173
0.532766383192 0.180458499049 0.196131238573
0.533766883442 0.179904217686 0.196059706065
0.534767383692 0.179352300478 0.195987048669
0.535767883942 0.178802735216 0.195912891774
0.536768384192 0.178255509760 0.195836857284
0.537768884442 0.177710612038 0.195758563762
0.538769384692 0.177168030046 0.195677626585
0.539769884942 0.176627751846 0.195593658097
0.540770385193 0.176089765569 0.195506267775
0.541770885443 0.175554059412 0.195415062390
0.542771385693 0.175020621638 0.195319646178
0.543771885943 0.174489440575 0.195219621012
0.544772386193 0.173960504619 0.195114586582
0.545772886443 0.173433802231 0.195004140579
0.546773386693 0.172909321935 0.194887878875
0.547773886943 0.172387052321 0.194765395722
0.548774387194 0.171866982043 0.194636283941
0.549774887444 0.171349099819 0.194500135125
0.550775387694 0.170833394432 0.194356539843
0.551775887944 0.170319854725 0.194205087842
0.552776388194 0.169808469607 0.194045368269
0.553776888444 0.169299228049 0.193876969876
0.554777388694 0.168792119083 0.193699481251
0.555777888944 0.168287131803 0.193512491032
0.556778389195 0.167784255366 0.193315588146
0.557778889445 0.167283478990 0.193108362033
0.558779389695 0.166784791952 0.192890402885
0.559779889945 0.166288183592 0.192661301890
0.560780390195 0.165793643309 0.192420651470
0.561780890445 0.165301160562 0.192168045534
0.562781390695 0.164810724870 0.191903079729
0.563781890945 0.164322325810 0.191625351693
0.564782391196 0.163835953020 0.191334461318
0.565782891446 0.163351596195 0.191030011011
0.566783391696 0.162869245089 0.190711605960
0.567783891946 0.162388889514 0.190378854406
0.568784392196 0.161910519339 0.190031367914
0.569784892446 0.161434124491 0.189668761654
0.570785392696 0.160959694953 0.189290654676
0.571785892946 0.160487220766 0.188896670197
0.572786393197 0.160016692027 0.188486435887
0.573786893447 0.159548098889 0.188059584159
0.574787393697 0.159081431559 0.187615752458
0.575787893947 0.158616680302 0.187154583563
0.576788394197 0.158153835437 0.186675725879
0.577788894447 0.157692887338 0.186178833744
0.578789394697 0.157233826433 0.185663567728
0.579789894947 0.156776643205 0.185129594940
0.580790395198 0.156321328190 0.184576589340
0.581790895448 0.155867871977 0.184004232045
0.582791395698 0.155416265210 0.183412211649
0.583791895948 0.154966498586 0.182800224529
0.584792396198 0.154518562852 0.182167975172
0.585792896448 0.154072448811 0.181515176488
0.586793396698 0.153628147315 0.180841550133
0.587793896948 0.153185649268 0.180146826830
0.588794397199 0.152744945629 0.179430746696
0.589794897449 0.152306027403 0.178693059566
0.590795397699 0.151868885649 0.177933525317
0.591795897949 0.151433511477 0.177151914200
0.592796398199 0.150999896046 0.176348007168
0.593796898449 0.150568030564 0.175521596201
0.594797398699 0.150137906291 0.174672484644
0.595797898949 0.149709514536 0.173800487529
0.596798399200 0.149282846654 0.172905431912
0.597798899450 0.148857894054 0.171987157204
0.598799399700 0.148434648189 0.171045515498
0.599799899950 0.148013100564 0.170080371905
0.600800400200 0.147593242728 0.169091604881
0.601800900450 0.147175066281 0.168079106562
0.602801400700 0.146758562870 0.167042783087
0.603801900950 0.146343724187 0.165982554934
0.604802401201 0.145930541973 0.164898357241
0.605802901451 0.145519008015 0.163790140140
0.606803401701 0.145109114146 0.162657869075
0.607803901951 0.144700852247 0.161501525132
0.608804402201 0.144294214240 0.160321105356
0.609804902451 0.143889192099 0.159116623073
0.610805402701 0.143485777838 0.157888108208
0.611805902951 0.143083963518 0.156635607601
0.612806403202 0.142683741245 0.155359185317
0.613806903452 0.142285103170 0.154058922958
0.614807403702 0.141888041486 0.152734919969
0.615807903952 0.141492548433 0.151387293943
0.616808404202 0.141098616291 0.150016180920
0.617808904452 0.140706237387 0.148621735682
0.618809404702 0.140315404089 0.147204132048
0.619809904952 0.139926108808 0.145763563161
0.620810405203 0.139538343999 0.144300241772
0.621810905453 0.139152102159 0.142814400518
0.622811405703 0.138767375826 0.141306292197
0.623811905953 0.138384157581 0.139776190040
0.624812406203 0.138002440046 0.138224387969
0.625812906453 0.137622215884 0.136651200860
0.626813406703 0.137243477802 0.135056964789
0.627813906953 0.136866218545 0.133442037287
0.628814407204 0.136490430899 0.131806797570
0.629814907454 0.136116107692 0.130151646777
0.630815407704 0.135743241790 0.128477008195
0.631815907954 0.135371826101 0.126783327474
0.632816408204 0.135001853572 0.125071072842
0.633816908454 0.134633317189 0.123340735306
0.634817408704 0.134266209978 0.121592828848
0.635817908954 0.133900525003 0.119827890607
0.636818409205 0.133536255368 0.118046481063
0.637818909455 0.133173394215 0.116249184201
0.638819409705 0.132811934725 0.114436607671
0.639819909955 0.132451870115 0.112609382942
0.640820410205 0.132093193642 0.110768165434
0.641820910455 0.131735898600 0.108913634655
0.642821410705 0.131379978321 0.107046494315
0.643821910955 0.131025426173 0.105167472438
0.644822411206 0.130672235561 0.103277321457
0.645822911456 0.130320399928 0.101376818300
0.646823411706 0.129969912753 0.099466764465
0.647823911956 0.129620767551 0.097547986078
0.648824412206 0.129272957874 0.095621333950
0.649824912456 0.128926477307 0.093687683605
0.650825412706 0.128581319475 0.091747935309
0.651825912956 0.128237478035 0.089803014081
0.652826413207 0.127894946682 0.087853869685
0.653826913457 0.127553719143 0.085901476616
0.654827413707 0.127213789182 0.083946834066
0.655827913957 0.126875150597 0.081990965881
0.656828414207 0.126537797220 0.080034920496
0.657828914457 0.126201722918 0.078079770858
0.658829414707 0.125866921592 0.076126614336
0.659829914957 0.125533387176 0.074176572608
0.660830415208 0.125201113638 0.072230791542
0.661830915458 0.124870094979 0.070290441047
0.662831415708 0.124540325234 0.068356714921
0.663831915958 0.124211798470 0.066430830669
0.664832416208 0.123884508789 0.064514029312
0.665832916458 0.123558450321 0.062607575174
0.666833416708 0.123233617234 0.060712755651
0.667833916958 0.122910003725 0.058830880962
0.668834417209 0.122587604022 0.056963283881
0.669834917459 0.122266412388 0.055111319449
0.670835417709 0.121946423115 0.053276364665
0.671835917959 0.121627630528 0.051459818158
0.672836418209 0.121310028982 0.049663099840
0.673836918459 0.120993612865 0.047887650537
0.674837418709 0.120678376594 0.046134931599
0.675837918959 0.120364314616 0.044406424483
0.676838419210 0.120051421412 0.042703630327
0.677838919460 0.119739691489 0.041028069490
0.678839419710 0.119429119388 0.039381281074
0.679839919960 0.119119699678 0.037764822424
0.680840420210 0.118811426957 0.036180268601
0.681840920460 0.118504295854 0.034629211839
0.682841420710 0.118198301027 0.033113260970
0.683841920960 0.117893437164 0.031634040829
0.684842421211 0.117589698980 0.030193191636
0.685842921461 0.117287081222 0.028792368349
0.686843421711 0.116985578662 0.027433239996
0.687843921961 0.116685186104 0.026117488979
0.688844422211 0.116385898378 0.024846810353
0.689844922461 0.116087710344 0.023622911082
0.690845422711 0.115790616888 0.022447509263
0.691845922961 0.115494612926 0.021322333331
0.692846423212 0.115199693401 0.020249121227
0.693846923462 0.114905853281 0.019229619552
0.694847423712 0.114613087567 0.018265582682
0.695847923962 0.114321391281 0.017358771862
0.696848424212 0.114030759476 0.016510954268
0.697848924462 0.113741187231 0.015723902048
0.698849424712 0.113452669651 0.014999391325
0.699849924962 0.113165201868 0.014339201181
0.700850425213 0.112878779041 0.013745112604
0.701850925463 0.112593396354 0.013218907411
0.702851425713 0.112309049018 0.012762367141
0.703851925963 0.112025732271 0.012377271919
0.704852426213 0.111743441373 0.012065399286
0.705852926463 0.111462171614 0.011828523009
0.706853426713 0.111181918308 0.011668411847
0.707853926963 0.110902676792 0.011586828303
0.708854427214 0.110624442431 0.011585527330
0.709854927464 0.110347210615 0.011666255021
0.710855427714 0.110070976756 0.011830747256
0.711855927964 0.109795736294 0.012080728326
0.712856428214 0.109521484692 0.012417909528
0.713856928464 0.109248217438 0.012843987717
0.714857428714 0.108975930043 0.013360643846
0.715857928964 0.108704618044 0.013969541456
0.716858429215 0.108434277000 0.014672325146
0.717858929465 0.108164902496 0.015470619012
0.718859429715 0.107896490138 0.016366025050
0.719859929965 0.107629035559 0.017360121529
0.720860430215 0.107362534413 0.018454461339
0.721860930465 0.107096982377 0.019650570297
0.722861430715 0.106832375153 0.020949945432
0.723861930965 0.106568708464 0.022354053233
0.724862431216 0.106305978058 0.023864327871
0.725862931466 0.106044179703 0.025482169382
0.726863431716 0.105783309193 0.027208941831
0.727863931966 0.105523362341 0.029045971435
0.728864432216 0.105264334985 0.030994544660
0.729864932466 0.105006222984 0.033055906288
0.730865432716 0.104749022218 0.035231257454
0.731865932966 0.104492728592 0.037521753651
0.732866433217 0.104237338029 0.039928502707
0.733866933467 0.103982846478 0.042452562733
0.734867433717 0.103729249905 0.045094940043
0.735867933967 0.103476544300 0.047856587039
0.736868434217 0.103224725674 0.050738400078
0.737868934467 0.102973790059 0.053741217298
0.738869434717 0.102723733508 0.056865816433
0.739869934967 0.102474552095 0.060112912580
0.740870435218 0.102226241915 0.063483155959
0.741870935468 0.101978799083 0.066977129634
0.742871435718 0.101732219734 0.070595347209
0.743871935968 0.101486500026 0.074338250509
0.744872436218 0.101241636134 0.078206207222
0.745872936468 0.100997624256 0.082199508524
0.746873436718 0.100754460609 0.086318366683
0.747873936968 0.100512141428 0.090562912634
0.748874437219 0.100270662972 0.094933193534
0.749874937469 0.100030021515 0.099429170297
0.750875437719 0.099790213354 0.104050715104
0.751875937969 0.099551234805 0.108797608901
0.752876438219 0.099313082201 0.113669538865
0.753876938469 0.099075751898 0.118666095865
0.754877438719 0.098839240267 0.123786771894
0.755877938969 0.098603543701 0.129030957494
0.756878439220 0.098368658611 0.134397939159
0.757878939470 0.098134581427 0.139886896724
0.758879439720 0.097901308597 0.145496900743
0.759879939970 0.097668836588 0.151226909852
0.760880440220 0.097437161885 0.157075768125
0.761880940470 0.097206280993 0.163042202410
0.762881440720 0.096976190434 0.169124819669
0.763881940970 0.096746886747 0.175322104299
0.764882441221 0.096518366491 0.181632415455
0.765882941471 0.096290626242 0.188053984359
0.766883441721 0.096063662594 0.194584911616
0.767883941971 0.095837472159 0.201223164520
0.768884442221 0.095612051566 0.207966574362
0.769884942471 0.095387397461 0.214812833738
0.770885442721 0.095163506510 0.221759493858
0.771885942971 0.094940375392 0.228803961868
0.772886443222 0.094718000808 0.235943498165
0.773886943472 0.094496379472 0.243175213725
0.774887443722 0.094275508119 0.250496067448
0.775887943972 0.094055383496 0.257902863502
0.776888444222 0.093836002371 0.265392248687
0.777888944472 0.093617361527 0.272960709817
0.778889444722 0.093399457764 0.280604571111
0.779889944972 0.093182287898 0.288319991613
0.780890445223 0.092965848762 0.296102962627
0.781890945473 0.092750137204 0.303949305179
0.782891445723 0.092535150091 0.311854667506
0.783891945973 0.092320884303 0.319814522572
0.784892446223 0.092107336737 0.327824165617
0.785892946473 0.091894504308 0.335878711737
0.786893446723 0.091682383943 0.343973093505
0.787893946973 0.091470972589 0.352102058630
0.788894447224 0.091260267206 0.360260167653
0.789894947474 0.091050264769 0.368441791692
0.790895447724 0.090840962271 0.376641110240
0.791895947974 0.090632356719 0.384852109000
0.792896448224 0.090424445134 0.393068577789
0.793896948474 0.090217224554 0.401284108486
0.794897448724 0.090010692033 0.409492093051
0.795897948974 0.089804844638 0.417685721602
0.796898449225 0.089599679450 0.425857980557
0.797898949475 0.089395193569 0.434001650852
0.798899449725 0.089191384106 0.442109306229
0.799899949975 0.088988248187 0.450173311604
0.800900450225 0.088785782956 0.458185821518
0.801900950475 0.088583985567 0.466138778666
0.802901450725 0.088382853191 0.474023912527
0.803901950975 0.088182383014 0.481832738077
0.804902451226 0.087982572233 0.489556554606
0.805902951476 0.087783418064 0.497186444636
0.806903451726 0.087584917732 0.504713272941
0.807903951976 0.087387068480 0.512127685686
0.808904452226 0.087189867562 0.519420109673
0.809904952476 0.086993312249 0.526580751712
0.810905452726 0.086797399823 0.533599598118
0.811905952976 0.086602127581 0.540466414333
0.812906453227 0.086407492834 0.547170744686
0.813906953477 0.086213492904 0.553701912293
0.814907453727 0.086020125131 0.560049019105
0.815907953977 0.085827386864 0.566200946098
0.816908454227 0.085635275467 0.572146353632
0.817908954477 0.085443788318 0.577873681958
0.818909454727 0.085252922808 0.583371151903
0.819909954977 0.085062676340 0.588626765728
0.820910455228 0.084873046330 0.593628308156
0.821910955478 0.084684030209 0.598363347598
0.822911455728 0.084495625418 0.602819237563
0.823911955978 0.084307829413 0.606983118269
0.824912456228 0.084120639661 0.610841918459
0.825912956478 0.083934053644 0.614382357429
0.826913456728 0.083748068854 0.617590947273
0.827913956978 0.083562682797 0.620453995355
0.828914457229 0.083377892992 0.622957607014
0.829914957479 0.083193696967 0.625087688507
0.830915457729 0.083010092267 0.626829950202
0.831915957979 0.082827076446 0.628169910023
0.832916458229 0.082644647072 0.629092897162
0.833916958479 0.082462801723 0.629584056057
0.834917458729 0.082281537990 0.629628350650
0.835917958979 0.082100853477 0.629210568939
0.836918459230 0.081920745798 0.628315327809
0.837918959480 0.081741212581 0.626927078189
0.838919459730 0.081562251465 0.625030110501
0.839919959980 0.081383860098 0.622608560446
0.840920460230 0.081206036143 0.619646415111
0.841920960480 0.081028777274 0.616127519422
0.842921460730 0.080852081175 0.612035582943
0.843921960980 0.080675945542 0.607354187038
0.844922461231 0.080500368084 0.602066792396
0.845922961481 0.080325346518 0.596156746943
0.846923461731 0.080150878576 0.589607294137
0.847923961981 0.079976961997 0.582401581664
0.848924462231 0.079803594536 0.574522670550
0.849924962481 0.079630773955 0.565953544683
0.850925462731 0.079458498028 0.556677120782
0.851925962981 0.079286764540 0.546676258795
0.852926463232 0.079115571289 0.535933772761
0.853926963482 0.078944916080 0.524432442139
0.854927463732 0.078774796732 0.512155023609
0.855927963982 0.078605211072 0.499084263371
0.856928464232 0.078436156939 0.485202909939
0.857928964482 0.078267632184 0.470493727464
0.858929464732 0.078099634665 0.454939509569
0.859929964982 0.077932162254 0.438523093736
0.860930465233 0.077765212831 0.421227376247
0.861930965483 0.077598784286 0.403035327690
0.862931465733 0.077432874522 0.383930009050
0.863931965983 0.077267481449 0.363894588392
0.864932466233 0.077102602990 0.342912358161
0.865932966483 0.076938237075 0.320966753100
0.866933466733 0.076774381648 0.298041368813
0.867933966983 0.076611034659 0.274119980978
0.868934467234 0.076448194070 0.249186565235
0.869934967484 0.076285857852 0.223225317756
0.870935467734 0.076124023987 0.196220676519
0.871935967984 0.075962690466 0.168157343296
0.872936468234 0.075801855290 0.139020306378
0.873936968484 0.075641516468 0.108794864052
0.874937468734 0.075481672021 0.077466648843
0.875937968984 0.075322319979 0.045021652541
0.876938469235 0.075163458380 0.011446252031
0.877938969485 0.075005085272 -0.023272764051
0.878939469735 0.074847198714 -0.059148167837
0.879939969985 0.074689796773 -0.096192263870
0.880940470235 0.074532877524 -0.134416859888
0.881940970485 0.074376439054 -0.173833236703
0.882941470735 0.074220479457 -0.214452117169
0.883941970985 0.074064996838 -0.256283634212
0.884942471236 0.073909989308 -0.299337297913
0.885942971486 0.073755454991 -0.343621961606
0.886943471736 0.073601392016 -0.389145786988
0.887943971986 0.073447798525 -0.435916208209
0.888944472236 0.073294672665 -0.483939894923
0.889944972486 0.073142012595 -0.533222714281
0.890945472736 0.072989816480 -0.583769691837
0.891945972986 0.072838082496 -0.635584971357
0.892946473237 0.072686808826 -0.688671773491
0.893946973487 0.072535993663 -0.743032353299
0.894947473737 0.072385635208 -0.798667956600
0.895947973987 0.072235731670 -0.855578775125
0.896948474237 0.072086281268 -0.913763900439
0.897948974487 0.071937282227 -0.973221276628
0.898949474737 0.071788732783 -1.033947651697
0.899949974987 0.071640631178 -1.095938527676
0.900950475238 0.071492975665 -1.159188109407
0.901950975488 0.071345764502 -1.223689251965
0.902951475738 0.071198995959 -1.289433406715
0.903951975988 0.071052668311 -1.356410565948
0.904952476238 0.070906779842 -1.424609206100
0.905952976488 0.070761328844 -1.494016229494
0.906953476738 0.070616313619 -1.564616904600
0.907953976988 0.070471732474 -1.636394804772
0.908954477239 0.070327583726 -1.709331745439
0.909954977489 0.070183865699 -1.783407719713
0.910955477739 0.070040576725 -1.858600832388
0.911955977989 0.069897715145 -1.934887232305
0.912956478239 0.069755279305 -2.012241043031
0.913956978489 0.069613267561 -2.090634291852
0.914957478739 0.069471678276 -2.170036837015
0.915957978989 0.069330509822 -2.250416293209
0.916958479240 0.069189760576 -2.331737955243
0.917958979490 0.069049428925 -2.413964719882
0.918959479740 0.068909513261 -2.497057005824
0.919959979990 0.068770011987 -2.580972671757
0.920960480240 0.068630923510 -2.665666932488
0.921960980490 0.068492246246 -2.751092273089
0.922961480740 0.068353978619 -2.837198361030
0.923961980990 0.068216119059 -2.923931956262
0.924962481241 0.068078666003 -3.011236819216
0.925962981491 0.067941617898 -3.099053616668
0.926963481741 0.067804973195 -3.187319825449
0.927963981991 0.067668730354 -3.275969633945
0.928964482241 0.067532887841 -3.364933841353
0.929964982491 0.067397444130 -3.454139754658
0.930965482741 0.067262397702 -3.543511083278
0.931965982991 0.067127747044 -3.632967831350
0.932966483242 0.066993490652 -3.722426187597
0.933966983492 0.066859627027 -3.811798412757
0.934967483742 0.066726154677 -3.900992724503
0.935967983992 0.066593072119 -3.989913179831
0.936968484242 0.066460377874 -4.078459554865
0.937968984492 0.066328070472 -4.166527222027
0.938969484742 0.066196148449 -4.254007024539
0.939969984992 0.066064610346 -4.340785148195
0.940970485243 0.065933454714 -4.426742990372
0.941970985493 0.065802680108 -4.511757026215
0.942971485743 0.065672285091 -4.595698671965
0.943971985993 0.065542268233 -4.678434145365
0.944972486243 0.065412628108 -4.759824323100
0.945972986493 0.065283363299 -4.839724595229
0.946973486743 0.065154472394 -4.917984716543
0.947973986993 0.065025953990 -4.994448654798
0.948974487244 0.064897806687 -5.068954435790
0.949974987494 0.064770029093 -5.141333985189
0.950975487744 0.064642619823 -5.211412967099
0.951975987994 0.064515577497 -5.279010619283
0.952976488244 0.064388900742 -5.343939584994
0.953976988494 0.064262588191 -5.406005741352
0.954977488744 0.064136638484 -5.465008024228
0.955977988994 0.064011050265 -5.520738249550
0.956978489245 0.063885822187 -5.572980930995
0.957978989495 0.063760952908 -5.621513093988
0.958979489745 0.063636441090 -5.666104085971
0.959979989995 0.063512285404 -5.706515382850
0.960980490245 0.063388484527 -5.742500391587
0.961980990495 0.063265037139 -5.773804248855
0.962981490745 0.063141941928 -5.800163615695
0.963981990995 0.063019197589 -5.821306468121
0.964982491246 0.062896802821 -5.836951883592
0.965982991496 0.062774756329 -5.846809823291
0.966983491746 0.062653056825 -5.850580910150
0.967983991996 0.062531703026 -5.847956202543
0.968984492246 0.062410693654 -5.838616963573
0.969984992496 0.062290027439 -5.822234425908
0.970985492746 0.062169703115 -5.798469552056
0.971985992996 0.062049719422 -5.766972790047
0.972986493247 0.061930075104 -5.727383824418
0.973986993497 0.061810768915 -5.679331322442
0.974987493747 0.061691799610 -5.622432675524
0.975987993997 0.061573165953 -5.556293735685
0.976988494247 0.061454866710 -5.480508547059
0.977988994497 0.061336900655 -5.394659072323
0.978989494747 0.061219266569 -5.298314913985
0.979989994997 0.061101963233 -5.191033030445
0.980990495248 0.060984989440 -5.072357446749
0.981990995498 0.060868343983 -4.941818959958
0.982991495748 0.060752025664 -4.798934839038
0.983991995998 0.060636033288 -4.643208519209
0.984992496248 0.060520365666 -4.474129290632
0.985992996498 0.060405021615 -4.291171981386
0.986993496748 0.060289999957 -4.093796634616
0.987993996998 0.060175299518 -3.881448179789
0.988994497249 0.060060919132 -3.653556097940
0.989994997499 0.059946857634 -3.409534080850
0.990995497749 0.059833113868 -3.148779684030
0.991995997999 0.059719686681 -2.870673973444
0.992996498249 0.059606574926 -2.574581165863
0.993996998499 0.059493777460 -2.259848262757
0.994997498749 0.059381293147 -1.925804677629
0.995997998999 0.059269120854 -1.571761856689
0.996998499250 0.059157259453 -1.197012892779
0.997998999500 0.059045707824 -0.800832132433
0.998999499750 0.058934464847 -0.382474775979
1.000000000000 0.058823529412 0.058823529412
