-1.000000000000 0.058823529412
-0.888888888889 0.073303167421
-0.777777777778 0.093641618497
-0.666666666667 0.123287671233
-0.555555555556 0.168399168399
-0.444444444444 0.240356083086
-0.333333333333 0.360000000000
-0.222222222222 0.558620689655
-0.111111111111 0.835051546392
0.000000000000 1.000000000000
0.111111111111 0.835051546392
0.222222222222 0.558620689655
0.333333333333 0.360000000000
0.444444444444 0.240356083086
0.555555555556 0.168399168399
0.666666666667 0.123287671233
0.777777777778 0.093641618497
0.888888888889 0.073303167421
1.000000000000 0.058823529412
