-1.000000000000 0.058823529412 0.058823529412
-0.998999499750 0.058934464847 -1.787430257027
-0.997998999500 0.059045707824 -3.505411380456
-0.996998499250 0.059157259453 -5.100956777343
-0.995997998999 0.059269120854 -6.579694906491
-0.994997498749 0.059381293147 -7.947051952666
-0.993996998499 0.059493777460 -9.208257872185
-0.992996498249 0.059606574926 -10.368352284021
-0.991995997999 0.059719686681 -11.432190209788
-0.990995497749 0.059833113868 -12.404447666010
-0.989994997499 0.059946857634 -13.289627111946
-0.988994497249 0.060060919132 -14.092062756204
-0.987993996998 0.060175299518 -14.815925725320
-0.986993496748 0.060289999957 -15.465229097387
-0.985992996498 0.060405021615 -16.043832803795
-0.984992496248 0.060520365666 -16.555448402065
-0.983991995998 0.060636033288 -17.003643722692
-0.982991495748 0.060752025664 -17.391847392867
-0.981990995498 0.060868343983 -17.723353239902
-0.980990495248 0.060984989440 -18.001324577092
-0.979989994997 0.061101963233 -18.228798374730
-0.978989494747 0.061219266569 -18.408689318909
-0.977988994497 0.061336900655 -18.543793760725
-0.976988494247 0.061454866710 -18.636793558388
-0.975987993997 0.061573165953 -18.690259814771
-0.974987493747 0.061691799610 -18.706656512794
-0.973986993497 0.061810768915 -18.688344051081
-0.972986493247 0.061930075104 -18.637582682193
-0.971985992996 0.062049719422 -18.556535855739
-0.970985492746 0.062169703115 -18.447273468635
-0.969984992496 0.062290027439 -18.311775024696
-0.968984492246 0.062410693654 -18.151932705703
-0.967983991996 0.062531703026 -17.969554356093
-0.966983491746 0.062653056825 -17.766366383302
-0.965982991496 0.062774756329 -17.544016575825
-0.964982491246 0.062896802821 -17.304076840943
-0.963981990995 0.063019197589 -17.048045864086
-0.962981490745 0.063141941928 -16.777351691714
-0.961980990495 0.063265037139 -16.493354239603
-0.960980490245 0.063388484527 -16.197347728314
-0.959979989995 0.063512285404 -15.890563047707
-0.958979489745 0.063636441090 -15.574170052160
-0.957978989495 0.063760952908 -15.249279788274
-0.956978489245 0.063885822187 -14.916946656682
-0.955977988994 0.064011050265 -14.578170509671
-0.954977488744 0.064136638484 -14.233898686124
-0.953976988494 0.064262588191 -13.885027985460
-0.952976488244 0.064388900742 -13.532406582023
-0.951975987994 0.064515577497 -13.176835881458
-0.950975487744 0.064642619823 -12.819072320555
-0.949974987494 0.064770029093 -12.459829111968
-0.948974487244 0.064897806687 -12.099777935250
-0.947973986993 0.065025953990 -11.739550575553
-0.946973486743 0.065154472394 -11.379740511364
-0.945972986493 0.065283363299 -11.020904452571
-0.944972486243 0.065412628108 -10.663563830166
-0.943971985993 0.065542268233 -10.308206238830
-0.942971485743 0.065672285091 -9.955286833652
-0.941970985493 0.065802680108 -9.605229682165
-0.940970485243 0.065933454714 -9.258429072887
-0.939969984992 0.066064610346 -8.915250781516
-0.938969484742 0.066196148449 -8.576033295915
-0.937968984492 0.066328070472 -8.241089000972
-0.936968484242 0.066460377874 -7.910705324419
-0.935967983992 0.066593072119 -7.585145844664
-0.934967483742 0.066726154677 -7.264651361653
-0.933966983492 0.066859627027 -6.949440931779
-0.932966483242 0.066993490652 -6.639712867810
-0.931965982991 0.067127747044 -6.335645704795
-0.930965482741 0.067262397702 -6.037399132899
-0.929964982491 0.067397444130 -5.745114898050
-0.928964482241 0.067532887841 -5.458917671335
-0.927963981991 0.067668730354 -5.178915887973
-0.926963481741 0.067804973195 -4.905202556755
-0.925962981491 0.067941617898 -4.637856040765
-0.924962481241 0.068078666003 -4.376940810191
-0.923961980990 0.068216119059 -4.122508168038
-0.922961480740 0.068353978619 -3.874596949496
-0.921960980490 0.068492246246 -3.633234195743
-0.920960480240 0.068630923510 -3.398435802897
-0.919959979990 0.068770011987 -3.170207146862
-0.918959479740 0.068909513261 -2.948543684753
-0.917958979490 0.069049428925 -2.733431533597
-0.916958479240 0.069189760576 -2.524848026977
-0.915957978989 0.069330509822 -2.322762250270
-0.914957478739 0.069471678276 -2.127135555124
-0.913956978489 0.069613267561 -1.937922053788
-0.912956478239 0.069755279305 -1.755069093910
-0.911955977989 0.069897715145 -1.578517714386
-0.910955477739 0.070040576725 -1.408203082844
-0.909954977489 0.070183865699 -1.244054915327
-0.908954477239 0.070327583726 -1.085997878713
-0.907953976988 0.070471732474 -0.933951976425
-0.906953476738 0.070616313619 -0.787832917933
-0.905952976488 0.070761328844 -0.647552472573
-0.904952476238 0.070906779842 -0.513018808164
-0.903951975988 0.071052668311 -0.384136814919
-0.902951475738 0.071198995959 -0.260808415116
-0.901950975488 0.071345764502 -0.142932858975
-0.900950475238 0.071492975665 -0.030407007213
-0.899949974987 0.071640631178 0.076874399315
-0.898949474737 0.071788732783 0.179018482445
-0.897948974487 0.071937282227 0.276133981604
-0.896948474237 0.072086281268 0.368331020370
-0.895947973987 0.072235731670 0.455720884309
-0.894947473737 0.072385635208 0.538415809699
-0.893946973487 0.072535993663 0.616528782785
-0.892946473237 0.072686808826 0.690173349186
-0.891945972986 0.072838082496 0.759463433117
-0.890945472736 0.072989816480 0.824513166080
-0.889944972486 0.073142012595 0.885436724697
-0.888944472236 0.073294672665 0.942348177346
-0.887943971986 0.073447798525 0.995361339311
-0.886943471736 0.073601392016 1.044589636115
-0.885942971486 0.073755454991 1.090145974763
-0.884942471236 0.073909989308 1.132142622581
-0.883941970985 0.074064996838 1.170691093397
-0.882941470735 0.074220479457 1.205902040770
-0.881940970485 0.074376439054 1.237885158011
-0.880940470235 0.074532877524 1.266749084747
-0.879939969985 0.074689796773 1.292601319755
-0.878939469735 0.074847198714 1.315548139849
-0.877938969485 0.075005085272 1.335694524568
-0.876938469235 0.075163458380 1.353144086441
-0.875937968984 0.075322319979 1.367999006610
-0.874937468734 0.075481672021 1.380359975586
-0.873936968484 0.075641516468 1.390326138942
-0.872936468234 0.075801855290 1.397995047731
-0.871935967984 0.075962690466 1.403462613429
-0.870935467734 0.076124023987 1.406823067227
-0.869934967484 0.076285857852 1.408168923470
-0.868934467234 0.076448194070 1.407590947074
-0.867933966983 0.076611034659 1.405178124746
-0.866933466733 0.076774381648 1.401017639828
-0.865932966483 0.076938237075 1.395194850625
-0.864932466233 0.077102602990 1.387793272032
-0.863931965983 0.077267481449 1.378894560323
-0.862931465733 0.077432874522 1.368578500952
-0.861930965483 0.077598784286 1.356922999221
-0.860930465233 0.077765212831 1.344004073671
-0.859929964982 0.077932162254 1.329895852072
-0.858929464732 0.078099634665 1.314670569873
-0.857928964482 0.078267632184 1.298398570993
-0.856928464232 0.078436156939 1.281148310829
-0.855927963982 0.078605211072 1.262986361355
-0.854927463732 0.078774796732 1.243977418224
-0.853926963482 0.078944916080 1.224184309726
-0.852926463232 0.079115571289 1.203668007534
-0.851925962981 0.079286764540 1.182487639112
-0.850925462731 0.079458498028 1.160700501689
-0.849924962481 0.079630773955 1.138362077718
-0.848924462231 0.079803594536 1.115526051709
-0.847923961981 0.079976961997 1.092244328367
-0.846923461731 0.080150878576 1.068567051931
-0.845922961481 0.080325346518 1.044542626649
-0.844922461231 0.080500368084 1.020217738298
-0.843921960980 0.080675945542 0.995637376680
-0.842921460730 0.080852081175 0.970844859015
-0.841920960480 0.081028777274 0.945881854168
-0.840920460230 0.081206036143 0.920788407638
-0.839919959980 0.081383860098 0.895602967239
-0.838919459730 0.081562251465 0.870362409423
-0.837918959480 0.081741212581 0.845102066175
-0.836918459230 0.081920745798 0.819855752422
-0.835917958979 0.082100853477 0.794655793915
-0.834917458729 0.082281537990 0.769533055506
-0.833916958479 0.082462801723 0.744516969796
-0.832916458229 0.082644647072 0.719635566088
-0.831915957979 0.082827076446 0.694915499602
-0.830915457729 0.083010092267 0.670382080916
-0.829914957479 0.083193696967 0.646059305579
-0.828914457229 0.083377892992 0.621969883860
-0.827913956978 0.083562682797 0.598135270597
-0.826913456728 0.083748068854 0.574575695111
-0.825912956478 0.083934053644 0.551310191137
-0.824912456228 0.084120639661 0.528356626753
-0.823911955978 0.084307829413 0.505731734270
-0.822911455728 0.084495625418 0.483451140051
-0.821910955478 0.084684030209 0.461529394230
-0.820910455228 0.084873046330 0.439980000309
-0.819909954977 0.085062676340 0.418815444600
-0.818909454727 0.085252922808 0.398047225495
-0.817908954477 0.085443788318 0.377685882531
-0.816908454227 0.085635275467 0.357741025243
-0.815907953977 0.085827386864 0.338221361768
-0.814907453727 0.086020125131 0.319134727192
-0.813906953477 0.086213492904 0.300488111620
-0.812906453227 0.086407492834 0.282287687944
-0.811905952976 0.086602127581 0.264538839310
-0.810905452726 0.086797399823 0.247246186246
-0.809904952476 0.086993312249 0.230413613460
-0.808904452226 0.087189867562 0.214044296281
-0.807903951976 0.087387068480 0.198140726735
-0.806903451726 0.087584917732 0.182704739243
-0.805902951476 0.087783418064 0.167737535939
-0.804902451226 0.087982572233 0.153239711585
-0.803901950975 0.088182383014 0.139211278089
-0.802901450725 0.088382853191 0.125651688608
-0.801900950475 0.088583985567 0.112559861232
-0.800900450225 0.088785782956 0.099934202246
-0.799899949975 0.088988248187 0.087772628960
-0.798899449725 0.089191384106 0.076072592106
-0.797898949475 0.089395193569 0.064831097794
-0.796898449225 0.089599679450 0.054044729027
-0.795897948974 0.089804844638 0.043709666770
-0.794897448724 0.090010692033 0.033821710570
-0.793896948474 0.090217224554 0.024376298728
-0.792896448224 0.090424445134 0.015368528021
-0.791895947974 0.090632356719 0.006793172966
-0.790895447724 0.090840962271 -0.001355295359
-0.789894947474 0.091050264769 -0.009082690956
-0.788894447224 0.091260267206 -0.016395094989
-0.787893946973 0.091470972589 -0.023298838330
-0.786893446723 0.091682383943 -0.029800484540
-0.785892946473 0.091894504308 -0.035906813307
-0.784892446223 0.092107336737 -0.041624804328
-0.783891945973 0.092320884303 -0.046961621635
-0.782891445723 0.092535150091 -0.051924598353
-0.781890945473 0.092750137204 -0.056521221911
-0.780890445223 0.092965848762 -0.060759119673
-0.779889944972 0.093182287898 -0.064646045004
-0.778889444722 0.093399457764 -0.068189863769
-0.777888944472 0.093617361527 -0.071398541243
-0.776888444222 0.093836002371 -0.074280129452
-0.775887943972 0.094055383496 -0.076842754914
-0.774887443722 0.094275508119 -0.079094606804
-0.773886943472 0.094496379472 -0.081043925509
-0.772886443222 0.094718000808 -0.082698991594
-0.771885942971 0.094940375392 -0.084068115151
-0.770885442721 0.095163506510 -0.085159625546
-0.769884942471 0.095387397461 -0.085981861545
-0.768884442221 0.095612051566 -0.086543161811
-0.767883941971 0.095837472159 -0.086851855784
-0.766883441721 0.096063662594 -0.086916254921
-0.765882941471 0.096290626242 -0.086744644288
-0.764882441221 0.096518366491 -0.086345274522
-0.763881940970 0.096746886747 -0.085726354124
-0.762881440720 0.096976190434 -0.084896042103
-0.761880940470 0.097206280993 -0.083862440950
-0.760880440220 0.097437161885 -0.082633589943
-0.759879939970 0.097668836588 -0.081217458772
-0.758879439720 0.097901308597 -0.079621941482
-0.757878939470 0.098134581427 -0.077854850721
-0.756878439220 0.098368658611 -0.075923912296
-0.755877938969 0.098603543701 -0.073836760019
-0.754877438719 0.098839240267 -0.071600930848
-0.753876938469 0.099075751898 -0.069223860308
-0.752876438219 0.099313082201 -0.066712878188
-0.751875937969 0.099551234805 -0.064075204512
-0.750875437719 0.099790213354 -0.061317945767
-0.749874937469 0.100030021515 -0.058448091394
-0.748874437219 0.100270662972 -0.055472510527
-0.747873936968 0.100512141428 -0.052397948975
-0.746873436718 0.100754460609 -0.049231026443
-0.745872936468 0.100997624256 -0.045978233984
-0.744872436218 0.101241636134 -0.042645931677
-0.743871935968 0.101486500026 -0.039240346522
-0.742871435718 0.101732219734 -0.035767570545
-0.741870935468 0.101978799083 -0.032233559119
-0.740870435218 0.102226241915 -0.028644129471
-0.739869934967 0.102474552095 -0.025004959393
-0.738869434717 0.102723733508 -0.021321586140
-0.737868934467 0.102973790059 -0.017599405505
-0.736868434217 0.103224725674 -0.013843671073
-0.735867933967 0.103476544300 -0.010059493647
-0.734867433717 0.103729249905 -0.006251840835
-0.733866933467 0.103982846478 -0.002425536801
-0.732866433217 0.104237338029 0.001414737841
-0.731865932966 0.104492728592 0.005264445973
-0.730865432716 0.104749022218 0.009119193786
-0.729864932466 0.105006222984 0.012974730453
-0.728864432216 0.105264334985 0.016826947667
-0.727863931966 0.105523362341 0.020671879062
-0.726863431716 0.105783309193 0.024505699504
-0.725862931466 0.106044179703 0.028324724270
-0.724862431216 0.106305978058 0.032125408115
-0.723861930965 0.106568708464 0.035904344237
-0.722861430715 0.106832375153 0.039658263130
-0.721860930465 0.107096982377 0.043384031354
-0.720860430215 0.107362534413 0.047078650204
-0.719859929965 0.107629035559 0.050739254292
-0.718859429715 0.107896490138 0.054363110052
-0.717858929465 0.108164902496 0.057947614159
-0.716858429215 0.108434277000 0.061490291879
-0.715857928964 0.108704618044 0.064988795346
-0.714857428714 0.108975930043 0.068440901773
-0.713856928464 0.109248217438 0.071844511603
-0.712856428214 0.109521484692 0.075197646600
-0.711855927964 0.109795736294 0.078498447886
-0.710855427714 0.110070976756 0.081745173928
-0.709854927464 0.110347210615 0.084936198475
-0.708854427214 0.110624442431 0.088070008457
-0.707853926963 0.110902676792 0.091145201841
-0.706853426713 0.111181918308 0.094160485446
-0.705852926463 0.111462171614 0.097114672736
-0.704852426213 0.111743441373 0.100006681571
-0.703851925963 0.112025732271 0.102835531935
-0.702851425713 0.112309049018 0.105600343647
-0.701850925463 0.112593396354 0.108300334037
-0.700850425213 0.112878779041 0.110934815620
-0.699849924962 0.113165201868 0.113503193740
-0.698849424712 0.113452669651 0.116004964209
-0.697848924462 0.113741187231 0.118439710936
-0.696848424212 0.114030759476 0.120807103548
-0.695847923962 0.114321391281 0.123106895000
-0.694847423712 0.114613087567 0.125338919191
-0.693846923462 0.114905853281 0.127503088573
-0.692846423212 0.115199693401 0.129599391768
-0.691845922961 0.115494612926 0.131627891179
-0.690845422711 0.115790616888 0.133588720618
-0.689844922461 0.116087710344 0.135482082934
-0.688844422211 0.116385898378 0.137308247653
-0.687843921961 0.116685186104 0.139067548633
-0.686843421711 0.116985578662 0.140760381727
-0.685842921461 0.117287081222 0.142387202462
-0.684842421211 0.117589698980 0.143948523740
-0.683841920960 0.117893437164 0.145444913550
-0.682841420710 0.118198301027 0.146876992703
-0.681840920460 0.118504295854 0.148245432592
-0.680840420210 0.118811426957 0.149550952965
-0.679839919960 0.119119699678 0.150794319730
-0.678839419710 0.119429119388 0.151976342782
-0.677838919460 0.119739691489 0.153097873857
-0.676838419210 0.120051421412 0.154159804410
-0.675837918959 0.120364314616 0.155163063526
-0.674837418709 0.120678376594 0.156108615858
-0.673836918459 0.120993612865 0.156997459592
-0.672836418209 0.121310028982 0.157830624451
-0.671835917959 0.121627630528 0.158609169723
-0.670835417709 0.121946423115 0.159334182325
-0.669834917459 0.122266412388 0.160006774900
-0.668834417209 0.122587604022 0.160628083947
-0.667833916958 0.122910003725 0.161199267989
-0.666833416708 0.123233617234 0.161721505773
-0.665832916458 0.123558450321 0.162195994504
-0.664832416208 0.123884508789 0.162623948119
-0.663831915958 0.124211798470 0.163006595596
-0.662831415708 0.124540325234 0.163345179302
-0.661830915458 0.124870094979 0.163640953370
-0.660830415208 0.125201113638 0.163895182128
-0.659829914957 0.125533387176 0.164109138550
-0.658829414707 0.125866921592 0.164284102757
-0.657828914457 0.126201722918 0.164421360551
-0.656828414207 0.126537797220 0.164522201985
-0.655827913957 0.126875150597 0.164587919979
-0.654827413707 0.127213789182 0.164619808968
-0.653826913457 0.127553719143 0.164619163586
-0.652826413207 0.127894946682 0.164587277402
-0.651825912956 0.128237478035 0.164525441676
-0.650825412706 0.128581319475 0.164434944168
-0.649824912456 0.128926477307 0.164317067981
-0.648824412206 0.129272957874 0.164173090435
-0.647823911956 0.129620767551 0.164004281993
-0.646823411706 0.129969912753 0.163811905211
-0.645822911456 0.130320399928 0.163597213734
-0.644822411206 0.130672235561 0.163361451329
-0.643821910955 0.131025426173 0.163105850948
-0.642821410705 0.131379978321 0.162831633840
-0.641820910455 0.131735898600 0.162540008687
-0.640820410205 0.132093193642 0.162232170784
-0.639819909955 0.132451870115 0.161909301254
-0.638819409705 0.132811934725 0.161572566295
-0.637818909455 0.133173394215 0.161223116468
-0.636818409205 0.133536255368 0.160862086012
-0.635817908954 0.133900525003 0.160490592200
-0.634817408704 0.134266209978 0.160109734729
-0.633816908454 0.134633317189 0.159720595135
-0.632816408204 0.135001853572 0.159324236255
-0.631815907954 0.135371826101 0.158921701706
-0.630815407704 0.135743241790 0.158514015409
-0.629814907454 0.136116107692 0.158102181138
-0.628814407204 0.136490430899 0.157687182100
-0.627813906953 0.136866218545 0.157269980549
-0.626813406703 0.137243477802 0.156851517427
-0.625812906453 0.137622215884 0.156432712034
-0.624812406203 0.138002440046 0.156014461731
-0.623811905953 0.138384157581 0.155597641669
-0.622811405703 0.138767375826 0.155183104542
-0.621810905453 0.139152102159 0.154771680374
-0.620810405203 0.139538343999 0.154364176328
-0.619809904952 0.139926108808 0.153961376544
-0.618809404702 0.140315404089 0.153564041999
-0.617808904452 0.140706237387 0.153172910396
-0.616808404202 0.141098616291 0.152788696074
-0.615807903952 0.141492548433 0.152412089945
-0.614807403702 0.141888041486 0.152043759449
-0.613806903452 0.142285103170 0.151684348538
-0.612806403202 0.142683741245 0.151334477676
-0.611805902951 0.143083963518 0.150994743866
-0.610805402701 0.143485777838 0.150665720692
-0.609804902451 0.143889192099 0.150347958386
-0.608804402201 0.144294214240 0.150041983909
-0.607803901951 0.144700852247 0.149748301061
-0.606803401701 0.145109114146 0.149467390595
-0.605802901451 0.145519008015 0.149199710363
-0.604802401201 0.145930541973 0.148945695466
-0.603801900950 0.146343724187 0.148705758434
-0.602801400700 0.146758562870 0.148480289412
-0.601800900450 0.147175066281 0.148269656362
-0.600800400200 0.147593242728 0.148074205286
-0.599799899950 0.148013100564 0.147894260459
-0.598799399700 0.148434648189 0.147730124674
-0.597798899450 0.148857894054 0.147582079505
-0.596798399200 0.149282846654 0.147450385577
-0.595797898949 0.149709514536 0.147335282852
-0.594797398699 0.150137906291 0.147236990927
-0.593796898449 0.150568030564 0.147155709336
-0.592796398199 0.150999896046 0.147091617872
-0.591795897949 0.151433511477 0.147044876912
-0.590795397699 0.151868885649 0.147015627752
-0.589794897449 0.152306027403 0.147003992955
-0.588794397199 0.152744945629 0.147010076701
-0.587793896948 0.153185649268 0.147033965150
-0.586793396698 0.153628147315 0.147075726809
-0.585792896448 0.154072448811 0.147135412906
-0.584792396198 0.154518562852 0.147213057772
-0.583791895948 0.154966498586 0.147308679227
-0.582791395698 0.155416265210 0.147422278975
-0.581790895448 0.155867871977 0.147553842993
-0.580790395198 0.156321328190 0.147703341941
-0.579789894947 0.156776643205 0.147870731560
-0.578789394697 0.157233826433 0.148055953084
-0.577788894447 0.157692887338 0.148258933651
-0.576788394197 0.158153835437 0.148479586716
-0.575787893947 0.158616680302 0.148717812466
-0.574787393697 0.159081431559 0.148973498241
-0.573786893447 0.159548098889 0.149246518952
-0.572786393197 0.160016692027 0.149536737500
-0.571785892946 0.160487220766 0.149844005199
-0.570785392696 0.160959694953 0.150168162193
-0.569784892446 0.161434124491 0.150509037885
-0.568784392196 0.161910519339 0.150866451350
-0.567783891946 0.162388889514 0.151240211759
-0.566783391696 0.162869245089 0.151630118795
-0.565782891446 0.163351596195 0.152035963073
-0.564782391196 0.163835953020 0.152457526555
-0.563781890945 0.164322325810 0.152894582960
-0.562781390695 0.164810724870 0.153346898182
-0.561780890445 0.165301160562 0.153814230691
-0.560780390195 0.165793643309 0.154296331944
-0.559779889945 0.166288183592 0.154792946783
-0.558779389695 0.166784791952 0.155303813839
-0.557778889445 0.167283478990 0.155828665923
-0.556778389195 0.167784255366 0.156367230418
-0.555777888944 0.168287131803 0.156919229667
-0.554777388694 0.168792119083 0.157484381357
-0.553776888444 0.169299228049 0.158062398894
-0.552776388194 0.169808469607 0.158652991778
-0.551775887944 0.170319854725 0.159255865971
-0.550775387694 0.170833394432 0.159870724261
-0.549774887444 0.171349099819 0.160497266618
-0.548774387194 0.171866982043 0.161135190546
-0.547773886943 0.172387052321 0.161784191433
-0.546773386693 0.172909321935 0.162443962886
-0.545772886443 0.173433802231 0.163114197070
-0.544772386193 0.173960504619 0.163794585035
-0.543771885943 0.174489440575 0.164484817036
-0.542771385693 0.175020621638 0.165184582852
-0.541770885443 0.175554059412 0.165893572093
-0.540770385193 0.176089765569 0.166611474504
-0.539769884942 0.176627751846 0.167337980259
-0.538769384692 0.177168030046 0.168072780251
-0.537768884442 0.177710612038 0.168815566374
-0.536768384192 0.178255509760 0.169566031798
-0.535767883942 0.178802735216 0.170323871237
-0.534767383692 0.179352300478 0.171088781210
-0.533766883442 0.179904217686 0.171860460294
-0.532766383192 0.180458499049 0.172638609372
-0.531765882941 0.181015156845 0.173422931870
-0.530765382691 0.181574203419 0.174213133992
-0.529764882441 0.182135651190 0.175008924941
-0.528764382191 0.182699512641 0.175810017140
-0.527763881941 0.183265800331 0.176616126438
-0.526763381691 0.183834526885 0.177426972315
-0.525762881441 0.184405705002 0.178242278078
-0.524762381191 0.184979347450 0.179061771044
-0.523761880940 0.185555467071 0.179885182727
-0.522761380690 0.186134076776 0.180712249005
-0.521760880440 0.186715189553 0.181542710288
-0.520760380190 0.187298818457 0.182376311679
-0.519759879940 0.187884976620 0.183212803119
-0.518759379690 0.188473677247 0.184051939536
-0.517758879440 0.189064933616 0.184893480979
-0.516758379190 0.189658759079 0.185737192746
-0.515757878939 0.190255167062 0.186582845509
-0.514757378689 0.190854171068 0.187430215429
-0.513756878439 0.191455784673 0.188279084261
-0.512756378189 0.192060021529 0.189129239457
-0.511755877939 0.192666895366 0.189980474261
-0.510755377689 0.193276419988 0.190832587792
-0.509754877439 0.193888609275 0.191685385131
-0.508754377189 0.194503477187 0.192538677390
-0.507753876938 0.195121037758 0.193392281780
-0.506753376688 0.195741305103 0.194246021671
-0.505752876438 0.196364293413 0.195099726649
-0.504752376188 0.196990016957 0.195953232561
-0.503751875938 0.197618490083 0.196806381558
-0.502751375688 0.198249727221 0.197659022128
-0.501750875438 0.198883742876 0.198511009128
-0.500750375188 0.199520551635 0.199362203807
-0.499749874937 0.200160168167 0.200212473820
-0.498749374687 0.200802607217 0.201061693244
-0.497748874437 0.201447883616 0.201909742581
-0.496748374187 0.202096012271 0.202756508760
-0.495747873937 0.202747008176 0.203601885130
-0.494747373687 0.203400886402 0.204445771452
-0.493746873437 0.204057662105 0.205288073880
-0.492746373187 0.204717350524 0.206128704945
-0.491745872936 0.205379966978 0.206967583524
-0.490745372686 0.206045526872 0.207804634812
-0.489744872436 0.206714045693 0.208639790287
-0.488744372186 0.207385539014 0.209472987668
-0.487743871936 0.208060022490 0.210304170874
-0.486743371686 0.208737511861 0.211133289970
-0.485742871436 0.209418022953 0.211960301119
-0.484742371186 0.210101571676 0.212785166520
-0.483741870935 0.210788174027 0.213607854350
-0.482741370685 0.211477846087 0.214428338697
-0.481740870435 0.212170604025 0.215246599493
-0.480740370185 0.212866464096 0.216062622437
-0.479739869935 0.213565442640 0.216876398924
-0.478739369685 0.214267556088 0.217687925964
-0.477738869435 0.214972820954 0.218497206097
-0.476738369185 0.215681253844 0.219304247309
-0.475737868934 0.216392871449 0.220109062944
-0.474737368684 0.217107690549 0.220911671608
-0.473736868434 0.217825728014 0.221712097082
-0.472736368184 0.218547000801 0.222510368218
-0.471735867934 0.219271525959 0.223306518841
-0.470735367684 0.219999320623 0.224100587651
-0.469734867434 0.220730402020 0.224892618114
-0.468734367184 0.221464787468 0.225682658359
-0.467733866933 0.222202494373 0.226470761067
-0.466733366683 0.222943540232 0.227256983364
-0.465732866433 0.223687942635 0.228041386706
-0.464732366183 0.224435719262 0.228824036768
-0.463731865933 0.225186887882 0.229605003329
-0.462731365683 0.225941466361 0.230384360152
-0.461730865433 0.226699472652 0.231162184873
-0.460730365183 0.227460924801 0.231938558876
-0.459729864932 0.228225840950 0.232713567175
-0.458729364682 0.228994239329 0.233487298298
-0.457728864432 0.229766138264 0.234259844157
-0.456728364182 0.230541556172 0.235031299933
-0.455727863932 0.231320511566 0.235801763950
-0.454727363682 0.232103023048 0.236571337552
-0.453726863432 0.232889109319 0.237340124982
-0.452726363182 0.233678789170 0.238108233252
-0.451725862931 0.234472081488 0.238875772028
-0.450725362681 0.235269005253 0.239642853496
-0.449724862431 0.236069579542 0.240409592245
-0.448724362181 0.236873823523 0.241176105143
-0.447723861931 0.237681756461 0.241942511208
-0.446723361681 0.238493397715 0.242708931490
-0.445722861431 0.239308766742 0.243475488945
-0.444722361181 0.240127883089 0.244242308316
-0.443721860930 0.240950766402 0.245009516006
-0.442721360680 0.241777436423 0.245777239962
-0.441720860430 0.242607912987 0.246545609552
-0.440720360180 0.243442216025 0.247314755447
-0.439719859930 0.244280365567 0.248084809500
-0.438719359680 0.245122381735 0.248855904632
-0.437718859430 0.245968284749 0.249628174713
-0.436718359180 0.246818094924 0.250401754448
-0.435717858929 0.247671832673 0.251176779262
-0.434717358679 0.248529518502 0.251953385187
-0.433716858429 0.249391173015 0.252731708755
-0.432716358179 0.250256816913 0.253511886882
-0.431715857929 0.251126470992 0.254294056763
-0.430715357679 0.252000156144 0.255078355764
-0.429714857429 0.252877893358 0.255864921320
-0.428714357179 0.253759703718 0.256653890826
-0.427713856928 0.254645608406 0.257445401540
-0.426713356678 0.255535628698 0.258239590482
-0.425712856428 0.256429785968 0.259036594333
-0.424712356178 0.257328101683 0.259836549344
-0.423711855928 0.258230597410 0.260639591235
-0.422711355678 0.259137294808 0.261445855110
-0.421710855428 0.260048215634 0.262255475363
-0.420710355178 0.260963381740 0.263068585587
-0.419709854927 0.261882815072 0.263885318494
-0.418709354677 0.262806537673 0.264705805827
-0.417708854427 0.263734571680 0.265530178278
-0.416708354177 0.264666939326 0.266358565412
-0.415707853927 0.265603662937 0.267191095586
-0.414707353677 0.266544764935 0.268027895873
-0.413706853427 0.267490267835 0.268869091994
-0.412706353177 0.268440194247 0.269714808243
-0.411705852926 0.269394566874 0.270565167422
-0.410705352676 0.270353408512 0.271420290771
-0.409704852426 0.271316742052 0.272280297909
-0.408704352176 0.272284590474 0.273145306771
-0.407703851926 0.273256976855 0.274015433546
-0.406703351676 0.274233924361 0.274890792627
-0.405702851426 0.275215456250 0.275771496551
-0.404702351176 0.276201595873 0.276657655952
-0.403701850925 0.277192366668 0.277549379509
-0.402701350675 0.278187792168 0.278446773899
-0.401700850425 0.279187895992 0.279349943755
-0.400700350175 0.280192701851 0.280258991621
-0.399699849925 0.281202233545 0.281174017917
-0.398699349675 0.282216514959 0.282095120895
-0.397698849425 0.283235570069 0.283022396613
-0.396698349175 0.284259422938 0.283955938893
-0.395697848924 0.285288097714 0.284895839300
-0.394697348674 0.286321618631 0.285842187107
-0.393696848424 0.287360010010 0.286795069277
-0.392696348174 0.288403296255 0.287754570432
-0.391695847924 0.289451501855 0.288720772840
-0.390695347674 0.290504651381 0.289693756392
-0.389694847424 0.291562769487 0.290673598586
-0.388694347174 0.292625880907 0.291660374518
-0.387693846923 0.293694010459 0.292654156864
-0.386693346673 0.294767183038 0.293655015876
-0.385692846423 0.295845423618 0.294663019373
-0.384692346173 0.296928757253 0.295678232734
-0.383691845923 0.298017209073 0.296700718901
-0.382691345673 0.299110804282 0.297730538370
-0.381690845423 0.300209568163 0.298767749202
-0.380690345173 0.301313526071 0.299812407020
-0.379689844922 0.302422703433 0.300864565014
-0.378689344672 0.303537125749 0.301924273954
-0.377688844422 0.304656818589 0.302991582196
-0.376688344172 0.305781807594 0.304066535693
-0.375687843922 0.306912118471 0.305149178008
-0.374687343672 0.308047776996 0.306239550333
-0.373686843422 0.309188809008 0.307337691501
-0.372686343172 0.310335240414 0.308443638008
-0.371685842921 0.311487097180 0.309557424033
-0.370685342671 0.312644405337 0.310679081457
-0.369684842421 0.313807190973 0.311808639892
-0.368684342171 0.314975480237 0.312946126703
-0.367683841921 0.316149299333 0.314091567035
-0.366683341671 0.317328674522 0.315244983842
-0.365682841421 0.318513632117 0.316406397919
-0.364682341171 0.319704198485 0.317575827929
-0.363681840920 0.320900400041 0.318753290440
-0.362681340670 0.322102263251 0.319938799956
-0.361680840420 0.323309814627 0.321132368955
-0.360680340170 0.324523080724 0.322334007923
-0.359679839920 0.325742088142 0.323543725393
-0.358679339670 0.326966863520 0.324761527986
-0.357678839420 0.328197433539 0.325987420447
-0.356678339170 0.329433824915 0.327221405689
-0.355677838919 0.330676064396 0.328463484835
-0.354677338669 0.331924178768 0.329713657259
-0.353676838419 0.333178194843 0.330971920632
-0.352676338169 0.334438139463 0.332238270967
-0.351675837919 0.335704039495 0.333512702664
-0.350675337669 0.336975921828 0.334795208554
-0.349674837419 0.338253813375 0.336085779951
-0.348674337169 0.339537741063 0.337384406695
-0.347673836918 0.340827731839 0.338691077204
-0.346673336668 0.342123812659 0.340005778522
-0.345672836418 0.343426010492 0.341328496365
-0.344672336168 0.344734352312 0.342659215177
-0.343671835918 0.346048865101 0.343997918174
-0.342671335668 0.347369575840 0.345344587402
-0.341670835418 0.348696511509 0.346699203779
-0.340670335168 0.350029699084 0.348061747154
-0.339669834917 0.351369165534 0.349432196355
-0.338669334667 0.352714937818 0.350810529241
-0.337668834417 0.354067042879 0.352196722753
-0.336668334167 0.355425507644 0.353590752969
-0.335667833917 0.356790359020 0.354992595151
-0.334667333667 0.358161623888 0.356402223802
-0.333666833417 0.359539329103 0.357819612713
-0.332666333167 0.360923501488 0.359244735019
-0.331665832916 0.362314167831 0.360677563248
-0.330665332666 0.363711354882 0.362118069371
-0.329664832416 0.365115089346 0.363566224858
-0.328664332166 0.366525397883 0.365022000723
-0.327663831916 0.367942307103 0.366485367578
-0.326663331666 0.369365843558 0.367956295685
-0.325662831416 0.370796033745 0.369434754999
-0.324662331166 0.372232904095 0.370920715223
-0.323661830915 0.373676480971 0.372414145854
-0.322661330665 0.375126790664 0.373915016235
-0.321660830415 0.376583859390 0.375423295597
-0.320660330165 0.378047713280 0.376938953108
-0.319659829915 0.379518378382 0.378461957923
-0.318659329665 0.380995880650 0.379992279226
-0.317658829415 0.382480245944 0.381529886273
-0.316658329165 0.383971500020 0.383074748442
-0.315657828914 0.385469668532 0.384626835273
-0.314657328664 0.386974777017 0.386186116509
-0.313656828414 0.388486850900 0.387752562141
-0.312656328164 0.390005915479 0.389326142447
-0.311655827914 0.391531995926 0.390906828031
-0.310655327664 0.393065117280 0.392494589866
-0.309654827414 0.394605304438 0.394089399326
-0.308654327164 0.396152582154 0.395691228228
-0.307653826913 0.397706975028 0.397300048866
-0.306653326663 0.399268507505 0.398915834043
-0.305652826413 0.400837203862 0.400538557110
-0.304652326163 0.402413088211 0.402168191996
-0.303651825913 0.403996184481 0.403804713239
-0.302651325663 0.405586516424 0.405448096015
-0.301650825413 0.407184107596 0.407098316172
-0.300650325163 0.408788981360 0.408755350254
-0.299649824912 0.410401160872 0.410419175525
-0.298649324662 0.412020669080 0.412089770004
-0.297648824412 0.413647528710 0.413767112477
-0.296648324162 0.415281762266 0.415451182530
-0.295647823912 0.416923392015 0.417141960565
-0.294647323662 0.418572439987 0.418839427823
-0.293646823412 0.420228927959 0.420543566398
-0.292646323162 0.421892877455 0.422254359264
-0.291645822911 0.423564309734 0.423971790281
-0.290645322661 0.425243245780 0.425695844216
-0.289644822411 0.426929706298 0.427426506755
-0.288644322161 0.428623711702 0.429163764515
-0.287643821911 0.430325282110 0.430907605054
-0.286643321661 0.432034437331 0.432658016883
-0.285642821411 0.433751196859 0.434414989471
-0.284642321161 0.435475579863 0.436178513250
-0.283641820910 0.437207605178 0.437948579627
-0.282641320660 0.438947291297 0.439725180981
-0.281640820410 0.440694656358 0.441508310667
-0.280640320160 0.442449718138 0.443297963018
-0.279639819910 0.444212494040 0.445094133344
-0.278639319660 0.445983001088 0.446896817930
-0.277638819410 0.447761255910 0.448706014032
-0.276638319160 0.449547274733 0.450521719872
-0.275637818909 0.451341073371 0.452343934632
-0.274637318659 0.453142667216 0.454172658449
-0.273636818409 0.454952071221 0.456007892400
-0.272636318159 0.456769299898 0.457849638498
-0.271635817909 0.458594367301 0.459697899674
-0.270635317659 0.460427287016 0.461552679772
-0.269634817409 0.462268072149 0.463413983523
-0.268634317159 0.464116735318 0.465281816540
-0.267633816908 0.465973288636 0.467156185295
-0.266633316658 0.467837743702 0.469037097100
-0.265632816408 0.469710111589 0.470924560090
-0.264632316158 0.471590402831 0.472818583199
-0.263631815908 0.473478627410 0.474719176138
-0.262631315658 0.475374794745 0.476626349374
-0.261630815408 0.477278913677 0.478540114100
-0.260630315158 0.479190992459 0.480460482213
-0.259629814907 0.481111038738 0.482387466282
-0.258629314657 0.483039059549 0.484321079524
-0.257628814407 0.484975061292 0.486261335770
-0.256628314157 0.486919049728 0.488208249436
-0.255627813907 0.488871029958 0.490161835490
-0.254627313657 0.490831006411 0.492122109419
-0.253626813407 0.492798982832 0.494089087192
-0.252626313157 0.494774962264 0.496062785227
-0.251625812906 0.496758947035 0.498043220354
-0.250625312656 0.498750938746 0.500030409777
-0.249624812406 0.500750938250 0.502024371033
-0.248624312156 0.502758945641 0.504025121954
-0.247623811906 0.504774960238 0.506032680628
-0.246623311656 0.506798980568 0.508047065353
-0.245622811406 0.508831004354 0.510068294598
-0.244622311156 0.510871028493 0.512096386959
-0.243621810905 0.512919049046 0.514131361112
-0.242621310655 0.514975061218 0.516173235769
-0.241620810405 0.517039059341 0.518222029636
-0.240620310155 0.519111036862 0.520277761359
-0.239619809905 0.521190986320 0.522340449483
-0.238619309655 0.523278899334 0.524410112399
-0.237618809405 0.525374766582 0.526486768298
-0.236618309155 0.527478577788 0.528570435120
-0.235617808904 0.529590321700 0.530661130505
-0.234617308654 0.531709986073 0.532758871741
-0.233616808404 0.533837557654 0.534863675713
-0.232616308154 0.535973022161 0.536975558853
-0.231615807904 0.538116364268 0.539094537083
-0.230615307654 0.540267567581 0.541220625768
-0.229614807404 0.542426614625 0.543353839659
-0.228614307154 0.544593486822 0.545494192840
-0.227613806903 0.546768164473 0.547641698675
-0.226613306653 0.548950626739 0.549796369753
-0.225612806403 0.551140851623 0.551958217835
-0.224612306153 0.553338815947 0.554127253794
-0.223611805903 0.555544495335 0.556303487569
-0.222611305653 0.557757864195 0.558486928102
-0.221610805403 0.559978895696 0.560677583284
-0.220610305153 0.562207561746 0.562875459903
-0.219609804902 0.564443832979 0.565080563585
-0.218609304652 0.566687678730 0.567292898742
-0.217608804402 0.568939067011 0.569512468512
-0.216608304152 0.571197964500 0.571739274705
-0.215607803902 0.573464336512 0.573973317750
-0.214607303652 0.575738146979 0.576214596637
-0.213606803402 0.578019358436 0.578463108863
-0.212606303152 0.580307931991 0.580718850376
-0.211605802901 0.582603827310 0.582981815519
-0.210605302651 0.584907002591 0.585251996980
-0.209604802401 0.587217414548 0.587529385733
-0.208604302151 0.589535018386 0.589813970984
-0.207603801901 0.591859767780 0.592105740122
-0.206603301651 0.594191614852 0.594404678659
-0.205602801401 0.596530510154 0.596710770183
-0.204602301151 0.598876402642 0.599023996303
-0.203601800900 0.601229239654 0.601344336595
-0.202601300650 0.603588966892 0.603671768554
-0.201600800400 0.605955528395 0.606006267543
-0.200600300150 0.608328866522 0.608347806738
-0.199599799900 0.610708921926 0.610696357083
-0.198599299650 0.613095633536 0.613051887242
-0.197598799400 0.615488938530 0.615414363544
-0.196598299150 0.617888772317 0.617783749941
-0.195597798899 0.620295068516 0.620160007959
-0.194597298649 0.622707758927 0.622543096653
-0.193596798399 0.625126773519 0.624932972559
-0.192596298149 0.627552040400 0.627329589653
-0.191595797899 0.629983485797 0.629732899303
-0.190595297649 0.632421034040 0.632142850230
-0.189594797399 0.634864607530 0.634559388465
-0.188594297149 0.637314126728 0.636982457306
-0.187593796898 0.639769510123 0.639411997280
-0.186593296648 0.642230674222 0.641847946104
-0.185592796398 0.644697533516 0.644290238646
-0.184592296148 0.647170000471 0.646738806890
-0.183591795898 0.649647985498 0.649193579898
-0.182591295648 0.652131396937 0.651654483774
-0.181590795398 0.654620141032 0.654121441636
-0.180590295148 0.657114121915 0.656594373578
-0.179589794897 0.659613241584 0.659073196640
-0.178589294647 0.662117399881 0.661557824780
-0.177588794397 0.664626494474 0.664048168844
-0.176588294147 0.667140420836 0.666544136536
-0.175587793897 0.669659072227 0.669045632397
-0.174587293647 0.672182339675 0.671552557774
-0.173586793397 0.674710111954 0.674064810799
-0.172586293147 0.677242275567 0.676582286369
-0.171585792896 0.679778714732 0.679104876120
-0.170585292646 0.682319311356 0.681632468411
-0.169584792396 0.684863945024 0.684164948304
-0.168584292146 0.687412492979 0.686702197547
-0.167583791896 0.689964830105 0.689244094561
-0.166583291646 0.692520828910 0.691790514419
-0.165582791396 0.695080359514 0.694341328844
-0.164582291146 0.697643289628 0.696896406189
-0.163581790895 0.700209484542 0.699455611428
-0.162581290645 0.702778807109 0.702018806155
-0.161580790395 0.705351117732 0.704585848567
-0.160580290145 0.707926274351 0.707156593467
-0.159579789895 0.710504132427 0.709730892257
-0.158579289645 0.713084544931 0.712308592934
-0.157578789395 0.715667362335 0.714889540093
-0.156578289145 0.718252432594 0.717473574924
-0.155577788894 0.720839601143 0.720060535219
-0.154577288644 0.723428710880 0.722650255371
-0.153576788394 0.726019602161 0.725242566383
-0.152576288144 0.728612112790 0.727837295874
-0.151575787894 0.731206078012 0.730434268086
-0.150575287644 0.733801330501 0.733033303898
-0.149574787394 0.736397700361 0.735634220834
-0.148574287144 0.738995015114 0.738236833078
-0.147573786893 0.741593099697 0.740840951488
-0.146573286643 0.744191776459 0.743446383615
-0.145572786393 0.746790865158 0.746052933719
-0.144572286143 0.749390182954 0.748660402788
-0.143571785893 0.751989544412 0.751268588561
-0.142571285643 0.754588761502 0.753877285549
-0.141570785393 0.757187643595 0.756486285062
-0.140570285143 0.759785997467 0.759095375233
-0.139569784892 0.762383627301 0.761704341045
-0.138569284642 0.764980334688 0.764312964361
-0.137568784392 0.767575918637 0.766921023956
-0.136568284142 0.770170175572 0.769528295546
-0.135567783892 0.772762899345 0.772134551824
-0.134567283642 0.775353881241 0.774739562495
-0.133566783392 0.777942909985 0.777343094312
-0.132566283142 0.780529771754 0.779944911113
-0.131565782891 0.783114250187 0.782544773865
-0.130565282641 0.785696126397 0.785142440699
-0.129564782391 0.788275178984 0.787737666959
-0.128564282141 0.790851184050 0.790330205242
-0.127563781891 0.793423915212 0.792919805444
-0.126563281641 0.795993143624 0.795506214808
-0.125562781391 0.798558637990 0.798089177973
-0.124562281141 0.801120164586 0.800668437023
-0.123561780890 0.803677487282 0.803243731535
-0.122561280640 0.806230367559 0.805814798639
-0.121560780390 0.808778564540 0.808381373065
-0.120560280140 0.811321835008 0.810943187200
-0.119559779890 0.813859933437 0.813499971148
-0.118559279640 0.816392612016 0.816051452782
-0.117558779390 0.818919620682 0.818597357808
-0.116558279140 0.821440707146 0.821137409823
-0.115557778889 0.823955616928 0.823671330377
-0.114557278639 0.826464093391 0.826198839036
-0.113556778389 0.828965877773 0.828719653447
-0.112556278139 0.831460709226 0.831233489398
-0.111555777889 0.833948324852 0.833740060893
-0.110555277639 0.836428459743 0.836239080212
-0.109554777389 0.838900847025 0.838730257981
-0.108554277139 0.841365217895 0.841213303245
-0.107553776888 0.843821301668 0.843687923534
-0.106553276638 0.846268825823 0.846153824937
-0.105552776388 0.848707516051 0.848610712176
-0.104552276138 0.851137096298 0.851058288676
-0.103551775888 0.853557288824 0.853496256640
-0.102551275638 0.855967814247 0.855924317127
-0.101550775388 0.858368391601 0.858342170127
-0.100550275138 0.860758738390 0.860749514635
-0.099549774887 0.863138570642 0.863146048735
-0.098549274637 0.865507602971 0.865531469673
-0.097548774387 0.867865548635 0.867905473939
-0.096548274137 0.870212119595 0.870267757346
-0.095547773887 0.872547026583 0.872618015113
-0.094547273637 0.874869979159 0.874955941943
-0.093546773387 0.877180685786 0.877281232107
-0.092546273137 0.879478853887 0.879593579529
-0.091545772886 0.881764189923 0.881892677865
-0.090545272636 0.884036399460 0.884178220588
-0.089544772386 0.886295187236 0.886449901076
-0.088544272136 0.888540257245 0.888707412690
-0.087543771886 0.890771312802 0.890950448865
-0.086543271636 0.892988056623 0.893178703193
-0.085542771386 0.895190190904 0.895391869511
-0.084542271136 0.897377417400 0.897589641983
-0.083541770885 0.899549437500 0.899771715190
-0.082541270635 0.901705952318 0.901937784217
-0.081540770385 0.903846662769 0.904087544740
-0.080540270135 0.905971269654 0.906220693109
-0.079539769885 0.908079473750 0.908336926442
-0.078539269635 0.910170975894 0.910435942708
-0.077538769385 0.912245477069 0.912517440817
-0.076538269135 0.914302678499 0.914581120705
-0.075537768884 0.916342281733 0.916626683425
-0.074537268634 0.918363988742 0.918653831232
-0.073536768384 0.920367502007 0.920662267672
-0.072536268134 0.922352524616 0.922651697668
-0.071535767884 0.924318760358 0.924621827612
-0.070535267634 0.926265913817 0.926572365445
-0.069534767384 0.928193690468 0.928503020750
-0.068534267134 0.930101796777 0.930413504838
-0.067533766883 0.931989940295 0.932303530830
-0.066533266633 0.933857829763 0.934172813749
-0.065532766383 0.935705175202 0.936021070604
-0.064532266133 0.937531688024 0.937848020474
-0.063531765883 0.939337081121 0.939653384595
-0.062531265633 0.941121068978 0.941436886445
-0.061530765383 0.942883367763 0.943198251825
-0.060530265133 0.944623695440 0.944937208949
-0.059529764882 0.946341771861 0.946653488519
-0.058529264632 0.948037318877 0.948346823817
-0.057528764382 0.949710060436 0.950016950778
-0.056528264132 0.951359722687 0.951663608078
-0.055527763882 0.952986034084 0.953286537212
-0.054527263632 0.954588725488 0.954885482575
-0.053526763382 0.956167530272 0.956460191540
-0.052526263132 0.957722184421 0.958010414538
-0.051525762881 0.959252426637 0.959535905134
-0.050525262631 0.960757998441 0.961036420106
-0.049524762381 0.962238644274 0.962511719520
-0.048524262131 0.963694111604 0.963961566805
-0.047523761881 0.965124151018 0.965385728828
-0.046523261631 0.966528516333 0.966783975966
-0.045522761381 0.967906964690 0.968156082180
-0.044522261131 0.969259256654 0.969501825084
-0.043521760880 0.970585156317 0.970820986018
-0.042521260630 0.971884431393 0.972113350115
-0.041520760380 0.973156853314 0.973378706369
-0.040520260130 0.974402197330 0.974616847705
-0.039519759880 0.975620242601 0.975827571039
-0.038519259630 0.976810772294 0.977010677351
-0.037518759380 0.977973573673 0.978165971738
-0.036518259130 0.979108438193 0.979293263485
-0.035517758879 0.980215161590 0.980392366123
-0.034517258629 0.981293543969 0.981463097486
-0.033516758379 0.982343389895 0.982505279771
-0.032516258129 0.983364508474 0.983518739599
-0.031515757879 0.984356713442 0.984503308064
-0.030515257629 0.985319823244 0.985458820790
-0.029514757379 0.986253661120 0.986385117985
-0.028514257129 0.987158055181 0.987282044492
-0.027513756878 0.988032838485 0.988149449837
-0.026513256628 0.988877849117 0.988987188280
-0.025512756378 0.989692930261 0.989795118861
-0.024512256128 0.990477930268 0.990573105443
-0.023511755878 0.991232702733 0.991321016761
-0.022511255628 0.991957106554 0.992038726460
-0.021510755378 0.992651006003 0.992726113140
-0.020510255128 0.993314270785 0.993383060391
-0.019509754877 0.993946776104 0.994009456832
-0.018509254627 0.994548402712 0.994605196149
-0.017508754377 0.995119036976 0.995170177129
-0.016508254127 0.995658570921 0.995704303691
-0.015507753877 0.996166902288 0.996207484918
-0.014507253627 0.996643934578 0.996679635087
-0.013506753377 0.997089577098 0.997120673697
-0.012506253127 0.997503745007 0.997530525495
-0.011505752876 0.997886359351 0.997909120500
-0.010505252626 0.998237347107 0.998256394026
-0.009504752376 0.998556641212 0.998572286704
-0.008504252126 0.998844180597 0.998856744499
-0.007503751876 0.999099910216 0.999109718731
-0.006503251626 0.999323781074 0.999331166086
-0.005502751376 0.999515750248 0.999521048637
-0.004502251126 0.999675780909 0.999679333849
-0.003501750875 0.999803842338 0.999805994596
-0.002501250625 0.999899909944 0.999901009163
-0.001500750375 0.999963965272 0.999964361262
-0.000500250125 0.999995996013 0.999996040027
0.000500250125 0.999995996013 0.999996040027
0.001500750375 0.999963965272 0.999964361262
0.002501250625 0.999899909944 0.999901009163
0.003501750875 0.999803842338 0.999805994596
0.004502251126 0.999675780909 0.999679333849
0.005502751376 0.999515750248 0.999521048637
0.006503251626 0.999323781074 0.999331166086
0.007503751876 0.999099910216 0.999109718731
0.008504252126 0.998844180597 0.998856744499
0.009504752376 0.998556641212 0.998572286704
0.010505252626 0.998237347107 0.998256394026
0.011505752876 0.997886359351 0.997909120500
0.012506253127 0.997503745007 0.997530525495
0.013506753377 0.997089577098 0.997120673697
0.014507253627 0.996643934578 0.996679635087
0.015507753877 0.996166902288 0.996207484918
0.016508254127 0.995658570921 0.995704303691
0.017508754377 0.995119036976 0.995170177129
0.018509254627 0.994548402712 0.994605196149
0.019509754877 0.993946776104 0.994009456832
0.020510255128 0.993314270785 0.993383060391
0.021510755378 0.992651006003 0.992726113140
0.022511255628 0.991957106554 0.992038726460
0.023511755878 0.991232702733 0.991321016761
0.024512256128 0.990477930268 0.990573105443
0.025512756378 0.989692930261 0.989795118861
0.026513256628 0.988877849117 0.988987188280
0.027513756878 0.988032838485 0.988149449837
0.028514257129 0.987158055181 0.987282044492
0.029514757379 0.986253661120 0.986385117985
0.030515257629 0.985319823244 0.985458820790
0.031515757879 0.984356713442 0.984503308064
0.032516258129 0.983364508474 0.983518739599
0.033516758379 0.982343389895 0.982505279771
0.034517258629 0.981293543969 0.981463097486
0.035517758879 0.980215161590 0.980392366123
0.036518259130 0.979108438193 0.979293263485
0.037518759380 0.977973573673 0.978165971738
0.038519259630 0.976810772294 0.977010677351
0.039519759880 0.975620242601 0.975827571039
0.040520260130 0.974402197330 0.974616847705
0.041520760380 0.973156853314 0.973378706369
0.042521260630 0.971884431393 0.972113350115
0.043521760880 0.970585156317 0.970820986018
0.044522261131 0.969259256654 0.969501825084
0.045522761381 0.967906964690 0.968156082180
0.046523261631 0.966528516333 0.966783975966
0.047523761881 0.965124151018 0.965385728828
0.048524262131 0.963694111604 0.963961566805
0.049524762381 0.962238644274 0.962511719520
0.050525262631 0.960757998441 0.961036420106
0.051525762881 0.959252426637 0.959535905134
0.052526263132 0.957722184421 0.958010414538
0.053526763382 0.956167530272 0.956460191540
0.054527263632 0.954588725488 0.954885482575
0.055527763882 0.952986034084 0.953286537212
0.056528264132 0.951359722687 0.951663608078
0.057528764382 0.949710060436 0.950016950778
0.058529264632 0.948037318877 0.948346823817
0.059529764882 0.946341771861 0.946653488519
0.060530265133 0.944623695440 0.944937208949
0.061530765383 0.942883367763 0.943198251825
0.062531265633 0.941121068978 0.941436886445
0.063531765883 0.939337081121 0.939653384595
0.064532266133 0.937531688024 0.937848020474
0.065532766383 0.935705175202 0.936021070604
0.066533266633 0.933857829763 0.934172813749
0.067533766883 0.931989940295 0.932303530830
0.068534267134 0.930101796777 0.930413504838
0.069534767384 0.928193690468 0.928503020750
0.070535267634 0.926265913817 0.926572365445
0.071535767884 0.924318760358 0.924621827612
0.072536268134 0.922352524616 0.922651697668
0.073536768384 0.920367502007 0.920662267672
0.074537268634 0.918363988742 0.918653831232
0.075537768884 0.916342281733 0.916626683425
0.076538269135 0.914302678499 0.914581120705
0.077538769385 0.912245477069 0.912517440817
0.078539269635 0.910170975894 0.910435942708
0.079539769885 0.908079473750 0.908336926442
0.080540270135 0.905971269654 0.906220693109
0.081540770385 0.903846662769 0.904087544740
0.082541270635 0.901705952318 0.901937784217
0.083541770885 0.899549437500 0.899771715190
0.084542271136 0.897377417400 0.897589641983
0.085542771386 0.895190190904 0.895391869511
0.086543271636 0.892988056623 0.893178703193
0.087543771886 0.890771312802 0.890950448865
0.088544272136 0.888540257245 0.888707412690
0.089544772386 0.886295187236 0.886449901076
0.090545272636 0.884036399460 0.884178220588
0.091545772886 0.881764189923 0.881892677865
0.092546273137 0.879478853887 0.879593579529
0.093546773387 0.877180685786 0.877281232107
0.094547273637 0.874869979159 0.874955941943
0.095547773887 0.872547026583 0.872618015113
0.096548274137 0.870212119595 0.870267757346
0.097548774387 0.867865548635 0.867905473939
0.098549274637 0.865507602971 0.865531469673
0.099549774887 0.863138570642 0.863146048735
0.100550275138 0.860758738390 0.860749514635
0.101550775388 0.858368391601 0.858342170127
0.102551275638 0.855967814247 0.855924317127
0.103551775888 0.853557288824 0.853496256640
0.104552276138 0.851137096298 0.851058288676
0.105552776388 0.848707516051 0.848610712176
0.106553276638 0.846268825823 0.846153824937
0.107553776888 0.843821301668 0.843687923534
0.108554277139 0.841365217895 0.841213303245
0.109554777389 0.838900847025 0.838730257981
0.110555277639 0.836428459743 0.836239080212
0.111555777889 0.833948324852 0.833740060893
0.112556278139 0.831460709226 0.831233489398
0.113556778389 0.828965877773 0.828719653447
0.114557278639 0.826464093391 0.826198839036
0.115557778889 0.823955616928 0.823671330377
0.116558279140 0.821440707146 0.821137409823
0.117558779390 0.818919620682 0.818597357808
0.118559279640 0.816392612016 0.816051452782
0.119559779890 0.813859933437 0.813499971148
0.120560280140 0.811321835008 0.810943187200
0.121560780390 0.808778564540 0.808381373065
0.122561280640 0.806230367559 0.805814798639
0.123561780890 0.803677487282 0.803243731535
0.124562281141 0.801120164586 0.800668437023
0.125562781391 0.798558637990 0.798089177973
0.126563281641 0.795993143624 0.795506214808
0.127563781891 0.793423915212 0.792919805444
0.128564282141 0.790851184050 0.790330205242
0.129564782391 0.788275178984 0.787737666959
0.130565282641 0.785696126397 0.785142440699
0.131565782891 0.783114250187 0.782544773865
0.132566283142 0.780529771754 0.779944911113
0.133566783392 0.777942909985 0.777343094312
0.134567283642 0.775353881241 0.774739562495
0.135567783892 0.772762899345 0.772134551824
0.136568284142 0.770170175572 0.769528295546
0.137568784392 0.767575918637 0.766921023956
0.138569284642 0.764980334688 0.764312964361
0.139569784892 0.762383627301 0.761704341045
0.140570285143 0.759785997467 0.759095375233
0.141570785393 0.757187643595 0.756486285062
0.142571285643 0.754588761502 0.753877285549
0.143571785893 0.751989544412 0.751268588561
0.144572286143 0.749390182954 0.748660402788
0.145572786393 0.746790865158 0.746052933719
0.146573286643 0.744191776459 0.743446383615
0.147573786893 0.741593099697 0.740840951488
0.148574287144 0.738995015114 0.738236833078
0.149574787394 0.736397700361 0.735634220834
0.150575287644 0.733801330501 0.733033303898
0.151575787894 0.731206078012 0.730434268086
0.152576288144 0.728612112790 0.727837295874
0.153576788394 0.726019602161 0.725242566383
0.154577288644 0.723428710880 0.722650255371
0.155577788894 0.720839601143 0.720060535219
0.156578289145 0.718252432594 0.717473574924
0.157578789395 0.715667362335 0.714889540093
0.158579289645 0.713084544931 0.712308592934
0.159579789895 0.710504132427 0.709730892257
0.160580290145 0.707926274351 0.707156593467
0.161580790395 0.705351117732 0.704585848567
0.162581290645 0.702778807109 0.702018806155
0.163581790895 0.700209484542 0.699455611428
0.164582291146 0.697643289628 0.696896406189
0.165582791396 0.695080359514 0.694341328844
0.166583291646 0.692520828910 0.691790514419
0.167583791896 0.689964830105 0.689244094561
0.168584292146 0.687412492979 0.686702197547
0.169584792396 0.684863945024 0.684164948304
0.170585292646 0.682319311356 0.681632468411
0.171585792896 0.679778714732 0.679104876120
0.172586293147 0.677242275567 0.676582286369
0.173586793397 0.674710111954 0.674064810799
0.174587293647 0.672182339675 0.671552557774
0.175587793897 0.669659072227 0.669045632397
0.176588294147 0.667140420836 0.666544136536
0.177588794397 0.664626494474 0.664048168844
0.178589294647 0.662117399881 0.661557824780
0.179589794897 0.659613241584 0.659073196640
0.180590295148 0.657114121915 0.656594373578
0.181590795398 0.654620141032 0.654121441636
0.182591295648 0.652131396937 0.651654483774
0.183591795898 0.649647985498 0.649193579898
0.184592296148 0.647170000471 0.646738806890
0.185592796398 0.644697533516 0.644290238646
0.186593296648 0.642230674222 0.641847946104
0.187593796898 0.639769510123 0.639411997280
0.188594297149 0.637314126728 0.636982457306
0.189594797399 0.634864607530 0.634559388465
0.190595297649 0.632421034040 0.632142850230
0.191595797899 0.629983485797 0.629732899303
0.192596298149 0.627552040400 0.627329589653
0.193596798399 0.625126773519 0.624932972559
0.194597298649 0.622707758927 0.622543096653
0.195597798899 0.620295068516 0.620160007959
0.196598299150 0.617888772317 0.617783749941
0.197598799400 0.615488938530 0.615414363544
0.198599299650 0.613095633536 0.613051887242
0.199599799900 0.610708921926 0.610696357083
0.200600300150 0.608328866522 0.608347806738
0.201600800400 0.605955528395 0.606006267543
0.202601300650 0.603588966892 0.603671768554
0.203601800900 0.601229239654 0.601344336595
0.204602301151 0.598876402642 0.599023996303
0.205602801401 0.596530510154 0.596710770183
0.206603301651 0.594191614852 0.594404678659
0.207603801901 0.591859767780 0.592105740122
0.208604302151 0.589535018386 0.589813970984
0.209604802401 0.587217414548 0.587529385733
0.210605302651 0.584907002591 0.585251996980
0.211605802901 0.582603827310 0.582981815519
0.212606303152 0.580307931991 0.580718850376
0.213606803402 0.578019358436 0.578463108863
0.214607303652 0.575738146979 0.576214596637
0.215607803902 0.573464336512 0.573973317750
0.216608304152 0.571197964500 0.571739274705
0.217608804402 0.568939067011 0.569512468512
0.218609304652 0.566687678730 0.567292898742
0.219609804902 0.564443832979 0.565080563585
0.220610305153 0.562207561746 0.562875459903
0.221610805403 0.559978895696 0.560677583284
0.222611305653 0.557757864195 0.558486928102
0.223611805903 0.555544495335 0.556303487569
0.224612306153 0.553338815947 0.554127253794
0.225612806403 0.551140851623 0.551958217835
0.226613306653 0.548950626739 0.549796369753
0.227613806903 0.546768164473 0.547641698675
0.228614307154 0.544593486822 0.545494192840
0.229614807404 0.542426614625 0.543353839659
0.230615307654 0.540267567581 0.541220625768
0.231615807904 0.538116364268 0.539094537083
0.232616308154 0.535973022161 0.536975558853
0.233616808404 0.533837557654 0.534863675713
0.234617308654 0.531709986073 0.532758871741
0.235617808904 0.529590321700 0.530661130505
0.236618309155 0.527478577788 0.528570435120
0.237618809405 0.525374766582 0.526486768298
0.238619309655 0.523278899334 0.524410112399
0.239619809905 0.521190986320 0.522340449483
0.240620310155 0.519111036862 0.520277761359
0.241620810405 0.517039059341 0.518222029636
0.242621310655 0.514975061218 0.516173235769
0.243621810905 0.512919049046 0.514131361112
0.244622311156 0.510871028493 0.512096386959
0.245622811406 0.508831004354 0.510068294598
0.246623311656 0.506798980568 0.508047065353
0.247623811906 0.504774960238 0.506032680628
0.248624312156 0.502758945641 0.504025121954
0.249624812406 0.500750938250 0.502024371033
0.250625312656 0.498750938746 0.500030409777
0.251625812906 0.496758947035 0.498043220354
0.252626313157 0.494774962264 0.496062785227
0.253626813407 0.492798982832 0.494089087192
0.254627313657 0.490831006411 0.492122109419
0.255627813907 0.488871029958 0.490161835490
0.256628314157 0.486919049728 0.488208249436
0.257628814407 0.484975061292 0.486261335770
0.258629314657 0.483039059549 0.484321079524
0.259629814907 0.481111038738 0.482387466282
0.260630315158 0.479190992459 0.480460482213
0.261630815408 0.477278913677 0.478540114100
0.262631315658 0.475374794745 0.476626349374
0.263631815908 0.473478627410 0.474719176138
0.264632316158 0.471590402831 0.472818583199
0.265632816408 0.469710111589 0.470924560090
0.266633316658 0.467837743702 0.469037097100
0.267633816908 0.465973288636 0.467156185295
0.268634317159 0.464116735318 0.465281816540
0.269634817409 0.462268072149 0.463413983523
0.270635317659 0.460427287016 0.461552679772
0.271635817909 0.458594367301 0.459697899674
0.272636318159 0.456769299898 0.457849638498
0.273636818409 0.454952071221 0.456007892400
0.274637318659 0.453142667216 0.454172658449
0.275637818909 0.451341073371 0.452343934632
0.276638319160 0.449547274733 0.450521719872
0.277638819410 0.447761255910 0.448706014032
0.278639319660 0.445983001088 0.446896817930
0.279639819910 0.444212494040 0.445094133344
0.280640320160 0.442449718138 0.443297963018
0.281640820410 0.440694656358 0.441508310667
0.282641320660 0.438947291297 0.439725180981
0.283641820910 0.437207605178 0.437948579627
0.284642321161 0.435475579863 0.436178513250
0.285642821411 0.433751196859 0.434414989471
0.286643321661 0.432034437331 0.432658016883
0.287643821911 0.430325282110 0.430907605054
0.288644322161 0.428623711702 0.429163764515
0.289644822411 0.426929706298 0.427426506755
0.290645322661 0.425243245780 0.425695844216
0.291645822911 0.423564309734 0.423971790281
0.292646323162 0.421892877455 0.422254359264
0.293646823412 0.420228927959 0.420543566398
0.294647323662 0.418572439987 0.418839427823
0.295647823912 0.416923392015 0.417141960565
0.296648324162 0.415281762266 0.415451182530
0.297648824412 0.413647528710 0.413767112477
0.298649324662 0.412020669080 0.412089770004
0.299649824912 0.410401160872 0.410419175525
0.300650325163 0.408788981360 0.408755350254
0.301650825413 0.407184107596 0.407098316172
0.302651325663 0.405586516424 0.405448096015
0.303651825913 0.403996184481 0.403804713239
0.304652326163 0.402413088211 0.402168191996
0.305652826413 0.400837203862 0.400538557110
0.306653326663 0.399268507505 0.398915834043
0.307653826913 0.397706975028 0.397300048866
0.308654327164 0.396152582154 0.395691228228
0.309654827414 0.394605304438 0.394089399326
0.310655327664 0.393065117280 0.392494589866
0.311655827914 0.391531995926 0.390906828031
0.312656328164 0.390005915479 0.389326142447
0.313656828414 0.388486850900 0.387752562141
0.314657328664 0.386974777017 0.386186116509
0.315657828914 0.385469668532 0.384626835273
0.316658329165 0.383971500020 0.383074748442
0.317658829415 0.382480245944 0.381529886273
0.318659329665 0.380995880650 0.379992279226
0.319659829915 0.379518378382 0.378461957923
0.320660330165 0.378047713280 0.376938953108
0.321660830415 0.376583859390 0.375423295597
0.322661330665 0.375126790664 0.373915016235
0.323661830915 0.373676480971 0.372414145854
0.324662331166 0.372232904095 0.370920715223
0.325662831416 0.370796033745 0.369434754999
0.326663331666 0.369365843558 0.367956295685
0.327663831916 0.367942307103 0.366485367578
0.328664332166 0.366525397883 0.365022000723
0.329664832416 0.365115089346 0.363566224858
0.330665332666 0.363711354882 0.362118069371
0.331665832916 0.362314167831 0.360677563248
0.332666333167 0.360923501488 0.359244735019
0.333666833417 0.359539329103 0.357819612713
0.334667333667 0.358161623888 0.356402223802
0.335667833917 0.356790359020 0.354992595151
0.336668334167 0.355425507644 0.353590752969
0.337668834417 0.354067042879 0.352196722753
0.338669334667 0.352714937818 0.350810529241
0.339669834917 0.351369165534 0.349432196355
0.340670335168 0.350029699084 0.348061747154
0.341670835418 0.348696511509 0.346699203779
0.342671335668 0.347369575840 0.345344587402
0.343671835918 0.346048865101 0.343997918174
0.344672336168 0.344734352312 0.342659215177
0.345672836418 0.343426010492 0.341328496365
0.346673336668 0.342123812659 0.340005778522
0.347673836918 0.340827731839 0.338691077204
0.348674337169 0.339537741063 0.337384406695
0.349674837419 0.338253813375 0.336085779951
0.350675337669 0.336975921828 0.334795208554
0.351675837919 0.335704039495 0.333512702664
0.352676338169 0.334438139463 0.332238270967
0.353676838419 0.333178194843 0.330971920632
0.354677338669 0.331924178768 0.329713657259
0.355677838919 0.330676064396 0.328463484835
0.356678339170 0.329433824915 0.327221405689
0.357678839420 0.328197433539 0.325987420447
0.358679339670 0.326966863520 0.324761527986
0.359679839920 0.325742088142 0.323543725393
0.360680340170 0.324523080724 0.322334007923
0.361680840420 0.323309814627 0.321132368955
0.362681340670 0.322102263251 0.319938799956
0.363681840920 0.320900400041 0.318753290440
0.364682341171 0.319704198485 0.317575827929
0.365682841421 0.318513632117 0.316406397919
0.366683341671 0.317328674522 0.315244983842
0.367683841921 0.316149299333 0.314091567035
0.368684342171 0.314975480237 0.312946126703
0.369684842421 0.313807190973 0.311808639892
0.370685342671 0.312644405337 0.310679081457
0.371685842921 0.311487097180 0.309557424033
0.372686343172 0.310335240414 0.308443638008
0.373686843422 0.309188809008 0.307337691501
0.374687343672 0.308047776996 0.306239550333
0.375687843922 0.306912118471 0.305149178008
0.376688344172 0.305781807594 0.304066535693
0.377688844422 0.304656818589 0.302991582196
0.378689344672 0.303537125749 0.301924273954
0.379689844922 0.302422703433 0.300864565014
0.380690345173 0.301313526071 0.299812407020
0.381690845423 0.300209568163 0.298767749202
0.382691345673 0.299110804282 0.297730538370
0.383691845923 0.298017209073 0.296700718901
0.384692346173 0.296928757253 0.295678232734
0.385692846423 0.295845423618 0.294663019373
0.386693346673 0.294767183038 0.293655015876
0.387693846923 0.293694010459 0.292654156864
0.388694347174 0.292625880907 0.291660374518
0.389694847424 0.291562769487 0.290673598586
0.390695347674 0.290504651381 0.289693756392
0.391695847924 0.289451501855 0.288720772840
0.392696348174 0.288403296255 0.287754570432
0.393696848424 0.287360010010 0.286795069277
0.394697348674 0.286321618631 0.285842187107
0.395697848924 0.285288097714 0.284895839300
0.396698349175 0.284259422938 0.283955938893
0.397698849425 0.283235570069 0.283022396613
0.398699349675 0.282216514959 0.282095120895
0.399699849925 0.281202233545 0.281174017917
0.400700350175 0.280192701851 0.280258991621
0.401700850425 0.279187895992 0.279349943755
0.402701350675 0.278187792168 0.278446773899
0.403701850925 0.277192366668 0.277549379509
0.404702351176 0.276201595873 0.276657655952
0.405702851426 0.275215456250 0.275771496551
0.406703351676 0.274233924361 0.274890792627
0.407703851926 0.273256976855 0.274015433546
0.408704352176 0.272284590474 0.273145306771
0.409704852426 0.271316742052 0.272280297909
0.410705352676 0.270353408512 0.271420290771
0.411705852926 0.269394566874 0.270565167422
0.412706353177 0.268440194247 0.269714808243
0.413706853427 0.267490267835 0.268869091994
0.414707353677 0.266544764935 0.268027895873
0.415707853927 0.265603662937 0.267191095586
0.416708354177 0.264666939326 0.266358565412
0.417708854427 0.263734571680 0.265530178278
0.418709354677 0.262806537673 0.264705805827
0.419709854927 0.261882815072 0.263885318494
0.420710355178 0.260963381740 0.263068585587
0.421710855428 0.260048215634 0.262255475363
0.422711355678 0.259137294808 0.261445855110
0.423711855928 0.258230597410 0.260639591235
0.424712356178 0.257328101683 0.259836549344
0.425712856428 0.256429785968 0.259036594333
0.426713356678 0.255535628698 0.258239590482
0.427713856928 0.254645608406 0.257445401540
0.428714357179 0.253759703718 0.256653890826
0.429714857429 0.252877893358 0.255864921320
0.430715357679 0.252000156144 0.255078355764
0.431715857929 0.251126470992 0.254294056763
0.432716358179 0.250256816913 0.253511886882
0.433716858429 0.249391173015 0.252731708755
0.434717358679 0.248529518502 0.251953385187
0.435717858929 0.247671832673 0.251176779262
0.436718359180 0.246818094924 0.250401754448
0.437718859430 0.245968284749 0.249628174713
0.438719359680 0.245122381735 0.248855904632
0.439719859930 0.244280365567 0.248084809500
0.440720360180 0.243442216025 0.247314755447
0.441720860430 0.242607912987 0.246545609552
0.442721360680 0.241777436423 0.245777239962
0.443721860930 0.240950766402 0.245009516006
0.444722361181 0.240127883089 0.244242308316
0.445722861431 0.239308766742 0.243475488945
0.446723361681 0.238493397715 0.242708931490
0.447723861931 0.237681756461 0.241942511208
0.448724362181 0.236873823523 0.241176105143
0.449724862431 0.236069579542 0.240409592245
0.450725362681 0.235269005253 0.239642853496
0.451725862931 0.234472081488 0.238875772028
0.452726363182 0.233678789170 0.238108233252
0.453726863432 0.232889109319 0.237340124982
0.454727363682 0.232103023048 0.236571337552
0.455727863932 0.231320511566 0.235801763950
0.456728364182 0.230541556172 0.235031299933
0.457728864432 0.229766138264 0.234259844157
0.458729364682 0.228994239329 0.233487298298
0.459729864932 0.228225840950 0.232713567175
0.460730365183 0.227460924801 0.231938558876
0.461730865433 0.226699472652 0.231162184873
0.462731365683 0.225941466361 0.230384360152
0.463731865933 0.225186887882 0.229605003329
0.464732366183 0.224435719262 0.228824036768
0.465732866433 0.223687942635 0.228041386706
0.466733366683 0.222943540232 0.227256983364
0.467733866933 0.222202494373 0.226470761067
0.468734367184 0.221464787468 0.225682658359
0.469734867434 0.220730402020 0.224892618114
0.470735367684 0.219999320623 0.224100587651
0.471735867934 0.219271525959 0.223306518841
0.472736368184 0.218547000801 0.222510368218
0.473736868434 0.217825728014 0.221712097082
0.474737368684 0.217107690549 0.220911671608
0.475737868934 0.216392871449 0.220109062944
0.476738369185 0.215681253844 0.219304247309
0.477738869435 0.214972820954 0.218497206097
0.478739369685 0.214267556088 0.217687925964
0.479739869935 0.213565442640 0.216876398924
0.480740370185 0.212866464096 0.216062622437
0.481740870435 0.212170604025 0.215246599493
0.482741370685 0.211477846087 0.214428338697
0.483741870935 0.210788174027 0.213607854350
0.484742371186 0.210101571676 0.212785166520
0.485742871436 0.209418022953 0.211960301119
0.486743371686 0.208737511861 0.211133289970
0.487743871936 0.208060022490 0.210304170874
0.488744372186 0.207385539014 0.209472987668
0.489744872436 0.206714045693 0.208639790287
0.490745372686 0.206045526872 0.207804634812
0.491745872936 0.205379966978 0.206967583524
0.492746373187 0.204717350524 0.206128704945
0.493746873437 0.204057662105 0.205288073880
0.494747373687 0.203400886402 0.204445771452
0.495747873937 0.202747008176 0.203601885130
0.496748374187 0.202096012271 0.202756508760
0.497748874437 0.201447883616 0.201909742581
0.498749374687 0.200802607217 0.201061693244
0.499749874937 0.200160168167 0.200212473820
0.500750375188 0.199520551635 0.199362203807
0.501750875438 0.198883742876 0.198511009128
0.502751375688 0.198249727221 0.197659022128
0.503751875938 0.197618490083 0.196806381558
0.504752376188 0.196990016957 0.195953232561
0.505752876438 0.196364293413 0.195099726649
0.506753376688 0.195741305103 0.194246021671
0.507753876938 0.195121037758 0.193392281780
0.508754377189 0.194503477187 0.192538677390
0.509754877439 0.193888609275 0.191685385131
0.510755377689 0.193276419988 0.190832587792
0.511755877939 0.192666895366 0.189980474261
0.512756378189 0.192060021529 0.189129239457
0.513756878439 0.191455784673 0.188279084261
0.514757378689 0.190854171068 0.187430215429
0.515757878939 0.190255167062 0.186582845509
0.516758379190 0.189658759079 0.185737192746
0.517758879440 0.189064933616 0.184893480979
0.518759379690 0.188473677247 0.184051939536
0.519759879940 0.187884976620 0.183212803119
0.520760380190 0.187298818457 0.182376311679
0.521760880440 0.186715189553 0.181542710288
0.522761380690 0.186134076776 0.180712249005
0.523761880940 0.185555467071 0.179885182727
0.524762381191 0.184979347450 0.179061771044
0.525762881441 0.184405705002 0.178242278078
0.526763381691 0.183834526885 0.177426972315
0.527763881941 0.183265800331 0.176616126438
0.528764382191 0.182699512641 0.175810017140
0.529764882441 0.182135651190 0.175008924941
0.530765382691 0.181574203419 0.174213133992
0.531765882941 0.181015156845 0.173422931870
0.532766383192 0.180458499049 0.172638609372
0.533766883442 0.179904217686 0.171860460294
0.534767383692 0.179352300478 0.171088781210
0.535767883942 0.178802735216 0.170323871237
0.536768384192 0.178255509760 0.169566031798
0.537768884442 0.177710612038 0.168815566374
0.538769384692 0.177168030046 0.168072780251
0.539769884942 0.176627751846 0.167337980259
0.540770385193 0.176089765569 0.166611474504
0.541770885443 0.175554059412 0.165893572093
0.542771385693 0.175020621638 0.165184582852
0.543771885943 0.174489440575 0.164484817036
0.544772386193 0.173960504619 0.163794585035
0.545772886443 0.173433802231 0.163114197070
0.546773386693 0.172909321935 0.162443962886
0.547773886943 0.172387052321 0.161784191433
0.548774387194 0.171866982043 0.161135190546
0.549774887444 0.171349099819 0.160497266618
0.550775387694 0.170833394432 0.159870724261
0.551775887944 0.170319854725 0.159255865971
0.552776388194 0.169808469607 0.158652991778
0.553776888444 0.169299228049 0.158062398894
0.554777388694 0.168792119083 0.157484381357
0.555777888944 0.168287131803 0.156919229667
0.556778389195 0.167784255366 0.156367230418
0.557778889445 0.167283478990 0.155828665923
0.558779389695 0.166784791952 0.155303813839
0.559779889945 0.166288183592 0.154792946783
0.560780390195 0.165793643309 0.154296331944
0.561780890445 0.165301160562 0.153814230691
0.562781390695 0.164810724870 0.153346898182
0.563781890945 0.164322325810 0.152894582960
0.564782391196 0.163835953020 0.152457526555
0.565782891446 0.163351596195 0.152035963073
0.566783391696 0.162869245089 0.151630118795
0.567783891946 0.162388889514 0.151240211759
0.568784392196 0.161910519339 0.150866451350
0.569784892446 0.161434124491 0.150509037885
0.570785392696 0.160959694953 0.150168162193
0.571785892946 0.160487220766 0.149844005199
0.572786393197 0.160016692027 0.149536737500
0.573786893447 0.159548098889 0.149246518952
0.574787393697 0.159081431559 0.148973498241
0.575787893947 0.158616680302 0.148717812466
0.576788394197 0.158153835437 0.148479586716
0.577788894447 0.157692887338 0.148258933651
0.578789394697 0.157233826433 0.148055953084
0.579789894947 0.156776643205 0.147870731560
0.580790395198 0.156321328190 0.147703341941
0.581790895448 0.155867871977 0.147553842993
0.582791395698 0.155416265210 0.147422278975
0.583791895948 0.154966498586 0.147308679227
0.584792396198 0.154518562852 0.147213057772
0.585792896448 0.154072448811 0.147135412906
0.586793396698 0.153628147315 0.147075726809
0.587793896948 0.153185649268 0.147033965150
0.588794397199 0.152744945629 0.147010076701
0.589794897449 0.152306027403 0.147003992955
0.590795397699 0.151868885649 0.147015627752
0.591795897949 0.151433511477 0.147044876912
0.592796398199 0.150999896046 0.147091617872
0.593796898449 0.150568030564 0.147155709336
0.594797398699 0.150137906291 0.147236990927
0.595797898949 0.149709514536 0.147335282852
0.596798399200 0.149282846654 0.147450385577
0.597798899450 0.148857894054 0.147582079505
0.598799399700 0.148434648189 0.147730124674
0.599799899950 0.148013100564 0.147894260459
0.600800400200 0.147593242728 0.148074205286
0.601800900450 0.147175066281 0.148269656362
0.602801400700 0.146758562870 0.148480289412
0.603801900950 0.146343724187 0.148705758434
0.604802401201 0.145930541973 0.148945695466
0.605802901451 0.145519008015 0.149199710363
0.606803401701 0.145109114146 0.149467390595
0.607803901951 0.144700852247 0.149748301061
0.608804402201 0.144294214240 0.150041983909
0.609804902451 0.143889192099 0.150347958386
0.610805402701 0.143485777838 0.150665720692
0.611805902951 0.143083963518 0.150994743866
0.612806403202 0.142683741245 0.151334477676
0.613806903452 0.142285103170 0.151684348538
0.614807403702 0.141888041486 0.152043759449
0.615807903952 0.141492548433 0.152412089945
0.616808404202 0.141098616291 0.152788696074
0.617808904452 0.140706237387 0.153172910396
0.618809404702 0.140315404089 0.153564041999
0.619809904952 0.139926108808 0.153961376544
0.620810405203 0.139538343999 0.154364176328
0.621810905453 0.139152102159 0.154771680374
0.622811405703 0.138767375826 0.155183104542
0.623811905953 0.138384157581 0.155597641669
0.624812406203 0.138002440046 0.156014461731
0.625812906453 0.137622215884 0.156432712034
0.626813406703 0.137243477802 0.156851517427
0.627813906953 0.136866218545 0.157269980549
0.628814407204 0.136490430899 0.157687182100
0.629814907454 0.136116107692 0.158102181138
0.630815407704 0.135743241790 0.158514015409
0.631815907954 0.135371826101 0.158921701706
0.632816408204 0.135001853572 0.159324236255
0.633816908454 0.134633317189 0.159720595135
0.634817408704 0.134266209978 0.160109734729
0.635817908954 0.133900525003 0.160490592200
0.636818409205 0.133536255368 0.160862086012
0.637818909455 0.133173394215 0.161223116468
0.638819409705 0.132811934725 0.161572566295
0.639819909955 0.132451870115 0.161909301254
0.640820410205 0.132093193642 0.162232170784
0.641820910455 0.131735898600 0.162540008687
0.642821410705 0.131379978321 0.162831633840
0.643821910955 0.131025426173 0.163105850948
0.644822411206 0.130672235561 0.163361451329
0.645822911456 0.130320399928 0.163597213734
0.646823411706 0.129969912753 0.163811905211
0.647823911956 0.129620767551 0.164004281993
0.648824412206 0.129272957874 0.164173090436
0.649824912456 0.128926477307 0.164317067981
0.650825412706 0.128581319475 0.164434944168
0.651825912956 0.128237478035 0.164525441676
0.652826413207 0.127894946682 0.164587277402
0.653826913457 0.127553719143 0.164619163586
0.654827413707 0.127213789182 0.164619808968
0.655827913957 0.126875150597 0.164587919979
0.656828414207 0.126537797220 0.164522201985
0.657828914457 0.126201722918 0.164421360551
0.658829414707 0.125866921592 0.164284102757
0.659829914957 0.125533387176 0.164109138550
0.660830415208 0.125201113638 0.163895182128
0.661830915458 0.124870094979 0.163640953370
0.662831415708 0.124540325234 0.163345179302
0.663831915958 0.124211798470 0.163006595596
0.664832416208 0.123884508789 0.162623948119
0.665832916458 0.123558450321 0.162195994504
0.666833416708 0.123233617234 0.161721505773
0.667833916958 0.122910003725 0.161199267989
0.668834417209 0.122587604022 0.160628083947
0.669834917459 0.122266412388 0.160006774900
0.670835417709 0.121946423115 0.159334182325
0.671835917959 0.121627630528 0.158609169723
0.672836418209 0.121310028982 0.157830624451
0.673836918459 0.120993612865 0.156997459592
0.674837418709 0.120678376594 0.156108615858
0.675837918959 0.120364314616 0.155163063526
0.676838419210 0.120051421412 0.154159804410
0.677838919460 0.119739691489 0.153097873857
0.678839419710 0.119429119388 0.151976342782
0.679839919960 0.119119699678 0.150794319730
0.680840420210 0.118811426957 0.149550952965
0.681840920460 0.118504295854 0.148245432592
0.682841420710 0.118198301027 0.146876992703
0.683841920960 0.117893437164 0.145444913550
0.684842421211 0.117589698980 0.143948523740
0.685842921461 0.117287081222 0.142387202462
0.686843421711 0.116985578662 0.140760381727
0.687843921961 0.116685186104 0.139067548633
0.688844422211 0.116385898378 0.137308247653
0.689844922461 0.116087710344 0.135482082934
0.690845422711 0.115790616888 0.133588720618
0.691845922961 0.115494612926 0.131627891179
0.692846423212 0.115199693401 0.129599391768
0.693846923462 0.114905853281 0.127503088573
0.694847423712 0.114613087567 0.125338919191
0.695847923962 0.114321391281 0.123106895000
0.696848424212 0.114030759476 0.120807103548
0.697848924462 0.113741187231 0.118439710936
0.698849424712 0.113452669651 0.116004964209
0.699849924962 0.113165201868 0.113503193740
0.700850425213 0.112878779041 0.110934815620
0.701850925463 0.112593396354 0.108300334037
0.702851425713 0.112309049018 0.105600343647
0.703851925963 0.112025732271 0.102835531935
0.704852426213 0.111743441373 0.100006681571
0.705852926463 0.111462171614 0.097114672736
0.706853426713 0.111181918308 0.094160485446
0.707853926963 0.110902676792 0.091145201841
0.708854427214 0.110624442431 0.088070008457
0.709854927464 0.110347210615 0.084936198475
0.710855427714 0.110070976756 0.081745173928
0.711855927964 0.109795736294 0.078498447886
0.712856428214 0.109521484692 0.075197646600
0.713856928464 0.109248217438 0.071844511603
0.714857428714 0.108975930043 0.068440901773
0.715857928964 0.108704618044 0.064988795346
0.716858429215 0.108434277000 0.061490291879
0.717858929465 0.108164902496 0.057947614159
0.718859429715 0.107896490138 0.054363110052
0.719859929965 0.107629035559 0.050739254292
0.720860430215 0.107362534413 0.047078650204
0.721860930465 0.107096982377 0.043384031354
0.722861430715 0.106832375153 0.039658263130
0.723861930965 0.106568708464 0.035904344237
0.724862431216 0.106305978058 0.032125408115
0.725862931466 0.106044179703 0.028324724270
0.726863431716 0.105783309193 0.024505699504
0.727863931966 0.105523362341 0.020671879062
0.728864432216 0.105264334985 0.016826947667
0.729864932466 0.105006222984 0.012974730453
0.730865432716 0.104749022218 0.009119193786
0.731865932966 0.104492728592 0.005264445973
0.732866433217 0.104237338029 0.001414737841
0.733866933467 0.103982846478 -0.002425536801
0.734867433717 0.103729249905 -0.006251840835
0.735867933967 0.103476544300 -0.010059493647
0.736868434217 0.103224725674 -0.013843671073
0.737868934467 0.102973790059 -0.017599405505
0.738869434717 0.102723733508 -0.021321586140
0.739869934967 0.102474552095 -0.025004959393
0.740870435218 0.102226241915 -0.028644129471
0.741870935468 0.101978799083 -0.032233559119
0.742871435718 0.101732219734 -0.035767570545
0.743871935968 0.101486500026 -0.039240346522
0.744872436218 0.101241636134 -0.042645931677
0.745872936468 0.100997624256 -0.045978233984
0.746873436718 0.100754460609 -0.049231026443
0.747873936968 0.100512141428 -0.052397948975
0.748874437219 0.100270662972 -0.055472510527
0.749874937469 0.100030021515 -0.058448091394
0.750875437719 0.099790213354 -0.061317945767
0.751875937969 0.099551234805 -0.064075204512
0.752876438219 0.099313082201 -0.066712878188
0.753876938469 0.099075751898 -0.069223860308
0.754877438719 0.098839240267 -0.071600930848
0.755877938969 0.098603543701 -0.073836760019
0.756878439220 0.098368658611 -0.075923912296
0.757878939470 0.098134581427 -0.077854850721
0.758879439720 0.097901308597 -0.079621941482
0.759879939970 0.097668836588 -0.081217458772
0.760880440220 0.097437161885 -0.082633589943
0.761880940470 0.097206280993 -0.083862440950
0.762881440720 0.096976190434 -0.084896042103
0.763881940970 0.096746886747 -0.085726354124
0.764882441221 0.096518366491 -0.086345274522
0.765882941471 0.096290626242 -0.086744644288
0.766883441721 0.096063662594 -0.086916254921
0.767883941971 0.095837472159 -0.086851855784
0.768884442221 0.095612051566 -0.086543161811
0.769884942471 0.095387397461 -0.085981861545
0.770885442721 0.095163506510 -0.085159625546
0.771885942971 0.094940375392 -0.084068115151
0.772886443222 0.094718000808 -0.082698991594
0.773886943472 0.094496379472 -0.081043925509
0.774887443722 0.094275508119 -0.079094606804
0.775887943972 0.094055383496 -0.076842754914
0.776888444222 0.093836002371 -0.074280129451
0.777888944472 0.093617361527 -0.071398541243
0.778889444722 0.093399457764 -0.068189863769
0.779889944972 0.093182287898 -0.064646045004
0.780890445223 0.092965848762 -0.060759119673
0.781890945473 0.092750137204 -0.056521221911
0.782891445723 0.092535150091 -0.051924598353
0.783891945973 0.092320884303 -0.046961621635
0.784892446223 0.092107336737 -0.041624804328
0.785892946473 0.091894504308 -0.035906813307
0.786893446723 0.091682383943 -0.029800484540
0.787893946973 0.091470972589 -0.023298838330
0.788894447224 0.091260267206 -0.016395094989
0.789894947474 0.091050264769 -0.009082690956
0.790895447724 0.090840962271 -0.001355295359
0.791895947974 0.090632356719 0.006793172966
0.792896448224 0.090424445134 0.015368528021
0.793896948474 0.090217224554 0.024376298728
0.794897448724 0.090010692033 0.033821710570
0.795897948974 0.089804844638 0.043709666770
0.796898449225 0.089599679450 0.054044729027
0.797898949475 0.089395193569 0.064831097794
0.798899449725 0.089191384106 0.076072592106
0.799899949975 0.088988248187 0.087772628960
0.800900450225 0.088785782956 0.099934202246
0.801900950475 0.088583985567 0.112559861232
0.802901450725 0.088382853191 0.125651688608
0.803901950975 0.088182383014 0.139211278089
0.804902451226 0.087982572233 0.153239711585
0.805902951476 0.087783418064 0.167737535939
0.806903451726 0.087584917732 0.182704739243
0.807903951976 0.087387068480 0.198140726735
0.808904452226 0.087189867562 0.214044296281
0.809904952476 0.086993312249 0.230413613460
0.810905452726 0.086797399823 0.247246186246
0.811905952976 0.086602127581 0.264538839310
0.812906453227 0.086407492834 0.282287687944
0.813906953477 0.086213492904 0.300488111620
0.814907453727 0.086020125131 0.319134727192
0.815907953977 0.085827386864 0.338221361768
0.816908454227 0.085635275467 0.357741025243
0.817908954477 0.085443788318 0.377685882531
0.818909454727 0.085252922808 0.398047225495
0.819909954977 0.085062676340 0.418815444600
0.820910455228 0.084873046330 0.439980000309
0.821910955478 0.084684030209 0.461529394230
0.822911455728 0.084495625418 0.483451140051
0.823911955978 0.084307829413 0.505731734270
0.824912456228 0.084120639661 0.528356626753
0.825912956478 0.083934053644 0.551310191137
0.826913456728 0.083748068854 0.574575695111
0.827913956978 0.083562682797 0.598135270597
0.828914457229 0.083377892992 0.621969883860
0.829914957479 0.083193696967 0.646059305579
0.830915457729 0.083010092267 0.670382080916
0.831915957979 0.082827076446 0.694915499602
0.832916458229 0.082644647072 0.719635566088
0.833916958479 0.082462801723 0.744516969796
0.834917458729 0.082281537990 0.769533055506
0.835917958979 0.082100853477 0.794655793915
0.836918459230 0.081920745798 0.819855752422
0.837918959480 0.081741212581 0.845102066175
0.838919459730 0.081562251465 0.870362409423
0.839919959980 0.081383860098 0.895602967239
0.840920460230 0.081206036143 0.920788407638
0.841920960480 0.081028777274 0.945881854168
0.842921460730 0.080852081175 0.970844859015
0.843921960980 0.080675945542 0.995637376680
0.844922461231 0.080500368084 1.020217738298
0.845922961481 0.080325346518 1.044542626649
0.846923461731 0.080150878576 1.068567051931
0.847923961981 0.079976961997 1.092244328367
0.848924462231 0.079803594536 1.115526051709
0.849924962481 0.079630773955 1.138362077718
0.850925462731 0.079458498028 1.160700501689
0.851925962981 0.079286764540 1.182487639112
0.852926463232 0.079115571289 1.203668007534
0.853926963482 0.078944916080 1.224184309726
0.854927463732 0.078774796732 1.243977418224
0.855927963982 0.078605211072 1.262986361355
0.856928464232 0.078436156939 1.281148310829
0.857928964482 0.078267632184 1.298398570993
0.858929464732 0.078099634665 1.314670569873
0.859929964982 0.077932162254 1.329895852072
0.860930465233 0.077765212831 1.344004073671
0.861930965483 0.077598784286 1.356922999221
0.862931465733 0.077432874522 1.368578500952
0.863931965983 0.077267481449 1.378894560323
0.864932466233 0.077102602990 1.387793272032
0.865932966483 0.076938237075 1.395194850625
0.866933466733 0.076774381648 1.401017639828
0.867933966983 0.076611034659 1.405178124746
0.868934467234 0.076448194070 1.407590947074
0.869934967484 0.076285857852 1.408168923470
0.870935467734 0.076124023987 1.406823067227
0.871935967984 0.075962690466 1.403462613429
0.872936468234 0.075801855290 1.397995047731
0.873936968484 0.075641516468 1.390326138942
0.874937468734 0.075481672021 1.380359975586
0.875937968984 0.075322319979 1.367999006610
0.876938469235 0.075163458380 1.353144086441
0.877938969485 0.075005085272 1.335694524568
0.878939469735 0.074847198714 1.315548139849
0.879939969985 0.074689796773 1.292601319755
0.880940470235 0.074532877524 1.266749084747
0.881940970485 0.074376439054 1.237885158011
0.882941470735 0.074220479457 1.205902040770
0.883941970985 0.074064996838 1.170691093397
0.884942471236 0.073909989308 1.132142622581
0.885942971486 0.073755454991 1.090145974763
0.886943471736 0.073601392016 1.044589636115
0.887943971986 0.073447798525 0.995361339311
0.888944472236 0.073294672665 0.942348177346
0.889944972486 0.073142012595 0.885436724697
0.890945472736 0.072989816480 0.824513166080
0.891945972986 0.072838082496 0.759463433117
0.892946473237 0.072686808826 0.690173349186
0.893946973487 0.072535993663 0.616528782785
0.894947473737 0.072385635208 0.538415809699
0.895947973987 0.072235731670 0.455720884309
0.896948474237 0.072086281268 0.368331020370
0.897948974487 0.071937282227 0.276133981604
0.898949474737 0.071788732783 0.179018482445
0.899949974987 0.071640631178 0.076874399315
0.900950475238 0.071492975665 -0.030407007213
0.901950975488 0.071345764502 -0.142932858975
0.902951475738 0.071198995959 -0.260808415116
0.903951975988 0.071052668311 -0.384136814919
0.904952476238 0.070906779842 -0.513018808164
0.905952976488 0.070761328844 -0.647552472573
0.906953476738 0.070616313619 -0.787832917933
0.907953976988 0.070471732474 -0.933951976425
0.908954477239 0.070327583726 -1.085997878713
0.909954977489 0.070183865699 -1.244054915326
0.910955477739 0.070040576725 -1.408203082844
0.911955977989 0.069897715145 -1.578517714386
0.912956478239 0.069755279305 -1.755069093910
0.913956978489 0.069613267561 -1.937922053788
0.914957478739 0.069471678276 -2.127135555124
0.915957978989 0.069330509822 -2.322762250270
0.916958479240 0.069189760576 -2.524848026977
0.917958979490 0.069049428925 -2.733431533597
0.918959479740 0.068909513261 -2.948543684753
0.919959979990 0.068770011987 -3.170207146862
0.920960480240 0.068630923510 -3.398435802897
0.921960980490 0.068492246246 -3.633234195743
0.922961480740 0.068353978619 -3.874596949497
0.923961980990 0.068216119059 -4.122508168038
0.924962481241 0.068078666003 -4.376940810191
0.925962981491 0.067941617898 -4.637856040765
0.926963481741 0.067804973195 -4.905202556755
0.927963981991 0.067668730354 -5.178915887972
0.928964482241 0.067532887841 -5.458917671335
0.929964982491 0.067397444130 -5.745114898051
0.930965482741 0.067262397702 -6.037399132898
0.931965982991 0.067127747044 -6.335645704795
0.932966483242 0.066993490652 -6.639712867809
0.933966983492 0.066859627027 -6.949440931779
0.934967483742 0.066726154677 -7.264651361653
0.935967983992 0.066593072119 -7.585145844665
0.936968484242 0.066460377874 -7.910705324419
0.937968984492 0.066328070472 -8.241089000972
0.938969484742 0.066196148449 -8.576033295915
0.939969984992 0.066064610346 -8.915250781516
0.940970485243 0.065933454714 -9.258429072887
0.941970985493 0.065802680108 -9.605229682166
0.942971485743 0.065672285091 -9.955286833651
0.943971985993 0.065542268233 -10.308206238830
0.944972486243 0.065412628108 -10.663563830164
0.945972986493 0.065283363299 -11.020904452571
0.946973486743 0.065154472394 -11.379740511364
0.947973986993 0.065025953990 -11.739550575553
0.948974487244 0.064897806687 -12.099777935250
0.949974987494 0.064770029093 -12.459829111969
0.950975487744 0.064642619823 -12.819072320554
0.951975987994 0.064515577497 -13.176835881458
0.952976488244 0.064388900742 -13.532406582023
0.953976988494 0.064262588191 -13.885027985460
0.954977488744 0.064136638484 -14.233898686123
0.955977988994 0.064011050265 -14.578170509670
0.956978489245 0.063885822187 -14.916946656684
0.957978989495 0.063760952908 -15.249279788272
0.958979489745 0.063636441090 -15.574170052161
0.959979989995 0.063512285404 -15.890563047706
0.960980490245 0.063388484527 -16.197347728315
0.961980990495 0.063265037139 -16.493354239603
0.962981490745 0.063141941928 -16.777351691715
0.963981990995 0.063019197589 -17.048045864087
0.964982491246 0.062896802821 -17.304076840944
0.965982991496 0.062774756329 -17.544016575825
0.966983491746 0.062653056825 -17.766366383303
0.967983991996 0.062531703026 -17.969554356094
0.968984492246 0.062410693654 -18.151932705704
0.969984992496 0.062290027439 -18.311775024697
0.970985492746 0.062169703115 -18.447273468634
0.971985992996 0.062049719422 -18.556535855737
0.972986493247 0.061930075104 -18.637582682193
0.973986993497 0.061810768915 -18.688344051084
0.974987493747 0.061691799610 -18.706656512794
0.975987993997 0.061573165953 -18.690259814770
0.976988494247 0.061454866710 -18.636793558390
0.977988994497 0.061336900655 -18.543793760725
0.978989494747 0.061219266569 -18.408689318911
0.979989994997 0.061101963233 -18.228798374731
0.980990495248 0.060984989440 -18.001324577092
0.981990995498 0.060868343983 -17.723353239903
0.982991495748 0.060752025664 -17.391847392866
0.983991995998 0.060636033288 -17.003643722693
0.984992496248 0.060520365666 -16.555448402066
0.985992996498 0.060405021615 -16.043832803795
0.986993496748 0.060289999957 -15.465229097387
0.987993996998 0.060175299518 -14.815925725321
0.988994497249 0.060060919132 -14.092062756203
0.989994997499 0.059946857634 -13.289627111944
0.990995497749 0.059833113868 -12.404447666011
0.991995997999 0.059719686681 -11.432190209789
0.992996498249 0.059606574926 -10.368352284021
0.993996998499 0.059493777460 -9.208257872185
0.994997498749 0.059381293147 -7.947051952665
0.995997998999 0.059269120854 -6.579694906491
0.996998499250 0.059157259453 -5.100956777343
0.997998999500 0.059045707824 -3.505411380456
0.998999499750 0.058934464847 -1.787430257026
1.000000000000 0.058823529412 0.058823529412
