-1.000000000000 0.058823529412 0.058823529412
-0.998999499750 0.058934464847 0.964712133224
-0.997998999500 0.059045707824 1.815684661749
-0.996998499250 0.059157259453 2.613901200934
-0.995997998999 0.059269120854 3.361455791778
-0.994997498749 0.059381293147 4.060378095428
-0.993996998499 0.059493777460 4.712635022737
-0.992996498249 0.059606574926 5.320132328956
-0.991995997999 0.059719686681 5.884716174167
-0.990995497749 0.059833113868 6.408174650121
-0.989994997499 0.059946857634 6.892239274067
-0.988994497249 0.060060919132 7.338586450215
-0.987993996998 0.060175299518 7.748838899401
-0.986993496748 0.060289999957 8.124567057573
-0.985992996498 0.060405021615 8.467290443652
-0.984992496248 0.060520365666 8.778478997367
-0.983991995998 0.060636033288 9.059554387598
-0.982991495748 0.060752025664 9.311891291811
-0.981990995498 0.060868343983 9.536818647099
-0.980990495248 0.060984989440 9.735620873386
-0.979989994997 0.061101963233 9.909539069320
-0.978989494747 0.061219266569 10.059772181357
-0.977988994497 0.061336900655 10.187478146561
-0.976988494247 0.061454866710 10.293775009622
-0.975987993997 0.061573165953 10.379742014578
-0.974987493747 0.061691799610 10.446420671729
-0.973986993497 0.061810768915 10.494815800224
-0.972986493247 0.061930075104 10.525896546782
-0.971985992996 0.062049719422 10.540597381027
-0.970985492746 0.062169703115 10.539819067864
-0.969984992496 0.062290027439 10.524429617373
-0.968984492246 0.062410693654 10.495265212632
-0.967983991996 0.062531703026 10.453131115924
-0.966983491746 0.062653056825 10.398802553737
-0.965982991496 0.062774756329 10.333025580989
-0.964982491246 0.062896802821 10.256517924867
-0.963981990995 0.063019197589 10.169969808711
-0.962981490745 0.063141941928 10.074044756320
-0.961980990495 0.063265037139 9.969380377074
-0.960980490245 0.063388484527 9.856589132265
-0.959979989995 0.063512285404 9.736259083004
-0.958979489745 0.063636441090 9.608954620070
-0.957978989495 0.063760952908 9.475217176093
-0.956978489245 0.063885822187 9.335565920388
-0.955977988994 0.064011050265 9.190498436830
-0.954977488744 0.064136638484 9.040491385085
-0.953976988494 0.064262588191 8.886001145568
-0.952976488244 0.064388900742 8.727464448430
-0.951975987994 0.064515577497 8.565298986927
-0.950975487744 0.064642619823 8.399904015482
-0.949974987494 0.064770029093 8.231660932762
-0.948974487244 0.064897806687 8.060933850069
-0.947973986993 0.065025953990 7.888070145375
-0.946973486743 0.065154472394 7.713401003278
-0.945972986493 0.065283363299 7.537241941184
-0.944972486243 0.065412628108 7.359893322011
-0.943971985993 0.065542268233 7.181640853684
-0.942971485743 0.065672285091 7.002756075722
-0.941970985493 0.065802680108 6.823496833170
-0.940970485243 0.065933454714 6.644107738161
-0.939969984992 0.066064610346 6.464820619374
-0.938969484742 0.066196148449 6.285854959627
-0.937968984492 0.066328070472 6.107418321898
-0.936968484242 0.066460377874 5.929706763985
-0.935967983992 0.066593072119 5.752905242081
-0.934967483742 0.066726154677 5.577188003492
-0.933966983492 0.066859627027 5.402718968737
-0.932966483242 0.066993490652 5.229652103270
-0.931965982991 0.067127747044 5.058131779044
-0.930965482741 0.067262397702 4.888293126146
-0.929964982491 0.067397444130 4.720262374725
-0.928964482241 0.067532887841 4.554157187430
-0.927963981991 0.067668730354 4.390086982567
-0.926963481741 0.067804973195 4.228153248181
-0.925962981491 0.067941617898 4.068449847280
-0.924962481241 0.068078666003 3.911063314391
-0.923961980990 0.068216119059 3.756073143644
-0.922961480740 0.068353978619 3.603552068585
-0.921960980490 0.068492246246 3.453566333908
-0.920960480240 0.068630923510 3.306175959279
-0.919959979990 0.068770011987 3.161434995452
-0.918959479740 0.068909513261 3.019391772848
-0.917958979490 0.069049428925 2.880089142763
-0.916958479240 0.069189760576 2.743564711402
-0.915957978989 0.069330509822 2.609851066882
-0.914957478739 0.069471678276 2.478975999384
-0.913956978489 0.069613267561 2.350962714615
-0.912956478239 0.069755279305 2.225830040738
-0.911955977989 0.069897715145 2.103592628923
-0.910955477739 0.070040576725 1.984261147678
-0.909954977489 0.070183865699 1.867842471109
-0.908954477239 0.070327583726 1.754339861248
-0.907953976988 0.070471732474 1.643753144612
-0.906953476738 0.070616313619 1.536078883109
-0.905952976488 0.070761328844 1.431310539454
-0.904952476238 0.070906779842 1.329438637215
-0.903951975988 0.071052668311 1.230450915628
-0.902951475738 0.071198995959 1.134332479314
-0.901950975488 0.071345764502 1.041065943017
-0.900950475238 0.071492975665 0.950631571500
-0.899949974987 0.071640631178 0.863007414712
-0.898949474737 0.071788732783 0.778169438353
-0.897948974487 0.071937282227 0.696091649947
-0.896948474237 0.072086281268 0.616746220548
-0.895947973987 0.072235731670 0.540103602186
-0.894947473737 0.072385635208 0.466132641162
-0.893946973487 0.072535993663 0.394800687308
-0.892946473237 0.072686808826 0.326073699307
-0.891945972986 0.072838082496 0.259916346190
-0.890945472736 0.072989816480 0.196292105096
-0.889944972486 0.073142012595 0.135163355414
-0.888944472236 0.073294672665 0.076491469384
-0.887943971986 0.073447798525 0.020236899269
-0.886943471736 0.073601392016 -0.033640738824
-0.885942971486 0.073755454991 -0.085182584360
-0.884942471236 0.073909989308 -0.134430454973
-0.883941970985 0.074064996838 -0.181426772121
-0.882941470735 0.074220479457 -0.226214489736
-0.881940970485 0.074376439054 -0.268837025786
-0.880940470235 0.074532877524 -0.309338196648
-0.879939969985 0.074689796773 -0.347762154231
-0.878939469735 0.074847198714 -0.384153325771
-0.877938969485 0.075005085272 -0.418556356197
-0.876938469235 0.075163458380 -0.451016053029
-0.875937968984 0.075322319979 -0.481577333707
-0.874937468734 0.075481672021 -0.510285175289
-0.873936968484 0.075641516468 -0.537184566451
-0.872936468234 0.075801855290 -0.562320461716
-0.871935967984 0.075962690466 -0.585737737851
-0.870935467734 0.076124023987 -0.607481152354
-0.869934967484 0.076285857852 -0.627595303985
-0.868934467234 0.076448194070 -0.646124595266
-0.867933966983 0.076611034659 -0.663113196892
-0.866933466733 0.076774381648 -0.678605013994
-0.865932966483 0.076938237075 -0.692643654198
-0.864932466233 0.077102602990 -0.705272397424
-0.863931965983 0.077267481449 -0.716534167358
-0.862931465733 0.077432874522 -0.726471504565
-0.861930965483 0.077598784286 -0.735126541167
-0.860930465233 0.077765212831 -0.742540977050
-0.859929964982 0.077932162254 -0.748756057543
-0.858929464732 0.078099634665 -0.753812552524
-0.857928964482 0.078267632184 -0.757750736899
-0.856928464232 0.078436156939 -0.760610372415
-0.855927963982 0.078605211072 -0.762430690752
-0.854927463732 0.078774796732 -0.763250377866
-0.853926963482 0.078944916080 -0.763107559516
-0.852926463232 0.079115571289 -0.762039787954
-0.851925962981 0.079286764540 -0.760084029727
-0.850925462731 0.079458498028 -0.757276654551
-0.849924962481 0.079630773955 -0.753653425220
-0.848924462231 0.079803594536 -0.749249488510
-0.847923961981 0.079976961997 -0.744099367047
-0.846923461731 0.080150878576 -0.738236952091
-0.845922961481 0.080325346518 -0.731695497214
-0.844922461231 0.080500368084 -0.724507612825
-0.843921960980 0.080675945542 -0.716705261521
-0.842921460730 0.080852081175 -0.708319754225
-0.841920960480 0.081028777274 -0.699381747072
-0.840920460230 0.081206036143 -0.689921239033
-0.839919959980 0.081383860098 -0.679967570222
-0.838919459730 0.081562251465 -0.669549420878
-0.837918959480 0.081741212581 -0.658694810975
-0.836918459230 0.081920745798 -0.647431100456
-0.835917958979 0.082100853477 -0.635784990034
-0.834917458729 0.082281537990 -0.623782522562
-0.833916958479 0.082462801723 -0.611449084930
-0.832916458229 0.082644647072 -0.598809410472
-0.831915957979 0.082827076446 -0.585887581850
-0.830915457729 0.083010092267 -0.572707034406
-0.829914957479 0.083193696967 -0.559290559947
-0.828914457229 0.083377892992 -0.545660310945
-0.827913956978 0.083562682797 -0.531837805135
-0.826913456728 0.083748068854 -0.517843930484
-0.825912956478 0.083934053644 -0.503698950512
-0.824912456228 0.084120639661 -0.489422509953
-0.823911955978 0.084307829413 -0.475033640726
-0.822911455728 0.084495625418 -0.460550768205
-0.821910955478 0.084684030209 -0.445991717772
-0.820910455228 0.084873046330 -0.431373721626
-0.819909954977 0.085062676340 -0.416713425842
-0.818909454727 0.085252922808 -0.402026897660
-0.817908954477 0.085443788318 -0.387329632988
-0.816908454227 0.085635275467 -0.372636564101
-0.815907953977 0.085827386864 -0.357962067531
-0.814907453727 0.086020125131 -0.343319972122
-0.813906953477 0.086213492904 -0.328723567240
-0.812906453227 0.086407492834 -0.314185611139
-0.811905952976 0.086602127581 -0.299718339442
-0.810905452726 0.086797399823 -0.285333473754
-0.809904952476 0.086993312249 -0.271042230373
-0.808904452226 0.087189867562 -0.256855329104
-0.807903951976 0.087387068480 -0.242783002149
-0.806903451726 0.087584917732 -0.228835003082
-0.805902951476 0.087783418064 -0.215020615876
-0.804902451226 0.087982572233 -0.201348663993
-0.803901950975 0.088182383014 -0.187827519514
-0.802901450725 0.088382853191 -0.174465112304
-0.801900950475 0.088583985567 -0.161268939206
-0.800900450225 0.088785782956 -0.148246073250
-0.799899949975 0.088988248187 -0.135403172875
-0.798899449725 0.089191384106 -0.122746491152
-0.797898949475 0.089395193569 -0.110281884999
-0.796898449225 0.089599679450 -0.098014824387
-0.795897948974 0.089804844638 -0.085950401525
-0.794897448724 0.090010692033 -0.074093340022
-0.793896948474 0.090217224554 -0.062448004009
-0.792896448224 0.090424445134 -0.051018407233
-0.791895947974 0.090632356719 -0.039808222098
-0.790895447724 0.090840962271 -0.028820788662
-0.789894947474 0.091050264769 -0.018059123582
-0.788894447224 0.091260267206 -0.007525928985
-0.787893946973 0.091470972589 0.002776398705
-0.786893446723 0.091682383943 0.012845760023
-0.785892946473 0.091894504308 0.022680343792
-0.784892446223 0.092107336737 0.032278618519
-0.783891945973 0.092320884303 0.041639323884
-0.782891445723 0.092535150091 0.050761462304
-0.781890945473 0.092750137204 0.059644290593
-0.780890445223 0.092965848762 0.068287311708
-0.779889944972 0.093182287898 0.076690266591
-0.778889444722 0.093399457764 0.084853126107
-0.777888944472 0.093617361527 0.092776083086
-0.776888444222 0.093836002371 0.100459544462
-0.775887943972 0.094055383496 0.107904123519
-0.774887443722 0.094275508119 0.115110632246
-0.773886943472 0.094496379472 0.122080073797
-0.772886443222 0.094718000808 0.128813635061
-0.771885942971 0.094940375392 0.135312679353
-0.770885442721 0.095163506510 0.141578739205
-0.769884942471 0.095387397461 0.147613509286
-0.768884442221 0.095612051566 0.153418839426
-0.767883941971 0.095837472159 0.158996727771
-0.766883441721 0.096063662594 0.164349314043
-0.765882941471 0.096290626242 0.169478872932
-0.764882441221 0.096518366491 0.174387807597
-0.763881940970 0.096746886747 0.179078643298
-0.762881440720 0.096976190434 0.183554021143
-0.761880940470 0.097206280993 0.187816691957
-0.760880440220 0.097437161885 0.191869510279
-0.759879939970 0.097668836588 0.195715428476
-0.758879439720 0.097901308597 0.199357490981
-0.757878939470 0.098134581427 0.202798828655
-0.756878439220 0.098368658611 0.206042653268
-0.755877938969 0.098603543701 0.209092252110
-0.754877438719 0.098839240267 0.211950982715
-0.753876938469 0.099075751898 0.214622267715
-0.752876438219 0.099313082201 0.217109589810
-0.751875937969 0.099551234805 0.219416486860
-0.750875437719 0.099790213354 0.221546547103
-0.749874937469 0.100030021515 0.223503404486
-0.748874437219 0.100270662972 0.225290734121
-0.747873936968 0.100512141428 0.226912247855
-0.746873436718 0.100754460609 0.228371689961
-0.745872936468 0.100997624256 0.229672832947
-0.744872436218 0.101241636134 0.230819473479
-0.743871935968 0.101486500026 0.231815428418
-0.742871435718 0.101732219734 0.232664530978
-0.741870935468 0.101978799083 0.233370626991
-0.740870435218 0.102226241915 0.233937571285
-0.739869934967 0.102474552095 0.234369224178
-0.738869434717 0.102723733508 0.234669448075
-0.737868934467 0.102973790059 0.234842104182
-0.736868434217 0.103224725674 0.234891049321
-0.735867933967 0.103476544300 0.234820132851
-0.734867433717 0.103729249905 0.234633193707
-0.733866933467 0.103982846478 0.234334057520
-0.732866433217 0.104237338029 0.233926533866
-0.731865932966 0.104492728592 0.233414413591
-0.730865432716 0.104749022218 0.232801466257
-0.729864932466 0.105006222984 0.232091437672
-0.728864432216 0.105264334985 0.231288047524
-0.727863931966 0.105523362341 0.230394987110
-0.726863431716 0.105783309193 0.229415917155
-0.725862931466 0.106044179703 0.228354465730
-0.724862431216 0.106305978058 0.227214226256
-0.723861930965 0.106568708464 0.225998755599
-0.722861430715 0.106832375153 0.224711572256
-0.721860930465 0.107096982377 0.223356154624
-0.720860430215 0.107362534413 0.221935939354
-0.719859929965 0.107629035559 0.220454319792
-0.718859429715 0.107896490138 0.218914644501
-0.717858929465 0.108164902496 0.217320215859
-0.716858429215 0.108434277000 0.215674288745
-0.715857928964 0.108704618044 0.213980069289
-0.714857428714 0.108975930043 0.212240713715
-0.713856928464 0.109248217438 0.210459327244
-0.712856428214 0.109521484692 0.208638963072
-0.711855927964 0.109795736294 0.206782621430
-0.710855427714 0.110070976756 0.204893248698
-0.709854927464 0.110347210615 0.202973736599
-0.708854427214 0.110624442431 0.201026921454
-0.707853926963 0.110902676792 0.199055583505
-0.706853426713 0.111181918308 0.197062446294
-0.705852926463 0.111462171614 0.195050176119
-0.704852426213 0.111743441373 0.193021381532
-0.703851925963 0.112025732271 0.190978612910
-0.702851425713 0.112309049018 0.188924362080
-0.701850925463 0.112593396354 0.186861061991
-0.700850425213 0.112878779041 0.184791086456
-0.699849924962 0.113165201868 0.182716749936
-0.698849424712 0.113452669651 0.180640307375
-0.697848924462 0.113741187231 0.178563954093
-0.696848424212 0.114030759476 0.176489825720
-0.695847923962 0.114321391281 0.174419998182
-0.694847423712 0.114613087567 0.172356487728
-0.693846923462 0.114905853281 0.170301251009
-0.692846423212 0.115199693401 0.168256185191
-0.691845922961 0.115494612926 0.166223128114
-0.690845422711 0.115790616888 0.164203858497
-0.689844922461 0.116087710344 0.162200096168
-0.688844422211 0.116385898378 0.160213502344
-0.687843921961 0.116685186104 0.158245679944
-0.686843421711 0.116985578662 0.156298173933
-0.685842921461 0.117287081222 0.154372471705
-0.684842421211 0.117589698980 0.152470003494
-0.683841920960 0.117893437164 0.150592142823
-0.682841420710 0.118198301027 0.148740206970
-0.681840920460 0.118504295854 0.146915457481
-0.680840420210 0.118811426957 0.145119100693
-0.679839919960 0.119119699678 0.143352288296
-0.678839419710 0.119429119388 0.141616117912
-0.677838919460 0.119739691489 0.139911633704
-0.676838419210 0.120051421412 0.138239827005
-0.675837918959 0.120364314616 0.136601636968
-0.674837418709 0.120678376594 0.134997951239
-0.673836918459 0.120993612865 0.133429606650
-0.672836418209 0.121310028982 0.131897389929
-0.671835917959 0.121627630528 0.130402038428
-0.670835417709 0.121946423115 0.128944240869
-0.669834917459 0.122266412388 0.127524638101
-0.668834417209 0.122587604022 0.126143823883
-0.667833916958 0.122910003725 0.124802345664
-0.666833416708 0.123233617234 0.123500705392
-0.665832916458 0.123558450321 0.122239360323
-0.664832416208 0.123884508789 0.121018723851
-0.663831915958 0.124211798470 0.119839166338
-0.662831415708 0.124540325234 0.118701015959
-0.661830915458 0.124870094979 0.117604559558
-0.660830415208 0.125201113638 0.116550043505
-0.659829914957 0.125533387176 0.115537674564
-0.658829414707 0.125866921592 0.114567620765
-0.657828914457 0.126201722918 0.113640012284
-0.656828414207 0.126537797220 0.112754942325
-0.655827913957 0.126875150597 0.111912468006
-0.654827413707 0.127213789182 0.111112611250
-0.653826913457 0.127553719143 0.110355359673
-0.652826413207 0.127894946682 0.109640667484
-0.651825912956 0.128237478035 0.108968456373
-0.650825412706 0.128581319475 0.108338616410
-0.649824912456 0.128926477307 0.107751006938
-0.648824412206 0.129272957874 0.107205457470
-0.647823911956 0.129620767551 0.106701768574
-0.646823411706 0.129969912753 0.106239712772
-0.645822911456 0.130320399928 0.105819035424
-0.644822411206 0.130672235561 0.105439455609
-0.643821910955 0.131025426173 0.105100667016
-0.642821410705 0.131379978321 0.104802338808
-0.641820910455 0.131735898600 0.104544116507
-0.640820410205 0.132093193642 0.104325622851
-0.639819909955 0.132451870115 0.104146458662
-0.638819409705 0.132811934725 0.104006203701
-0.637818909455 0.133173394215 0.103904417513
-0.636818409205 0.133536255368 0.103840640276
-0.635817908954 0.133900525003 0.103814393629
-0.634817408704 0.134266209978 0.103825181507
-0.633816908454 0.134633317189 0.103872490955
-0.632816408204 0.135001853572 0.103955792942
-0.631815907954 0.135371826101 0.104074543164
-0.630815407704 0.135743241790 0.104228182836
-0.629814907454 0.136116107692 0.104416139479
-0.628814407204 0.136490430899 0.104637827692
-0.627813906953 0.136866218545 0.104892649919
-0.626813406703 0.137243477802 0.105179997206
-0.625812906453 0.137622215884 0.105499249940
-0.624812406203 0.138002440046 0.105849778588
-0.623811905953 0.138384157581 0.106230944418
-0.622811405703 0.138767375826 0.106642100214
-0.621810905453 0.139152102159 0.107082590972
-0.620810405203 0.139538343999 0.107551754593
-0.619809904952 0.139926108808 0.108048922561
-0.618809404702 0.140315404089 0.108573420608
-0.617808904452 0.140706237387 0.109124569370
-0.616808404202 0.141098616291 0.109701685024
-0.615807903952 0.141492548433 0.110304079926
-0.614807403702 0.141888041486 0.110931063221
-0.613806903452 0.142285103170 0.111581941454
-0.612806403202 0.142683741245 0.112256019160
-0.611805902951 0.143083963518 0.112952599442
-0.610805402701 0.143485777838 0.113670984545
-0.609804902451 0.143889192099 0.114410476402
-0.608804402201 0.144294214240 0.115170377183
-0.607803901951 0.144700852247 0.115949989820
-0.606803401701 0.145109114146 0.116748618524
-0.605802901451 0.145519008015 0.117565569290
-0.604802401201 0.145930541973 0.118400150383
-0.603801900950 0.146343724187 0.119251672818
-0.602801400700 0.146758562870 0.120119450825
-0.601800900450 0.147175066281 0.121002802297
-0.600800400200 0.147593242728 0.121901049230
-0.599799899950 0.148013100564 0.122813518150
-0.598799399700 0.148434648189 0.123739540520
-0.597798899450 0.148857894054 0.124678453146
-0.596798399200 0.149282846654 0.125629598558
-0.595797898949 0.149709514536 0.126592325388
-0.594797398699 0.150137906291 0.127565988726
-0.593796898449 0.150568030564 0.128549950473
-0.592796398199 0.150999896046 0.129543579676
-0.591795897949 0.151433511477 0.130546252845
-0.590795397699 0.151868885649 0.131557354274
-0.589794897449 0.152306027403 0.132576276330
-0.588794397199 0.152744945629 0.133602419741
-0.587793896948 0.153185649268 0.134635193875
-0.586793396698 0.153628147315 0.135674016994
-0.585792896448 0.154072448811 0.136718316508
-0.584792396198 0.154518562852 0.137767529210
-0.583791895948 0.154966498586 0.138821101506
-0.582791395698 0.155416265210 0.139878489625
-0.581790895448 0.155867871977 0.140939159820
-0.580790395198 0.156321328190 0.142002588568
-0.579789894947 0.156776643205 0.143068262738
-0.578789394697 0.157233826433 0.144135679770
-0.577788894447 0.157692887338 0.145204347826
-0.576788394197 0.158153835437 0.146273785940
-0.575787893947 0.158616680302 0.147343524154
-0.574787393697 0.159081431559 0.148413103643
-0.573786893447 0.159548098889 0.149482076829
-0.572786393197 0.160016692027 0.150550007488
-0.571785892946 0.160487220766 0.151616470844
-0.570785392696 0.160959694953 0.152681053653
-0.569784892446 0.161434124491 0.153743354279
-0.568784392196 0.161910519339 0.154802982760
-0.567783891946 0.162388889514 0.155859560862
-0.566783391696 0.162869245089 0.156912722127
-0.565782891446 0.163351596195 0.157962111910
-0.564782391196 0.163835953020 0.159007387410
-0.563781890945 0.164322325810 0.160048217686
-0.562781390695 0.164810724870 0.161084283671
-0.561780890445 0.165301160562 0.162115278173
-0.560780390195 0.165793643309 0.163140905873
-0.559779889945 0.166288183592 0.164160883307
-0.558779389695 0.166784791952 0.165174938848
-0.557778889445 0.167283478990 0.166182812676
-0.556778389195 0.167784255366 0.167184256742
-0.555777888944 0.168287131803 0.168179034722
-0.554777388694 0.168792119083 0.169166921970
-0.553776888444 0.169299228049 0.170147705456
-0.552776388194 0.169808469607 0.171121183703
-0.551775887944 0.170319854725 0.172087166716
-0.550775387694 0.170833394432 0.173045475904
-0.549774887444 0.171349099819 0.173995943996
-0.548774387194 0.171866982043 0.174938414949
-0.547773886943 0.172387052321 0.175872743857
-0.546773386693 0.172909321935 0.176798796843
-0.545772886443 0.173433802231 0.177716450956
-0.544772386193 0.173960504619 0.178625594060
-0.543771885943 0.174489440575 0.179526124711
-0.542771385693 0.175020621638 0.180417952038
-0.541770885443 0.175554059412 0.181300995618
-0.540770385193 0.176089765569 0.182175185336
-0.539769884942 0.176627751846 0.183040461259
-0.538769384692 0.177168030046 0.183896773488
-0.537768884442 0.177710612038 0.184744082014
-0.536768384192 0.178255509760 0.185582356574
-0.535767883942 0.178802735216 0.186411576493
-0.534767383692 0.179352300478 0.187231730532
-0.533766883442 0.179904217686 0.188042816727
-0.532766383192 0.180458499049 0.188844842226
-0.531765882941 0.181015156845 0.189637823126
-0.530765382691 0.181574203419 0.190421784301
-0.529764882441 0.182135651190 0.191196759234
-0.528764382191 0.182699512641 0.191962789842
-0.527763881941 0.183265800331 0.192719926299
-0.526763381691 0.183834526885 0.193468226857
-0.525762881441 0.184405705002 0.194207757671
-0.524762381191 0.184979347450 0.194938592608
-0.523761880940 0.185555467071 0.195660813071
-0.522761380690 0.186134076776 0.196374507807
-0.521760880440 0.186715189553 0.197079772724
-0.520760380190 0.187298818457 0.197776710700
-0.519759879940 0.187884976620 0.198465431393
-0.518759379690 0.188473677247 0.199146051052
-0.517758879440 0.189064933616 0.199818692326
-0.516758379190 0.189658759079 0.200483484067
-0.515757878939 0.190255167062 0.201140561140
-0.514757378689 0.190854171068 0.201790064232
-0.513756878439 0.191455784673 0.202432139652
-0.512756378189 0.192060021529 0.203066939142
-0.511755877939 0.192666895366 0.203694619678
-0.510755377689 0.193276419988 0.204315343282
-0.509754877439 0.193888609275 0.204929276822
-0.508754377189 0.194503477187 0.205536591821
-0.507753876938 0.195121037758 0.206137464262
-0.506753376688 0.195741305103 0.206732074398
-0.505752876438 0.196364293413 0.207320606554
-0.504752376188 0.196990016957 0.207903248942
-0.503751875938 0.197618490083 0.208480193467
-0.502751375688 0.198249727221 0.209051635534
-0.501750875438 0.198883742876 0.209617773866
-0.500750375188 0.199520551635 0.210178810310
-0.499749874937 0.200160168167 0.210734949654
-0.498749374687 0.200802607217 0.211286399440
-0.497748874437 0.201447883616 0.211833369784
-0.496748374187 0.202096012271 0.212376073186
-0.495747873937 0.202747008176 0.212914724359
-0.494747373687 0.203400886402 0.213449540042
-0.493746873437 0.204057662105 0.213980738828
-0.492746373187 0.204717350524 0.214508540987
-0.491745872936 0.205379966978 0.215033168291
-0.490745372686 0.206045526872 0.215554843846
-0.489744872436 0.206714045693 0.216073791918
-0.488744372186 0.207385539014 0.216590237771
-0.487743871936 0.208060022490 0.217104407499
-0.486743371686 0.208737511861 0.217616527864
-0.485742871436 0.209418022953 0.218126826134
-0.484742371186 0.210101571676 0.218635529930
-0.483741870935 0.210788174027 0.219142867065
-0.482741370685 0.211477846087 0.219649065393
-0.481740870435 0.212170604025 0.220154352659
-0.480740370185 0.212866464096 0.220658956353
-0.479739869935 0.213565442640 0.221163103561
-0.478739369685 0.214267556088 0.221667020825
-0.477738869435 0.214972820954 0.222170934004
-0.476738369185 0.215681253844 0.222675068135
-0.475737868934 0.216392871449 0.223179647301
-0.474737368684 0.217107690549 0.223684894499
-0.473736868434 0.217825728014 0.224191031510
-0.472736368184 0.218547000801 0.224698278780
-0.471735867934 0.219271525959 0.225206855288
-0.470735367684 0.219999320623 0.225716978437
-0.469734867434 0.220730402020 0.226228863928
-0.468734367184 0.221464787468 0.226742725655
-0.467733866933 0.222202494373 0.227258775591
-0.466733366683 0.222943540232 0.227777223679
-0.465732866433 0.223687942635 0.228298277733
-0.464732366183 0.224435719262 0.228822143334
-0.463731865933 0.225186887882 0.229349023730
-0.462731365683 0.225941466361 0.229879119749
-0.461730865433 0.226699472652 0.230412629698
-0.460730365183 0.227460924801 0.230949749284
-0.459729864932 0.228225840950 0.231490671521
-0.458729364682 0.228994239329 0.232035586653
-0.457728864432 0.229766138264 0.232584682073
-0.456728364182 0.230541556172 0.233138142250
-0.455727863932 0.231320511566 0.233696148654
-0.454727363682 0.232103023048 0.234258879686
-0.453726863432 0.232889109319 0.234826510615
-0.452726363182 0.233678789170 0.235399213513
-0.451725862931 0.234472081488 0.235977157196
-0.450725362681 0.235269005253 0.236560507167
-0.449724862431 0.236069579542 0.237149425561
-0.448724362181 0.236873823523 0.237744071099
-0.447723861931 0.237681756461 0.238344599034
-0.446723361681 0.238493397715 0.238951161112
-0.445722861431 0.239308766742 0.239563905530
-0.444722361181 0.240127883089 0.240182976895
-0.443721860930 0.240950766402 0.240808516190
-0.442721360680 0.241777436423 0.241440660745
-0.441720860430 0.242607912987 0.242079544202
-0.440720360180 0.243442216025 0.242725296494
-0.439719859930 0.244280365567 0.243378043816
-0.438719359680 0.245122381735 0.244037908612
-0.437718859430 0.245968284749 0.244705009548
-0.436718359180 0.246818094924 0.245379461507
-0.435717858929 0.247671832673 0.246061375567
-0.434717358679 0.248529518502 0.246750859000
-0.433716858429 0.249391173015 0.247448015260
-0.432716358179 0.250256816913 0.248152943981
-0.431715857929 0.251126470992 0.248865740977
-0.430715357679 0.252000156144 0.249586498240
-0.429714857429 0.252877893358 0.250315303947
-0.428714357179 0.253759703718 0.251052242465
-0.427713856928 0.254645608406 0.251797394359
-0.426713356678 0.255535628698 0.252550836405
-0.425712856428 0.256429785968 0.253312641605
-0.424712356178 0.257328101683 0.254082879198
-0.423711855928 0.258230597410 0.254861614683
-0.422711355678 0.259137294808 0.255648909840
-0.421710855428 0.260048215634 0.256444822750
-0.420710355178 0.260963381740 0.257249407822
-0.419709854927 0.261882815072 0.258062715819
-0.418709354677 0.262806537673 0.258884793889
-0.417708854427 0.263734571680 0.259715685597
-0.416708354177 0.264666939326 0.260555430955
-0.415707853927 0.265603662937 0.261404066461
-0.414707353677 0.266544764935 0.262261625135
-0.413706853427 0.267490267835 0.263128136559
-0.412706353177 0.268440194247 0.264003626914
-0.411705852926 0.269394566874 0.264888119029
-0.410705352676 0.270353408512 0.265781632422
-0.409704852426 0.271316742052 0.266684183345
-0.408704352176 0.272284590474 0.267595784834
-0.407703851926 0.273256976855 0.268516446758
-0.406703351676 0.274233924361 0.269446175869
-0.405702851426 0.275215456250 0.270384975854
-0.404702351176 0.276201595873 0.271332847390
-0.403701850925 0.277192366668 0.272289788196
-0.402701350675 0.278187792168 0.273255793095
-0.401700850425 0.279187895992 0.274230854065
-0.400700350175 0.280192701851 0.275214960301
-0.399699849925 0.281202233545 0.276208098276
-0.398699349675 0.282216514959 0.277210251799
-0.397698849425 0.283235570069 0.278221402079
-0.396698349175 0.284259422938 0.279241527787
-0.395697848924 0.285288097714 0.280270605122
-0.394697348674 0.286321618631 0.281308607872
-0.393696848424 0.287360010010 0.282355507482
-0.392696348174 0.288403296255 0.283411273122
-0.391695847924 0.289451501855 0.284475871749
-0.390695347674 0.290504651381 0.285549268181
-0.389694847424 0.291562769487 0.286631425161
-0.388694347174 0.292625880907 0.287722303427
-0.387693846923 0.293694010459 0.288821861783
-0.386693346673 0.294767183038 0.289930057167
-0.385692846423 0.295845423618 0.291046844723
-0.384692346173 0.296928757253 0.292172177870
-0.383691845923 0.298017209073 0.293306008373
-0.382691345673 0.299110804282 0.294448286420
-0.381690845423 0.300209568163 0.295598960683
-0.380690345173 0.301313526071 0.296757978401
-0.379689844922 0.302422703433 0.297925285443
-0.378689344672 0.303537125749 0.299100826384
-0.377688844422 0.304656818589 0.300284544579
-0.376688344172 0.305781807594 0.301476382230
-0.375687843922 0.306912118471 0.302676280461
-0.374687343672 0.308047776996 0.303884179391
-0.373686843422 0.309188809008 0.305100018201
-0.372686343172 0.310335240414 0.306323735210
-0.371685842921 0.311487097180 0.307555267945
-0.370685342671 0.312644405337 0.308794553211
-0.369684842421 0.313807190973 0.310041527161
-0.368684342171 0.314975480237 0.311296125370
-0.367683841921 0.316149299333 0.312558282899
-0.366683341671 0.317328674522 0.313827934371
-0.365682841421 0.318513632117 0.315105014033
-0.364682341171 0.319704198485 0.316389455831
-0.363681840920 0.320900400041 0.317681193473
-0.362681340670 0.322102263251 0.318980160498
-0.361680840420 0.323309814627 0.320286290343
-0.360680340170 0.324523080724 0.321599516407
-0.359679839920 0.325742088142 0.322919772120
-0.358679339670 0.326966863520 0.324246991003
-0.357678839420 0.328197433539 0.325581106733
-0.356678339170 0.329433824915 0.326922053208
-0.355677838919 0.330676064396 0.328269764605
-0.354677338669 0.331924178768 0.329624175445
-0.353676838419 0.333178194843 0.330985220652
-0.352676338169 0.334438139463 0.332352835609
-0.351675837919 0.335704039495 0.333726956221
-0.350675337669 0.336975921828 0.335107518970
-0.349674837419 0.338253813375 0.336494460969
-0.348674337169 0.339537741063 0.337887720022
-0.347673836918 0.340827731839 0.339287234673
-0.346673336668 0.342123812659 0.340692944263
-0.345672836418 0.343426010492 0.342104788978
-0.344672336168 0.344734352312 0.343522709903
-0.343671835918 0.346048865101 0.344946649070
-0.342671335668 0.347369575840 0.346376549504
-0.341670835418 0.348696511509 0.347812355275
-0.340670335168 0.350029699084 0.349254011538
-0.339669834917 0.351369165534 0.350701464581
-0.338669334667 0.352714937818 0.352154661868
-0.337668834417 0.354067042879 0.353613552079
-0.336668334167 0.355425507644 0.355078085151
-0.335667833917 0.356790359020 0.356548212320
-0.334667333667 0.358161623888 0.358023886153
-0.333666833417 0.359539329103 0.359505060590
-0.332666333167 0.360923501488 0.360991690977
-0.331665832916 0.362314167831 0.362483734096
-0.330665332666 0.363711354882 0.363981148204
-0.329664832416 0.365115089346 0.365483893058
-0.328664332166 0.366525397883 0.366991929947
-0.327663831916 0.367942307103 0.368505221719
-0.326663331666 0.369365843558 0.370023732809
-0.325662831416 0.370796033745 0.371547429259
-0.324662331166 0.372232904095 0.373076278748
-0.323661830915 0.373676480971 0.374610250608
-0.322661330665 0.375126790664 0.376149315851
-0.321660830415 0.376583859390 0.377693447179
-0.320660330165 0.378047713280 0.379242619011
-0.319659829915 0.379518378382 0.380796807491
-0.318659329665 0.380995880650 0.382355990507
-0.317658829415 0.382480245944 0.383920147704
-0.316658329165 0.383971500020 0.385489260493
-0.315657828914 0.385469668532 0.387063312060
-0.314657328664 0.386974777017 0.388642287378
-0.313656828414 0.388486850900 0.390226173214
-0.312656328164 0.390005915479 0.391814958130
-0.311655827914 0.391531995926 0.393408632488
-0.310655327664 0.393065117280 0.395007188457
-0.309654827414 0.394605304438 0.396610620009
-0.308654327164 0.396152582154 0.398218922918
-0.307653826913 0.397706975028 0.399832094763
-0.306653326663 0.399268507505 0.401450134919
-0.305652826413 0.400837203862 0.403073044553
-0.304652326163 0.402413088211 0.404700826621
-0.303651825913 0.403996184481 0.406333485854
-0.302651325663 0.405586516424 0.407971028755
-0.301650825413 0.407184107596 0.409613463584
-0.300650325163 0.408788981360 0.411260800344
-0.299649824912 0.410401160872 0.412913050774
-0.298649324662 0.412020669080 0.414570228326
-0.297648824412 0.413647528710 0.416232348155
-0.296648324162 0.415281762266 0.417899427096
-0.295647823912 0.416923392015 0.419571483647
-0.294647323662 0.418572439987 0.421248537951
-0.293646823412 0.420228927959 0.422930611767
-0.292646323162 0.421892877455 0.424617728454
-0.291645822911 0.423564309734 0.426309912942
-0.290645322661 0.425243245780 0.428007191709
-0.289644822411 0.426929706298 0.429709592749
-0.288644322161 0.428623711702 0.431417145550
-0.287643821911 0.430325282110 0.433129881060
-0.286643321661 0.432034437331 0.434847831657
-0.285642821411 0.433751196859 0.436571031118
-0.284642321161 0.435475579863 0.438299514584
-0.283641820910 0.437207605178 0.440033318528
-0.282641320660 0.438947291297 0.441772480717
-0.281640820410 0.440694656358 0.443517040178
-0.280640320160 0.442449718138 0.445267037156
-0.279639819910 0.444212494040 0.447022513080
-0.278639319660 0.445983001088 0.448783510522
-0.277638819410 0.447761255910 0.450550073153
-0.276638319160 0.449547274733 0.452322245704
-0.275637818909 0.451341073371 0.454100073924
-0.274637318659 0.453142667216 0.455883604534
-0.273636818409 0.454952071221 0.457672885182
-0.272636318159 0.456769299898 0.459467964400
-0.271635817909 0.458594367301 0.461268891556
-0.270635317659 0.460427287016 0.463075716805
-0.269634817409 0.462268072149 0.464888491045
-0.268634317159 0.464116735318 0.466707265863
-0.267633816908 0.465973288636 0.468532093489
-0.266633316658 0.467837743702 0.470363026746
-0.265632816408 0.469710111589 0.472200118995
-0.264632316158 0.471590402831 0.474043424086
-0.263631815908 0.473478627410 0.475892996305
-0.262631315658 0.475374794745 0.477748890320
-0.261630815408 0.477278913677 0.479611161129
-0.260630315158 0.479190992459 0.481479864004
-0.259629814907 0.481111038738 0.483355054436
-0.258629314657 0.483039059549 0.485236788082
-0.257628814407 0.484975061292 0.487125120705
-0.256628314157 0.486919049728 0.489020108122
-0.255627813907 0.488871029958 0.490921806144
-0.254627313657 0.490831006411 0.492830270520
-0.253626813407 0.492798982832 0.494745556880
-0.252626313157 0.494774962264 0.496667720676
-0.251625812906 0.496758947035 0.498596817125
-0.250625312656 0.498750938746 0.500532901149
-0.249624812406 0.500750938250 0.502476027316
-0.248624312156 0.502758945641 0.504426249784
-0.247623811906 0.504774960238 0.506383622238
-0.246623311656 0.506798980568 0.508348197833
-0.245622811406 0.508831004354 0.510320029135
-0.244622311156 0.510871028493 0.512299168057
-0.243621810905 0.512919049046 0.514285665807
-0.242621310655 0.514975061218 0.516279572820
-0.241620810405 0.517039059341 0.518280938703
-0.240620310155 0.519111036862 0.520289812176
-0.239619809905 0.521190986320 0.522306241008
-0.238619309655 0.523278899334 0.524330271962
-0.237618809405 0.525374766582 0.526361950733
-0.236618309155 0.527478577788 0.528401321887
-0.235617808904 0.529590321700 0.530448428806
-0.234617308654 0.531709986073 0.532503313626
-0.233616808404 0.533837557654 0.534566017178
-0.232616308154 0.535973022161 0.536636578931
-0.231615807904 0.538116364268 0.538715036932
-0.230615307654 0.540267567581 0.540801427750
-0.229614807404 0.542426614625 0.542895786415
-0.228614307154 0.544593486822 0.544998146365
-0.227613806903 0.546768164473 0.547108539385
-0.226613306653 0.548950626739 0.549226995553
-0.225612806403 0.551140851623 0.551353543182
-0.224612306153 0.553338815947 0.553488208766
-0.223611805903 0.555544495335 0.555631016924
-0.222611305653 0.557757864195 0.557781990347
-0.221610805403 0.559978895696 0.559941149738
-0.220610305153 0.562207561746 0.562108513768
-0.219609804902 0.564443832979 0.564284099015
-0.218609304652 0.566687678730 0.566467919915
-0.217608804402 0.568939067011 0.568659988710
-0.216608304152 0.571197964500 0.570860315396
-0.215607803902 0.573464336512 0.573068907676
-0.214607303652 0.575738146979 0.575285770905
-0.213606803402 0.578019358436 0.577510908047
-0.212606303152 0.580307931991 0.579744319622
-0.211605802901 0.582603827310 0.581986003661
-0.210605302651 0.584907002591 0.584235955660
-0.209604802401 0.587217414548 0.586494168533
-0.208604302151 0.589535018386 0.588760632570
-0.207603801901 0.591859767780 0.591035335387
-0.206603301651 0.594191614852 0.593318261891
-0.205602801401 0.596530510154 0.595609394231
-0.204602301151 0.598876402642 0.597908711762
-0.203601800900 0.601229239654 0.600216191002
-0.202601300650 0.603588966892 0.602531805592
-0.201600800400 0.605955528395 0.604855526261
-0.200600300150 0.608328866522 0.607187320786
-0.199599799900 0.610708921926 0.609527153958
-0.198599299650 0.613095633536 0.611874987544
-0.197598799400 0.615488938530 0.614230780257
-0.196598299150 0.617888772317 0.616594487721
-0.195597798899 0.620295068516 0.618966062436
-0.194597298649 0.622707758927 0.621345453753
-0.193596798399 0.625126773519 0.623732607843
-0.192596298149 0.627552040400 0.626127467664
-0.191595797899 0.629983485797 0.628529972940
-0.190595297649 0.632421034040 0.630940060132
-0.189594797399 0.634864607530 0.633357662411
-0.188594297149 0.637314126728 0.635782709639
-0.187593796898 0.639769510123 0.638215128344
-0.186593296648 0.642230674222 0.640654841699
-0.185592796398 0.644697533516 0.643101769501
-0.184592296148 0.647170000471 0.645555828153
-0.183591795898 0.649647985498 0.648016930650
-0.182591295648 0.652131396937 0.650484986557
-0.181590795398 0.654620141032 0.652959901998
-0.180590295148 0.657114121915 0.655441579641
-0.179589794897 0.659613241584 0.657929918685
-0.178589294647 0.662117399881 0.660424814852
-0.177588794397 0.664626494474 0.662926160375
-0.176588294147 0.667140420836 0.665433843990
-0.175587793897 0.669659072227 0.667947750927
-0.174587293647 0.672182339675 0.670467762909
-0.173586793397 0.674710111954 0.672993758145
-0.172586293147 0.677242275567 0.675525611326
-0.171585792896 0.679778714732 0.678063193624
-0.170585292646 0.682319311356 0.680606372693
-0.169584792396 0.684863945024 0.683155012671
-0.168584292146 0.687412492979 0.685708974177
-0.167583791896 0.689964830105 0.688268114322
-0.166583291646 0.692520828910 0.690832286709
-0.165582791396 0.695080359514 0.693401341442
-0.164582291146 0.697643289628 0.695975125132
-0.163581790895 0.700209484542 0.698553480909
-0.162581290645 0.702778807109 0.701136248429
-0.161580790395 0.705351117732 0.703723263890
-0.160580290145 0.707926274351 0.706314360044
-0.159579789895 0.710504132427 0.708909366207
-0.158579289645 0.713084544931 0.711508108284
-0.157578789395 0.715667362335 0.714110408779
-0.156578289145 0.718252432594 0.716716086817
-0.155577788894 0.720839601143 0.719324958164
-0.154577288644 0.723428710880 0.721936835246
-0.153576788394 0.726019602161 0.724551527176
-0.152576288144 0.728612112790 0.727168839775
-0.151575787894 0.731206078012 0.729788575598
-0.150575287644 0.733801330501 0.732410533962
-0.149574787394 0.736397700361 0.735034510973
-0.148574287144 0.738995015114 0.737660299555
-0.147573786893 0.741593099697 0.740287689481
-0.146573286643 0.744191776459 0.742916467406
-0.145572786393 0.746790865158 0.745546416899
-0.144572286143 0.749390182954 0.748177318478
-0.143571785893 0.751989544412 0.750808949646
-0.142571285643 0.754588761502 0.753441084928
-0.141570785393 0.757187643595 0.756073495908
-0.140570285143 0.759785997467 0.758705951269
-0.139569784892 0.762383627301 0.761338216836
-0.138569284642 0.764980334688 0.763970055614
-0.137568784392 0.767575918637 0.766601227835
-0.136568284142 0.770170175572 0.769231490998
-0.135567783892 0.772762899345 0.771860599917
-0.134567283642 0.775353881241 0.774488306769
-0.133566783392 0.777942909985 0.777114361139
-0.132566283142 0.780529771754 0.779738510068
-0.131565782891 0.783114250187 0.782360498105
-0.130565282641 0.785696126397 0.784980067360
-0.129564782391 0.788275178984 0.787596957549
-0.128564282141 0.790851184050 0.790210906056
-0.127563781891 0.793423915212 0.792821647979
-0.126563281641 0.795993143624 0.795428916191
-0.125562781391 0.798558637990 0.798032441392
-0.124562281141 0.801120164586 0.800631952170
-0.123561780890 0.803677487282 0.803227175055
-0.122561280640 0.806230367559 0.805817834581
-0.121560780390 0.808778564540 0.808403653345
-0.120560280140 0.811321835008 0.810984352067
-0.119559779890 0.813859933437 0.813559649654
-0.118559279640 0.816392612016 0.816129263258
-0.117558779390 0.818919620682 0.818692908345
-0.116558279140 0.821440707146 0.821250298757
-0.115557778889 0.823955616928 0.823801146775
-0.114557278639 0.826464093391 0.826345163187
-0.113556778389 0.828965877773 0.828882057354
-0.112556278139 0.831460709226 0.831411537279
-0.111555777889 0.833948324852 0.833933309671
-0.110555277639 0.836428459743 0.836447080017
-0.109554777389 0.838900847025 0.838952552652
-0.108554277139 0.841365217895 0.841449430825
-0.107553776888 0.843821301668 0.843937416775
-0.106553276638 0.846268825823 0.846416211797
-0.105552776388 0.848707516051 0.848885516317
-0.104552276138 0.851137096298 0.851345029966
-0.103551775888 0.853557288824 0.853794451646
-0.102551275638 0.855967814247 0.856233479613
-0.101550775388 0.858368391601 0.858661811542
-0.100550275138 0.860758738390 0.861079144607
-0.099549774887 0.863138570642 0.863485175554
-0.098549274637 0.865507602971 0.865879600776
-0.097548774387 0.867865548635 0.868262116387
-0.096548274137 0.870212119595 0.870632418303
-0.095547773887 0.872547026583 0.872990202312
-0.094547273637 0.874869979159 0.875335164154
-0.093546773387 0.877180685786 0.877666999598
-0.092546273137 0.879478853887 0.879985404519
-0.091545772886 0.881764189923 0.882290074971
-0.090545272636 0.884036399460 0.884580707273
-0.089544772386 0.886295187236 0.886856998077
-0.088544272136 0.888540257245 0.889118644454
-0.087543771886 0.890771312802 0.891365343966
-0.086543271636 0.892988056623 0.893596794750
-0.085542771386 0.895190190904 0.895812695587
-0.084542271136 0.897377417400 0.898012745992
-0.083541770885 0.899549437500 0.900196646282
-0.082541270635 0.901705952318 0.902364097659
-0.081540770385 0.903846662769 0.904514802287
-0.080540270135 0.905971269654 0.906648463371
-0.079539769885 0.908079473750 0.908764785234
-0.078539269635 0.910170975894 0.910863473395
-0.077538769385 0.912245477069 0.912944234647
-0.076538269135 0.914302678499 0.915006777133
-0.075537768884 0.916342281733 0.917050810428
-0.074537268634 0.918363988742 0.919076045610
-0.073536768384 0.920367502007 0.921082195340
-0.072536268134 0.922352524616 0.923068973941
-0.071535767884 0.924318760358 0.925036097469
-0.070535267634 0.926265913817 0.926983283794
-0.069534767384 0.928193690468 0.928910252671
-0.068534267134 0.930101796777 0.930816725820
-0.067533766883 0.931989940295 0.932702426999
-0.066533266633 0.933857829763 0.934567082076
-0.065532766383 0.935705175202 0.936410419108
-0.064532266133 0.937531688024 0.938232168409
-0.063531765883 0.939337081121 0.940032062629
-0.062531265633 0.941121068978 0.941809836821
-0.061530765383 0.942883367763 0.943565228518
-0.060530265133 0.944623695440 0.945297977799
-0.059529764882 0.946341771861 0.947007827365
-0.058529264632 0.948037318877 0.948694522607
-0.057528764382 0.949710060436 0.950357811674
-0.056528264132 0.951359722687 0.951997445546
-0.055527763882 0.952986034084 0.953613178098
-0.054527263632 0.954588725488 0.955204766170
-0.053526763382 0.956167530272 0.956771969633
-0.052526263132 0.957722184421 0.958314551457
-0.051525762881 0.959252426637 0.959832277772
-0.050525262631 0.960757998441 0.961324917936
-0.049524762381 0.962238644274 0.962792244599
-0.048524262131 0.963694111604 0.964234033762
-0.047523761881 0.965124151018 0.965650064843
-0.046523261631 0.966528516333 0.967040120738
-0.045522761381 0.967906964690 0.968403987876
-0.044522261131 0.969259256654 0.969741456286
-0.043521760880 0.970585156317 0.971052319648
-0.042521260630 0.971884431393 0.972336375357
-0.041520760380 0.973156853314 0.973593424571
-0.040520260130 0.974402197330 0.974823272278
-0.039519759880 0.975620242601 0.976025727337
-0.038519259630 0.976810772294 0.977200602543
-0.037518759380 0.977973573673 0.978347714671
-0.036518259130 0.979108438193 0.979466884533
-0.035517758879 0.980215161590 0.980557937024
-0.034517258629 0.981293543969 0.981620701172
-0.033516758379 0.982343389895 0.982655010188
-0.032516258129 0.983364508474 0.983660701510
-0.031515757879 0.984356713442 0.984637616849
-0.030515257629 0.985319823244 0.985585602236
-0.029514757379 0.986253661120 0.986504508061
-0.028514257129 0.987158055181 0.987394189119
-0.027513756878 0.988032838485 0.988254504648
-0.026513256628 0.988877849117 0.989085318369
-0.025512756378 0.989692930261 0.989886498527
-0.024512256128 0.990477930268 0.990657917924
-0.023511755878 0.991232702733 0.991399453958
-0.022511255628 0.991957106554 0.992110988655
-0.021510755378 0.992651006003 0.992792408706
-0.020510255128 0.993314270785 0.993443605493
-0.019509754877 0.993946776104 0.994064475125
-0.018509254627 0.994548402712 0.994654918467
-0.017508754377 0.995119036976 0.995214841163
-0.016508254127 0.995658570921 0.995744153669
-0.015507753877 0.996166902288 0.996242771274
-0.014507253627 0.996643934578 0.996710614125
-0.013506753377 0.997089577098 0.997147607251
-0.012506253127 0.997503745007 0.997553680582
-0.011505752876 0.997886359351 0.997928768969
-0.010505252626 0.998237347107 0.998272812205
-0.009504752376 0.998556641212 0.998585755039
-0.008504252126 0.998844180597 0.998867547194
-0.007503751876 0.999099910216 0.999118143380
-0.006503251626 0.999323781074 0.999337503306
-0.005502751376 0.999515750248 0.999525591692
-0.004502251126 0.999675780909 0.999682378281
-0.003501750875 0.999803842338 0.999807837845
-0.002501250625 0.999899909944 0.999901950192
-0.001500750375 0.999963965272 0.999964700175
-0.000500250125 0.999995996013 0.999996077692
0.000500250125 0.999995996013 0.999996077692
0.001500750375 0.999963965272 0.999964700175
0.002501250625 0.999899909944 0.999901950192
0.003501750875 0.999803842338 0.999807837845
0.004502251126 0.999675780909 0.999682378281
0.005502751376 0.999515750248 0.999525591692
0.006503251626 0.999323781074 0.999337503306
0.007503751876 0.999099910216 0.999118143380
0.008504252126 0.998844180597 0.998867547194
0.009504752376 0.998556641212 0.998585755039
0.010505252626 0.998237347107 0.998272812205
0.011505752876 0.997886359351 0.997928768969
0.012506253127 0.997503745007 0.997553680582
0.013506753377 0.997089577098 0.997147607251
0.014507253627 0.996643934578 0.996710614125
0.015507753877 0.996166902288 0.996242771274
0.016508254127 0.995658570921 0.995744153669
0.017508754377 0.995119036976 0.995214841163
0.018509254627 0.994548402712 0.994654918467
0.019509754877 0.993946776104 0.994064475125
0.020510255128 0.993314270785 0.993443605493
0.021510755378 0.992651006003 0.992792408706
0.022511255628 0.991957106554 0.992110988655
0.023511755878 0.991232702733 0.991399453958
0.024512256128 0.990477930268 0.990657917924
0.025512756378 0.989692930261 0.989886498527
0.026513256628 0.988877849117 0.989085318369
0.027513756878 0.988032838485 0.988254504648
0.028514257129 0.987158055181 0.987394189119
0.029514757379 0.986253661120 0.986504508061
0.030515257629 0.985319823244 0.985585602236
0.031515757879 0.984356713442 0.984637616849
0.032516258129 0.983364508474 0.983660701510
0.033516758379 0.982343389895 0.982655010188
0.034517258629 0.981293543969 0.981620701172
0.035517758879 0.980215161590 0.980557937024
0.036518259130 0.979108438193 0.979466884533
0.037518759380 0.977973573673 0.978347714671
0.038519259630 0.976810772294 0.977200602543
0.039519759880 0.975620242601 0.976025727337
0.040520260130 0.974402197330 0.974823272278
0.041520760380 0.973156853314 0.973593424571
0.042521260630 0.971884431393 0.972336375357
0.043521760880 0.970585156317 0.971052319648
0.044522261131 0.969259256654 0.969741456286
0.045522761381 0.967906964690 0.968403987876
0.046523261631 0.966528516333 0.967040120738
0.047523761881 0.965124151018 0.965650064843
0.048524262131 0.963694111604 0.964234033762
0.049524762381 0.962238644274 0.962792244599
0.050525262631 0.960757998441 0.961324917936
0.051525762881 0.959252426637 0.959832277772
0.052526263132 0.957722184421 0.958314551457
0.053526763382 0.956167530272 0.956771969633
0.054527263632 0.954588725488 0.955204766170
0.055527763882 0.952986034084 0.953613178098
0.056528264132 0.951359722687 0.951997445546
0.057528764382 0.949710060436 0.950357811674
0.058529264632 0.948037318877 0.948694522607
0.059529764882 0.946341771861 0.947007827365
0.060530265133 0.944623695440 0.945297977799
0.061530765383 0.942883367763 0.943565228518
0.062531265633 0.941121068978 0.941809836821
0.063531765883 0.939337081121 0.940032062629
0.064532266133 0.937531688024 0.938232168409
0.065532766383 0.935705175202 0.936410419108
0.066533266633 0.933857829763 0.934567082076
0.067533766883 0.931989940295 0.932702426999
0.068534267134 0.930101796777 0.930816725820
0.069534767384 0.928193690468 0.928910252671
0.070535267634 0.926265913817 0.926983283794
0.071535767884 0.924318760358 0.925036097469
0.072536268134 0.922352524616 0.923068973941
0.073536768384 0.920367502007 0.921082195340
0.074537268634 0.918363988742 0.919076045610
0.075537768884 0.916342281733 0.917050810428
0.076538269135 0.914302678499 0.915006777133
0.077538769385 0.912245477069 0.912944234647
0.078539269635 0.910170975894 0.910863473395
0.079539769885 0.908079473750 0.908764785234
0.080540270135 0.905971269654 0.906648463371
0.081540770385 0.903846662769 0.904514802287
0.082541270635 0.901705952318 0.902364097659
0.083541770885 0.899549437500 0.900196646282
0.084542271136 0.897377417400 0.898012745992
0.085542771386 0.895190190904 0.895812695587
0.086543271636 0.892988056623 0.893596794750
0.087543771886 0.890771312802 0.891365343966
0.088544272136 0.888540257245 0.889118644454
0.089544772386 0.886295187236 0.886856998077
0.090545272636 0.884036399460 0.884580707273
0.091545772886 0.881764189923 0.882290074971
0.092546273137 0.879478853887 0.879985404519
0.093546773387 0.877180685786 0.877666999598
0.094547273637 0.874869979159 0.875335164154
0.095547773887 0.872547026583 0.872990202312
0.096548274137 0.870212119595 0.870632418303
0.097548774387 0.867865548635 0.868262116387
0.098549274637 0.865507602971 0.865879600776
0.099549774887 0.863138570642 0.863485175554
0.100550275138 0.860758738390 0.861079144607
0.101550775388 0.858368391601 0.858661811542
0.102551275638 0.855967814247 0.856233479613
0.103551775888 0.853557288824 0.853794451646
0.104552276138 0.851137096298 0.851345029966
0.105552776388 0.848707516051 0.848885516317
0.106553276638 0.846268825823 0.846416211797
0.107553776888 0.843821301668 0.843937416775
0.108554277139 0.841365217895 0.841449430825
0.109554777389 0.838900847025 0.838952552652
0.110555277639 0.836428459743 0.836447080017
0.111555777889 0.833948324852 0.833933309671
0.112556278139 0.831460709226 0.831411537279
0.113556778389 0.828965877773 0.828882057354
0.114557278639 0.826464093391 0.826345163187
0.115557778889 0.823955616928 0.823801146775
0.116558279140 0.821440707146 0.821250298757
0.117558779390 0.818919620682 0.818692908345
0.118559279640 0.816392612016 0.816129263258
0.119559779890 0.813859933437 0.813559649654
0.120560280140 0.811321835008 0.810984352067
0.121560780390 0.808778564540 0.808403653345
0.122561280640 0.806230367559 0.805817834581
0.123561780890 0.803677487282 0.803227175055
0.124562281141 0.801120164586 0.800631952170
0.125562781391 0.798558637990 0.798032441392
0.126563281641 0.795993143624 0.795428916191
0.127563781891 0.793423915212 0.792821647979
0.128564282141 0.790851184050 0.790210906056
0.129564782391 0.788275178984 0.787596957549
0.130565282641 0.785696126397 0.784980067360
0.131565782891 0.783114250187 0.782360498105
0.132566283142 0.780529771754 0.779738510068
0.133566783392 0.777942909985 0.777114361139
0.134567283642 0.775353881241 0.774488306769
0.135567783892 0.772762899345 0.771860599917
0.136568284142 0.770170175572 0.769231490998
0.137568784392 0.767575918637 0.766601227835
0.138569284642 0.764980334688 0.763970055614
0.139569784892 0.762383627301 0.761338216836
0.140570285143 0.759785997467 0.758705951269
0.141570785393 0.757187643595 0.756073495908
0.142571285643 0.754588761502 0.753441084928
0.143571785893 0.751989544412 0.750808949646
0.144572286143 0.749390182954 0.748177318478
0.145572786393 0.746790865158 0.745546416899
0.146573286643 0.744191776459 0.742916467406
0.147573786893 0.741593099697 0.740287689481
0.148574287144 0.738995015114 0.737660299555
0.149574787394 0.736397700361 0.735034510973
0.150575287644 0.733801330501 0.732410533962
0.151575787894 0.731206078012 0.729788575598
0.152576288144 0.728612112790 0.727168839775
0.153576788394 0.726019602161 0.724551527176
0.154577288644 0.723428710880 0.721936835246
0.155577788894 0.720839601143 0.719324958164
0.156578289145 0.718252432594 0.716716086817
0.157578789395 0.715667362335 0.714110408779
0.158579289645 0.713084544931 0.711508108284
0.159579789895 0.710504132427 0.708909366207
0.160580290145 0.707926274351 0.706314360044
0.161580790395 0.705351117732 0.703723263890
0.162581290645 0.702778807109 0.701136248429
0.163581790895 0.700209484542 0.698553480909
0.164582291146 0.697643289628 0.695975125132
0.165582791396 0.695080359514 0.693401341442
0.166583291646 0.692520828910 0.690832286709
0.167583791896 0.689964830105 0.688268114322
0.168584292146 0.687412492979 0.685708974177
0.169584792396 0.684863945024 0.683155012671
0.170585292646 0.682319311356 0.680606372693
0.171585792896 0.679778714732 0.678063193624
0.172586293147 0.677242275567 0.675525611326
0.173586793397 0.674710111954 0.672993758145
0.174587293647 0.672182339675 0.670467762909
0.175587793897 0.669659072227 0.667947750927
0.176588294147 0.667140420836 0.665433843990
0.177588794397 0.664626494474 0.662926160375
0.178589294647 0.662117399881 0.660424814852
0.179589794897 0.659613241584 0.657929918685
0.180590295148 0.657114121915 0.655441579641
0.181590795398 0.654620141032 0.652959901998
0.182591295648 0.652131396937 0.650484986557
0.183591795898 0.649647985498 0.648016930650
0.184592296148 0.647170000471 0.645555828153
0.185592796398 0.644697533516 0.643101769501
0.186593296648 0.642230674222 0.640654841699
0.187593796898 0.639769510123 0.638215128344
0.188594297149 0.637314126728 0.635782709639
0.189594797399 0.634864607530 0.633357662411
0.190595297649 0.632421034040 0.630940060132
0.191595797899 0.629983485797 0.628529972940
0.192596298149 0.627552040400 0.626127467664
0.193596798399 0.625126773519 0.623732607843
0.194597298649 0.622707758927 0.621345453753
0.195597798899 0.620295068516 0.618966062436
0.196598299150 0.617888772317 0.616594487721
0.197598799400 0.615488938530 0.614230780257
0.198599299650 0.613095633536 0.611874987544
0.199599799900 0.610708921926 0.609527153958
0.200600300150 0.608328866522 0.607187320786
0.201600800400 0.605955528395 0.604855526261
0.202601300650 0.603588966892 0.602531805592
0.203601800900 0.601229239654 0.600216191002
0.204602301151 0.598876402642 0.597908711762
0.205602801401 0.596530510154 0.595609394231
0.206603301651 0.594191614852 0.593318261891
0.207603801901 0.591859767780 0.591035335387
0.208604302151 0.589535018386 0.588760632570
0.209604802401 0.587217414548 0.586494168533
0.210605302651 0.584907002591 0.584235955660
0.211605802901 0.582603827310 0.581986003661
0.212606303152 0.580307931991 0.579744319622
0.213606803402 0.578019358436 0.577510908047
0.214607303652 0.575738146979 0.575285770905
0.215607803902 0.573464336512 0.573068907676
0.216608304152 0.571197964500 0.570860315396
0.217608804402 0.568939067011 0.568659988710
0.218609304652 0.566687678730 0.566467919915
0.219609804902 0.564443832979 0.564284099015
0.220610305153 0.562207561746 0.562108513768
0.221610805403 0.559978895696 0.559941149738
0.222611305653 0.557757864195 0.557781990347
0.223611805903 0.555544495335 0.555631016924
0.224612306153 0.553338815947 0.553488208766
0.225612806403 0.551140851623 0.551353543182
0.226613306653 0.548950626739 0.549226995553
0.227613806903 0.546768164473 0.547108539385
0.228614307154 0.544593486822 0.544998146365
0.229614807404 0.542426614625 0.542895786415
0.230615307654 0.540267567581 0.540801427750
0.231615807904 0.538116364268 0.538715036932
0.232616308154 0.535973022161 0.536636578931
0.233616808404 0.533837557654 0.534566017178
0.234617308654 0.531709986073 0.532503313626
0.235617808904 0.529590321700 0.530448428806
0.236618309155 0.527478577788 0.528401321887
0.237618809405 0.525374766582 0.526361950733
0.238619309655 0.523278899334 0.524330271962
0.239619809905 0.521190986320 0.522306241008
0.240620310155 0.519111036862 0.520289812176
0.241620810405 0.517039059341 0.518280938703
0.242621310655 0.514975061218 0.516279572820
0.243621810905 0.512919049046 0.514285665807
0.244622311156 0.510871028493 0.512299168057
0.245622811406 0.508831004354 0.510320029135
0.246623311656 0.506798980568 0.508348197833
0.247623811906 0.504774960238 0.506383622238
0.248624312156 0.502758945641 0.504426249784
0.249624812406 0.500750938250 0.502476027316
0.250625312656 0.498750938746 0.500532901149
0.251625812906 0.496758947035 0.498596817125
0.252626313157 0.494774962264 0.496667720676
0.253626813407 0.492798982832 0.494745556880
0.254627313657 0.490831006411 0.492830270520
0.255627813907 0.488871029958 0.490921806144
0.256628314157 0.486919049728 0.489020108122
0.257628814407 0.484975061292 0.487125120705
0.258629314657 0.483039059549 0.485236788082
0.259629814907 0.481111038738 0.483355054436
0.260630315158 0.479190992459 0.481479864004
0.261630815408 0.477278913677 0.479611161129
0.262631315658 0.475374794745 0.477748890320
0.263631815908 0.473478627410 0.475892996305
0.264632316158 0.471590402831 0.474043424086
0.265632816408 0.469710111589 0.472200118995
0.266633316658 0.467837743702 0.470363026746
0.267633816908 0.465973288636 0.468532093489
0.268634317159 0.464116735318 0.466707265863
0.269634817409 0.462268072149 0.464888491045
0.270635317659 0.460427287016 0.463075716805
0.271635817909 0.458594367301 0.461268891556
0.272636318159 0.456769299898 0.459467964400
0.273636818409 0.454952071221 0.457672885182
0.274637318659 0.453142667216 0.455883604534
0.275637818909 0.451341073371 0.454100073924
0.276638319160 0.449547274733 0.452322245704
0.277638819410 0.447761255910 0.450550073153
0.278639319660 0.445983001088 0.448783510522
0.279639819910 0.444212494040 0.447022513080
0.280640320160 0.442449718138 0.445267037156
0.281640820410 0.440694656358 0.443517040178
0.282641320660 0.438947291297 0.441772480717
0.283641820910 0.437207605178 0.440033318528
0.284642321161 0.435475579863 0.438299514584
0.285642821411 0.433751196859 0.436571031118
0.286643321661 0.432034437331 0.434847831657
0.287643821911 0.430325282110 0.433129881060
0.288644322161 0.428623711702 0.431417145550
0.289644822411 0.426929706298 0.429709592749
0.290645322661 0.425243245780 0.428007191709
0.291645822911 0.423564309734 0.426309912942
0.292646323162 0.421892877455 0.424617728454
0.293646823412 0.420228927959 0.422930611767
0.294647323662 0.418572439987 0.421248537951
0.295647823912 0.416923392015 0.419571483648
0.296648324162 0.415281762266 0.417899427096
0.297648824412 0.413647528710 0.416232348155
0.298649324662 0.412020669080 0.414570228326
0.299649824912 0.410401160872 0.412913050774
0.300650325163 0.408788981360 0.411260800344
0.301650825413 0.407184107596 0.409613463584
0.302651325663 0.405586516424 0.407971028755
0.303651825913 0.403996184481 0.406333485854
0.304652326163 0.402413088211 0.404700826621
0.305652826413 0.400837203862 0.403073044553
0.306653326663 0.399268507505 0.401450134919
0.307653826913 0.397706975028 0.399832094763
0.308654327164 0.396152582154 0.398218922918
0.309654827414 0.394605304438 0.396610620009
0.310655327664 0.393065117280 0.395007188457
0.311655827914 0.391531995926 0.393408632488
0.312656328164 0.390005915479 0.391814958130
0.313656828414 0.388486850900 0.390226173214
0.314657328664 0.386974777017 0.388642287378
0.315657828914 0.385469668532 0.387063312060
0.316658329165 0.383971500020 0.385489260493
0.317658829415 0.382480245944 0.383920147704
0.318659329665 0.380995880650 0.382355990507
0.319659829915 0.379518378382 0.380796807491
0.320660330165 0.378047713280 0.379242619011
0.321660830415 0.376583859390 0.377693447179
0.322661330665 0.375126790664 0.376149315851
0.323661830915 0.373676480971 0.374610250608
0.324662331166 0.372232904095 0.373076278748
0.325662831416 0.370796033745 0.371547429259
0.326663331666 0.369365843558 0.370023732809
0.327663831916 0.367942307103 0.368505221719
0.328664332166 0.366525397883 0.366991929947
0.329664832416 0.365115089346 0.365483893058
0.330665332666 0.363711354882 0.363981148204
0.331665832916 0.362314167831 0.362483734096
0.332666333167 0.360923501488 0.360991690977
0.333666833417 0.359539329103 0.359505060590
0.334667333667 0.358161623888 0.358023886153
0.335667833917 0.356790359020 0.356548212320
0.336668334167 0.355425507644 0.355078085151
0.337668834417 0.354067042879 0.353613552079
0.338669334667 0.352714937818 0.352154661868
0.339669834917 0.351369165534 0.350701464581
0.340670335168 0.350029699084 0.349254011538
0.341670835418 0.348696511509 0.347812355275
0.342671335668 0.347369575840 0.346376549504
0.343671835918 0.346048865101 0.344946649070
0.344672336168 0.344734352312 0.343522709903
0.345672836418 0.343426010492 0.342104788978
0.346673336668 0.342123812659 0.340692944263
0.347673836918 0.340827731839 0.339287234673
0.348674337169 0.339537741063 0.337887720022
0.349674837419 0.338253813375 0.336494460969
0.350675337669 0.336975921828 0.335107518970
0.351675837919 0.335704039495 0.333726956221
0.352676338169 0.334438139463 0.332352835609
0.353676838419 0.333178194843 0.330985220652
0.354677338669 0.331924178768 0.329624175445
0.355677838919 0.330676064396 0.328269764605
0.356678339170 0.329433824915 0.326922053208
0.357678839420 0.328197433539 0.325581106733
0.358679339670 0.326966863520 0.324246991003
0.359679839920 0.325742088142 0.322919772120
0.360680340170 0.324523080724 0.321599516407
0.361680840420 0.323309814627 0.320286290343
0.362681340670 0.322102263251 0.318980160498
0.363681840920 0.320900400041 0.317681193473
0.364682341171 0.319704198485 0.316389455831
0.365682841421 0.318513632117 0.315105014033
0.366683341671 0.317328674522 0.313827934371
0.367683841921 0.316149299333 0.312558282899
0.368684342171 0.314975480237 0.311296125370
0.369684842421 0.313807190973 0.310041527161
0.370685342671 0.312644405337 0.308794553211
0.371685842921 0.311487097180 0.307555267945
0.372686343172 0.310335240414 0.306323735210
0.373686843422 0.309188809008 0.305100018201
0.374687343672 0.308047776996 0.303884179391
0.375687843922 0.306912118471 0.302676280461
0.376688344172 0.305781807594 0.301476382230
0.377688844422 0.304656818589 0.300284544579
0.378689344672 0.303537125749 0.299100826384
0.379689844922 0.302422703433 0.297925285443
0.380690345173 0.301313526071 0.296757978401
0.381690845423 0.300209568163 0.295598960683
0.382691345673 0.299110804282 0.294448286420
0.383691845923 0.298017209073 0.293306008373
0.384692346173 0.296928757253 0.292172177870
0.385692846423 0.295845423618 0.291046844723
0.386693346673 0.294767183038 0.289930057167
0.387693846923 0.293694010459 0.288821861783
0.388694347174 0.292625880907 0.287722303427
0.389694847424 0.291562769487 0.286631425161
0.390695347674 0.290504651381 0.285549268181
0.391695847924 0.289451501855 0.284475871749
0.392696348174 0.288403296255 0.283411273122
0.393696848424 0.287360010010 0.282355507482
0.394697348674 0.286321618631 0.281308607872
0.395697848924 0.285288097714 0.280270605122
0.396698349175 0.284259422938 0.279241527787
0.397698849425 0.283235570069 0.278221402079
0.398699349675 0.282216514959 0.277210251799
0.399699849925 0.281202233545 0.276208098276
0.400700350175 0.280192701851 0.275214960301
0.401700850425 0.279187895992 0.274230854065
0.402701350675 0.278187792168 0.273255793095
0.403701850925 0.277192366668 0.272289788196
0.404702351176 0.276201595873 0.271332847390
0.405702851426 0.275215456250 0.270384975854
0.406703351676 0.274233924361 0.269446175869
0.407703851926 0.273256976855 0.268516446758
0.408704352176 0.272284590474 0.267595784834
0.409704852426 0.271316742052 0.266684183345
0.410705352676 0.270353408512 0.265781632422
0.411705852926 0.269394566874 0.264888119029
0.412706353177 0.268440194247 0.264003626914
0.413706853427 0.267490267835 0.263128136559
0.414707353677 0.266544764935 0.262261625135
0.415707853927 0.265603662937 0.261404066461
0.416708354177 0.264666939326 0.260555430955
0.417708854427 0.263734571680 0.259715685597
0.418709354677 0.262806537673 0.258884793889
0.419709854927 0.261882815072 0.258062715819
0.420710355178 0.260963381740 0.257249407822
0.421710855428 0.260048215634 0.256444822750
0.422711355678 0.259137294808 0.255648909840
0.423711855928 0.258230597410 0.254861614683
0.424712356178 0.257328101683 0.254082879198
0.425712856428 0.256429785968 0.253312641605
0.426713356678 0.255535628698 0.252550836405
0.427713856928 0.254645608406 0.251797394359
0.428714357179 0.253759703718 0.251052242465
0.429714857429 0.252877893358 0.250315303947
0.430715357679 0.252000156144 0.249586498240
0.431715857929 0.251126470992 0.248865740977
0.432716358179 0.250256816913 0.248152943981
0.433716858429 0.249391173015 0.247448015260
0.434717358679 0.248529518502 0.246750859000
0.435717858929 0.247671832673 0.246061375567
0.436718359180 0.246818094924 0.245379461507
0.437718859430 0.245968284749 0.244705009548
0.438719359680 0.245122381735 0.244037908612
0.439719859930 0.244280365567 0.243378043816
0.440720360180 0.243442216025 0.242725296494
0.441720860430 0.242607912987 0.242079544202
0.442721360680 0.241777436423 0.241440660745
0.443721860930 0.240950766402 0.240808516190
0.444722361181 0.240127883089 0.240182976895
0.445722861431 0.239308766742 0.239563905530
0.446723361681 0.238493397715 0.238951161112
0.447723861931 0.237681756461 0.238344599034
0.448724362181 0.236873823523 0.237744071099
0.449724862431 0.236069579542 0.237149425561
0.450725362681 0.235269005253 0.236560507167
0.451725862931 0.234472081488 0.235977157196
0.452726363182 0.233678789170 0.235399213513
0.453726863432 0.232889109319 0.234826510615
0.454727363682 0.232103023048 0.234258879686
0.455727863932 0.231320511566 0.233696148654
0.456728364182 0.230541556172 0.233138142250
0.457728864432 0.229766138264 0.232584682073
0.458729364682 0.228994239329 0.232035586653
0.459729864932 0.228225840950 0.231490671521
0.460730365183 0.227460924801 0.230949749284
0.461730865433 0.226699472652 0.230412629698
0.462731365683 0.225941466361 0.229879119749
0.463731865933 0.225186887882 0.229349023730
0.464732366183 0.224435719262 0.228822143334
0.465732866433 0.223687942635 0.228298277733
0.466733366683 0.222943540232 0.227777223679
0.467733866933 0.222202494373 0.227258775591
0.468734367184 0.221464787468 0.226742725655
0.469734867434 0.220730402020 0.226228863928
0.470735367684 0.219999320623 0.225716978437
0.471735867934 0.219271525959 0.225206855288
0.472736368184 0.218547000801 0.224698278780
0.473736868434 0.217825728014 0.224191031510
0.474737368684 0.217107690549 0.223684894499
0.475737868934 0.216392871449 0.223179647301
0.476738369185 0.215681253844 0.222675068135
0.477738869435 0.214972820954 0.222170934004
0.478739369685 0.214267556088 0.221667020825
0.479739869935 0.213565442640 0.221163103561
0.480740370185 0.212866464096 0.220658956353
0.481740870435 0.212170604025 0.220154352659
0.482741370685 0.211477846087 0.219649065393
0.483741870935 0.210788174027 0.219142867065
0.484742371186 0.210101571676 0.218635529930
0.485742871436 0.209418022953 0.218126826134
0.486743371686 0.208737511861 0.217616527864
0.487743871936 0.208060022490 0.217104407499
0.488744372186 0.207385539014 0.216590237771
0.489744872436 0.206714045693 0.216073791918
0.490745372686 0.206045526872 0.215554843846
0.491745872936 0.205379966978 0.215033168291
0.492746373187 0.204717350524 0.214508540987
0.493746873437 0.204057662105 0.213980738828
0.494747373687 0.203400886402 0.213449540042
0.495747873937 0.202747008176 0.212914724359
0.496748374187 0.202096012271 0.212376073186
0.497748874437 0.201447883616 0.211833369784
0.498749374687 0.200802607217 0.211286399440
0.499749874937 0.200160168167 0.210734949654
0.500750375188 0.199520551635 0.210178810310
0.501750875438 0.198883742876 0.209617773866
0.502751375688 0.198249727221 0.209051635534
0.503751875938 0.197618490083 0.208480193467
0.504752376188 0.196990016957 0.207903248942
0.505752876438 0.196364293413 0.207320606554
0.506753376688 0.195741305103 0.206732074398
0.507753876938 0.195121037758 0.206137464262
0.508754377189 0.194503477187 0.205536591821
0.509754877439 0.193888609275 0.204929276822
0.510755377689 0.193276419988 0.204315343282
0.511755877939 0.192666895366 0.203694619678
0.512756378189 0.192060021529 0.203066939142
0.513756878439 0.191455784673 0.202432139652
0.514757378689 0.190854171068 0.201790064232
0.515757878939 0.190255167062 0.201140561140
0.516758379190 0.189658759079 0.200483484067
0.517758879440 0.189064933616 0.199818692326
0.518759379690 0.188473677247 0.199146051052
0.519759879940 0.187884976620 0.198465431393
0.520760380190 0.187298818457 0.197776710700
0.521760880440 0.186715189553 0.197079772724
0.522761380690 0.186134076776 0.196374507807
0.523761880940 0.185555467071 0.195660813071
0.524762381191 0.184979347450 0.194938592608
0.525762881441 0.184405705002 0.194207757671
0.526763381691 0.183834526885 0.193468226857
0.527763881941 0.183265800331 0.192719926299
0.528764382191 0.182699512641 0.191962789842
0.529764882441 0.182135651190 0.191196759234
0.530765382691 0.181574203419 0.190421784301
0.531765882941 0.181015156845 0.189637823126
0.532766383192 0.180458499049 0.188844842226
0.533766883442 0.179904217686 0.188042816727
0.534767383692 0.179352300478 0.187231730532
0.535767883942 0.178802735216 0.186411576493
0.536768384192 0.178255509760 0.185582356574
0.537768884442 0.177710612038 0.184744082014
0.538769384692 0.177168030046 0.183896773488
0.539769884942 0.176627751846 0.183040461259
0.540770385193 0.176089765569 0.182175185336
0.541770885443 0.175554059412 0.181300995618
0.542771385693 0.175020621638 0.180417952038
0.543771885943 0.174489440575 0.179526124711
0.544772386193 0.173960504619 0.178625594060
0.545772886443 0.173433802231 0.177716450956
0.546773386693 0.172909321935 0.176798796843
0.547773886943 0.172387052321 0.175872743857
0.548774387194 0.171866982043 0.174938414949
0.549774887444 0.171349099819 0.173995943996
0.550775387694 0.170833394432 0.173045475904
0.551775887944 0.170319854725 0.172087166716
0.552776388194 0.169808469607 0.171121183703
0.553776888444 0.169299228049 0.170147705456
0.554777388694 0.168792119083 0.169166921970
0.555777888944 0.168287131803 0.168179034722
0.556778389195 0.167784255366 0.167184256742
0.557778889445 0.167283478990 0.166182812676
0.558779389695 0.166784791952 0.165174938848
0.559779889945 0.166288183592 0.164160883307
0.560780390195 0.165793643309 0.163140905873
0.561780890445 0.165301160562 0.162115278173
0.562781390695 0.164810724870 0.161084283671
0.563781890945 0.164322325810 0.160048217686
0.564782391196 0.163835953020 0.159007387410
0.565782891446 0.163351596195 0.157962111910
0.566783391696 0.162869245089 0.156912722127
0.567783891946 0.162388889514 0.155859560862
0.568784392196 0.161910519339 0.154802982760
0.569784892446 0.161434124491 0.153743354279
0.570785392696 0.160959694953 0.152681053653
0.571785892946 0.160487220766 0.151616470844
0.572786393197 0.160016692027 0.150550007488
0.573786893447 0.159548098889 0.149482076829
0.574787393697 0.159081431559 0.148413103643
0.575787893947 0.158616680302 0.147343524154
0.576788394197 0.158153835437 0.146273785940
0.577788894447 0.157692887338 0.145204347826
0.578789394697 0.157233826433 0.144135679770
0.579789894947 0.156776643205 0.143068262738
0.580790395198 0.156321328190 0.142002588568
0.581790895448 0.155867871977 0.140939159820
0.582791395698 0.155416265210 0.139878489625
0.583791895948 0.154966498586 0.138821101506
0.584792396198 0.154518562852 0.137767529210
0.585792896448 0.154072448811 0.136718316508
0.586793396698 0.153628147315 0.135674016994
0.587793896948 0.153185649268 0.134635193875
0.588794397199 0.152744945629 0.133602419741
0.589794897449 0.152306027403 0.132576276330
0.590795397699 0.151868885649 0.131557354274
0.591795897949 0.151433511477 0.130546252845
0.592796398199 0.150999896046 0.129543579676
0.593796898449 0.150568030564 0.128549950473
0.594797398699 0.150137906291 0.127565988726
0.595797898949 0.149709514536 0.126592325388
0.596798399200 0.149282846654 0.125629598558
0.597798899450 0.148857894054 0.124678453146
0.598799399700 0.148434648189 0.123739540520
0.599799899950 0.148013100564 0.122813518150
0.600800400200 0.147593242728 0.121901049230
0.601800900450 0.147175066281 0.121002802297
0.602801400700 0.146758562870 0.120119450825
0.603801900950 0.146343724187 0.119251672818
0.604802401201 0.145930541973 0.118400150383
0.605802901451 0.145519008015 0.117565569290
0.606803401701 0.145109114146 0.116748618524
0.607803901951 0.144700852247 0.115949989820
0.608804402201 0.144294214240 0.115170377183
0.609804902451 0.143889192099 0.114410476402
0.610805402701 0.143485777838 0.113670984545
0.611805902951 0.143083963518 0.112952599442
0.612806403202 0.142683741245 0.112256019160
0.613806903452 0.142285103170 0.111581941454
0.614807403702 0.141888041486 0.110931063221
0.615807903952 0.141492548433 0.110304079926
0.616808404202 0.141098616291 0.109701685024
0.617808904452 0.140706237387 0.109124569370
0.618809404702 0.140315404089 0.108573420608
0.619809904952 0.139926108808 0.108048922561
0.620810405203 0.139538343999 0.107551754593
0.621810905453 0.139152102159 0.107082590972
0.622811405703 0.138767375826 0.106642100214
0.623811905953 0.138384157581 0.106230944418
0.624812406203 0.138002440046 0.105849778588
0.625812906453 0.137622215884 0.105499249940
0.626813406703 0.137243477802 0.105179997206
0.627813906953 0.136866218545 0.104892649919
0.628814407204 0.136490430899 0.104637827692
0.629814907454 0.136116107692 0.104416139479
0.630815407704 0.135743241790 0.104228182836
0.631815907954 0.135371826101 0.104074543164
0.632816408204 0.135001853572 0.103955792942
0.633816908454 0.134633317189 0.103872490955
0.634817408704 0.134266209978 0.103825181507
0.635817908954 0.133900525003 0.103814393629
0.636818409205 0.133536255368 0.103840640276
0.637818909455 0.133173394215 0.103904417513
0.638819409705 0.132811934725 0.104006203701
0.639819909955 0.132451870115 0.104146458662
0.640820410205 0.132093193642 0.104325622851
0.641820910455 0.131735898600 0.104544116507
0.642821410705 0.131379978321 0.104802338808
0.643821910955 0.131025426173 0.105100667016
0.644822411206 0.130672235561 0.105439455609
0.645822911456 0.130320399928 0.105819035424
0.646823411706 0.129969912753 0.106239712772
0.647823911956 0.129620767551 0.106701768574
0.648824412206 0.129272957874 0.107205457470
0.649824912456 0.128926477307 0.107751006938
0.650825412706 0.128581319475 0.108338616410
0.651825912956 0.128237478035 0.108968456373
0.652826413207 0.127894946682 0.109640667484
0.653826913457 0.127553719143 0.110355359673
0.654827413707 0.127213789182 0.111112611250
0.655827913957 0.126875150597 0.111912468006
0.656828414207 0.126537797220 0.112754942325
0.657828914457 0.126201722918 0.113640012284
0.658829414707 0.125866921592 0.114567620765
0.659829914957 0.125533387176 0.115537674564
0.660830415208 0.125201113638 0.116550043505
0.661830915458 0.124870094979 0.117604559558
0.662831415708 0.124540325234 0.118701015959
0.663831915958 0.124211798470 0.119839166338
0.664832416208 0.123884508789 0.121018723851
0.665832916458 0.123558450321 0.122239360323
0.666833416708 0.123233617234 0.123500705392
0.667833916958 0.122910003725 0.124802345664
0.668834417209 0.122587604022 0.126143823883
0.669834917459 0.122266412388 0.127524638101
0.670835417709 0.121946423115 0.128944240869
0.671835917959 0.121627630528 0.130402038428
0.672836418209 0.121310028982 0.131897389929
0.673836918459 0.120993612865 0.133429606650
0.674837418709 0.120678376594 0.134997951239
0.675837918959 0.120364314616 0.136601636968
0.676838419210 0.120051421412 0.138239827005
0.677838919460 0.119739691489 0.139911633704
0.678839419710 0.119429119388 0.141616117912
0.679839919960 0.119119699678 0.143352288296
0.680840420210 0.118811426957 0.145119100693
0.681840920460 0.118504295854 0.146915457481
0.682841420710 0.118198301027 0.148740206970
0.683841920960 0.117893437164 0.150592142823
0.684842421211 0.117589698980 0.152470003494
0.685842921461 0.117287081222 0.154372471705
0.686843421711 0.116985578662 0.156298173933
0.687843921961 0.116685186104 0.158245679944
0.688844422211 0.116385898378 0.160213502344
0.689844922461 0.116087710344 0.162200096168
0.690845422711 0.115790616888 0.164203858497
0.691845922961 0.115494612926 0.166223128114
0.692846423212 0.115199693401 0.168256185191
0.693846923462 0.114905853281 0.170301251009
0.694847423712 0.114613087567 0.172356487728
0.695847923962 0.114321391281 0.174419998182
0.696848424212 0.114030759476 0.176489825720
0.697848924462 0.113741187231 0.178563954093
0.698849424712 0.113452669651 0.180640307375
0.699849924962 0.113165201868 0.182716749936
0.700850425213 0.112878779041 0.184791086456
0.701850925463 0.112593396354 0.186861061991
0.702851425713 0.112309049018 0.188924362080
0.703851925963 0.112025732271 0.190978612910
0.704852426213 0.111743441373 0.193021381532
0.705852926463 0.111462171614 0.195050176119
0.706853426713 0.111181918308 0.197062446294
0.707853926963 0.110902676792 0.199055583505
0.708854427214 0.110624442431 0.201026921454
0.709854927464 0.110347210615 0.202973736599
0.710855427714 0.110070976756 0.204893248698
0.711855927964 0.109795736294 0.206782621430
0.712856428214 0.109521484692 0.208638963072
0.713856928464 0.109248217438 0.210459327244
0.714857428714 0.108975930043 0.212240713715
0.715857928964 0.108704618044 0.213980069289
0.716858429215 0.108434277000 0.215674288745
0.717858929465 0.108164902496 0.217320215859
0.718859429715 0.107896490138 0.218914644501
0.719859929965 0.107629035559 0.220454319792
0.720860430215 0.107362534413 0.221935939354
0.721860930465 0.107096982377 0.223356154624
0.722861430715 0.106832375153 0.224711572256
0.723861930965 0.106568708464 0.225998755599
0.724862431216 0.106305978058 0.227214226256
0.725862931466 0.106044179703 0.228354465730
0.726863431716 0.105783309193 0.229415917155
0.727863931966 0.105523362341 0.230394987110
0.728864432216 0.105264334985 0.231288047524
0.729864932466 0.105006222984 0.232091437672
0.730865432716 0.104749022218 0.232801466257
0.731865932966 0.104492728592 0.233414413591
0.732866433217 0.104237338029 0.233926533866
0.733866933467 0.103982846478 0.234334057520
0.734867433717 0.103729249905 0.234633193707
0.735867933967 0.103476544300 0.234820132851
0.736868434217 0.103224725674 0.234891049321
0.737868934467 0.102973790059 0.234842104182
0.738869434717 0.102723733508 0.234669448075
0.739869934967 0.102474552095 0.234369224178
0.740870435218 0.102226241915 0.233937571285
0.741870935468 0.101978799083 0.233370626991
0.742871435718 0.101732219734 0.232664530978
0.743871935968 0.101486500026 0.231815428418
0.744872436218 0.101241636134 0.230819473479
0.745872936468 0.100997624256 0.229672832947
0.746873436718 0.100754460609 0.228371689961
0.747873936968 0.100512141428 0.226912247855
0.748874437219 0.100270662972 0.225290734121
0.749874937469 0.100030021515 0.223503404486
0.750875437719 0.099790213354 0.221546547103
0.751875937969 0.099551234805 0.219416486860
0.752876438219 0.099313082201 0.217109589810
0.753876938469 0.099075751898 0.214622267715
0.754877438719 0.098839240267 0.211950982715
0.755877938969 0.098603543701 0.209092252110
0.756878439220 0.098368658611 0.206042653268
0.757878939470 0.098134581427 0.202798828654
0.758879439720 0.097901308597 0.199357490981
0.759879939970 0.097668836588 0.195715428476
0.760880440220 0.097437161885 0.191869510279
0.761880940470 0.097206280993 0.187816691957
0.762881440720 0.096976190434 0.183554021143
0.763881940970 0.096746886747 0.179078643298
0.764882441221 0.096518366491 0.174387807597
0.765882941471 0.096290626242 0.169478872932
0.766883441721 0.096063662594 0.164349314043
0.767883941971 0.095837472159 0.158996727771
0.768884442221 0.095612051566 0.153418839426
0.769884942471 0.095387397461 0.147613509286
0.770885442721 0.095163506510 0.141578739205
0.771885942971 0.094940375392 0.135312679353
0.772886443222 0.094718000808 0.128813635061
0.773886943472 0.094496379472 0.122080073797
0.774887443722 0.094275508119 0.115110632246
0.775887943972 0.094055383496 0.107904123519
0.776888444222 0.093836002371 0.100459544462
0.777888944472 0.093617361527 0.092776083086
0.778889444722 0.093399457764 0.084853126107
0.779889944972 0.093182287898 0.076690266591
0.780890445223 0.092965848762 0.068287311708
0.781890945473 0.092750137204 0.059644290593
0.782891445723 0.092535150091 0.050761462304
0.783891945973 0.092320884303 0.041639323884
0.784892446223 0.092107336737 0.032278618519
0.785892946473 0.091894504308 0.022680343792
0.786893446723 0.091682383943 0.012845760023
0.787893946973 0.091470972589 0.002776398705
0.788894447224 0.091260267206 -0.007525928985
0.789894947474 0.091050264769 -0.018059123582
0.790895447724 0.090840962271 -0.028820788662
0.791895947974 0.090632356719 -0.039808222098
0.792896448224 0.090424445134 -0.051018407233
0.793896948474 0.090217224554 -0.062448004009
0.794897448724 0.090010692033 -0.074093340022
0.795897948974 0.089804844638 -0.085950401525
0.796898449225 0.089599679450 -0.098014824387
0.797898949475 0.089395193569 -0.110281884999
0.798899449725 0.089191384106 -0.122746491152
0.799899949975 0.088988248187 -0.135403172875
0.800900450225 0.088785782956 -0.148246073250
0.801900950475 0.088583985567 -0.161268939206
0.802901450725 0.088382853191 -0.174465112304
0.803901950975 0.088182383014 -0.187827519514
0.804902451226 0.087982572233 -0.201348663993
0.805902951476 0.087783418064 -0.215020615876
0.806903451726 0.087584917732 -0.228835003082
0.807903951976 0.087387068480 -0.242783002149
0.808904452226 0.087189867562 -0.256855329104
0.809904952476 0.086993312249 -0.271042230373
0.810905452726 0.086797399823 -0.285333473754
0.811905952976 0.086602127581 -0.299718339442
0.812906453227 0.086407492834 -0.314185611139
0.813906953477 0.086213492904 -0.328723567240
0.814907453727 0.086020125131 -0.343319972122
0.815907953977 0.085827386864 -0.357962067531
0.816908454227 0.085635275467 -0.372636564101
0.817908954477 0.085443788318 -0.387329632988
0.818909454727 0.085252922808 -0.402026897660
0.819909954977 0.085062676340 -0.416713425842
0.820910455228 0.084873046330 -0.431373721626
0.821910955478 0.084684030209 -0.445991717772
0.822911455728 0.084495625418 -0.460550768205
0.823911955978 0.084307829413 -0.475033640726
0.824912456228 0.084120639661 -0.489422509953
0.825912956478 0.083934053644 -0.503698950512
0.826913456728 0.083748068854 -0.517843930484
0.827913956978 0.083562682797 -0.531837805135
0.828914457229 0.083377892992 -0.545660310945
0.829914957479 0.083193696967 -0.559290559947
0.830915457729 0.083010092267 -0.572707034406
0.831915957979 0.082827076446 -0.585887581850
0.832916458229 0.082644647072 -0.598809410472
0.833916958479 0.082462801723 -0.611449084930
0.834917458729 0.082281537990 -0.623782522562
0.835917958979 0.082100853477 -0.635784990034
0.836918459230 0.081920745798 -0.647431100456
0.837918959480 0.081741212581 -0.658694810975
0.838919459730 0.081562251465 -0.669549420878
0.839919959980 0.081383860098 -0.679967570222
0.840920460230 0.081206036143 -0.689921239033
0.841920960480 0.081028777274 -0.699381747072
0.842921460730 0.080852081175 -0.708319754225
0.843921960980 0.080675945542 -0.716705261521
0.844922461231 0.080500368084 -0.724507612825
0.845922961481 0.080325346518 -0.731695497214
0.846923461731 0.080150878576 -0.738236952091
0.847923961981 0.079976961997 -0.744099367047
0.848924462231 0.079803594536 -0.749249488510
0.849924962481 0.079630773955 -0.753653425220
0.850925462731 0.079458498028 -0.757276654551
0.851925962981 0.079286764540 -0.760084029727
0.852926463232 0.079115571289 -0.762039787954
0.853926963482 0.078944916080 -0.763107559516
0.854927463732 0.078774796732 -0.763250377866
0.855927963982 0.078605211072 -0.762430690752
0.856928464232 0.078436156939 -0.760610372415
0.857928964482 0.078267632184 -0.757750736899
0.858929464732 0.078099634665 -0.753812552524
0.859929964982 0.077932162254 -0.748756057543
0.860930465233 0.077765212831 -0.742540977050
0.861930965483 0.077598784286 -0.735126541167
0.862931465733 0.077432874522 -0.726471504565
0.863931965983 0.077267481449 -0.716534167358
0.864932466233 0.077102602990 -0.705272397424
0.865932966483 0.076938237075 -0.692643654198
0.866933466733 0.076774381648 -0.678605013994
0.867933966983 0.076611034659 -0.663113196892
0.868934467234 0.076448194070 -0.646124595266
0.869934967484 0.076285857852 -0.627595303985
0.870935467734 0.076124023987 -0.607481152354
0.871935967984 0.075962690466 -0.585737737851
0.872936468234 0.075801855290 -0.562320461716
0.873936968484 0.075641516468 -0.537184566451
0.874937468734 0.075481672021 -0.510285175289
0.875937968984 0.075322319979 -0.481577333707
0.876938469235 0.075163458380 -0.451016053029
0.877938969485 0.075005085272 -0.418556356197
0.878939469735 0.074847198714 -0.384153325771
0.879939969985 0.074689796773 -0.347762154231
0.880940470235 0.074532877524 -0.309338196648
0.881940970485 0.074376439054 -0.268837025786
0.882941470735 0.074220479457 -0.226214489736
0.883941970985 0.074064996838 -0.181426772121
0.884942471236 0.073909989308 -0.134430454973
0.885942971486 0.073755454991 -0.085182584360
0.886943471736 0.073601392016 -0.033640738824
0.887943971986 0.073447798525 0.020236899269
0.888944472236 0.073294672665 0.076491469384
0.889944972486 0.073142012595 0.135163355414
0.890945472736 0.072989816480 0.196292105096
0.891945972986 0.072838082496 0.259916346190
0.892946473237 0.072686808826 0.326073699307
0.893946973487 0.072535993663 0.394800687308
0.894947473737 0.072385635208 0.466132641162
0.895947973987 0.072235731670 0.540103602186
0.896948474237 0.072086281268 0.616746220548
0.897948974487 0.071937282227 0.696091649947
0.898949474737 0.071788732783 0.778169438353
0.899949974987 0.071640631178 0.863007414712
0.900950475238 0.071492975665 0.950631571500
0.901950975488 0.071345764502 1.041065943017
0.902951475738 0.071198995959 1.134332479314
0.903951975988 0.071052668311 1.230450915628
0.904952476238 0.070906779842 1.329438637215
0.905952976488 0.070761328844 1.431310539454
0.906953476738 0.070616313619 1.536078883109
0.907953976988 0.070471732474 1.643753144612
0.908954477239 0.070327583726 1.754339861248
0.909954977489 0.070183865699 1.867842471109
0.910955477739 0.070040576725 1.984261147678
0.911955977989 0.069897715145 2.103592628923
0.912956478239 0.069755279305 2.225830040738
0.913956978489 0.069613267561 2.350962714615
0.914957478739 0.069471678276 2.478975999384
0.915957978989 0.069330509822 2.609851066882
0.916958479240 0.069189760576 2.743564711402
0.917958979490 0.069049428925 2.880089142763
0.918959479740 0.068909513261 3.019391772848
0.919959979990 0.068770011987 3.161434995452
0.920960480240 0.068630923510 3.306175959279
0.921960980490 0.068492246246 3.453566333908
0.922961480740 0.068353978619 3.603552068585
0.923961980990 0.068216119059 3.756073143644
0.924962481241 0.068078666003 3.911063314391
0.925962981491 0.067941617898 4.068449847280
0.926963481741 0.067804973195 4.228153248181
0.927963981991 0.067668730354 4.390086982567
0.928964482241 0.067532887841 4.554157187430
0.929964982491 0.067397444130 4.720262374725
0.930965482741 0.067262397702 4.888293126146
0.931965982991 0.067127747044 5.058131779044
0.932966483242 0.066993490652 5.229652103271
0.933966983492 0.066859627027 5.402718968737
0.934967483742 0.066726154677 5.577188003492
0.935967983992 0.066593072119 5.752905242081
0.936968484242 0.066460377874 5.929706763985
0.937968984492 0.066328070472 6.107418321898
0.938969484742 0.066196148449 6.285854959627
0.939969984992 0.066064610346 6.464820619373
0.940970485243 0.065933454714 6.644107738161
0.941970985493 0.065802680108 6.823496833170
0.942971485743 0.065672285091 7.002756075722
0.943971985993 0.065542268233 7.181640853684
0.944972486243 0.065412628108 7.359893322010
0.945972986493 0.065283363299 7.537241941184
0.946973486743 0.065154472394 7.713401003278
0.947973986993 0.065025953990 7.888070145376
0.948974487244 0.064897806687 8.060933850069
0.949974987494 0.064770029093 8.231660932762
0.950975487744 0.064642619823 8.399904015483
0.951975987994 0.064515577497 8.565298986926
0.952976488244 0.064388900742 8.727464448430
0.953976988494 0.064262588191 8.886001145568
0.954977488744 0.064136638484 9.040491385085
0.955977988994 0.064011050265 9.190498436829
0.956978489245 0.063885822187 9.335565920388
0.957978989495 0.063760952908 9.475217176093
0.958979489745 0.063636441090 9.608954620070
0.959979989995 0.063512285404 9.736259083004
0.960980490245 0.063388484527 9.856589132266
0.961980990495 0.063265037139 9.969380377074
0.962981490745 0.063141941928 10.074044756320
0.963981990995 0.063019197589 10.169969808711
0.964982491246 0.062896802821 10.256517924867
0.965982991496 0.062774756329 10.333025580989
0.966983491746 0.062653056825 10.398802553737
0.967983991996 0.062531703026 10.453131115923
0.968984492246 0.062410693654 10.495265212632
0.969984992496 0.062290027439 10.524429617373
0.970985492746 0.062169703115 10.539819067864
0.971985992996 0.062049719422 10.540597381027
0.972986493247 0.061930075104 10.525896546781
0.973986993497 0.061810768915 10.494815800223
0.974987493747 0.061691799610 10.446420671729
0.975987993997 0.061573165953 10.379742014578
0.976988494247 0.061454866710 10.293775009622
0.977988994497 0.061336900655 10.187478146560
0.978989494747 0.061219266569 10.059772181357
0.979989994997 0.061101963233 9.909539069320
0.980990495248 0.060984989440 9.735620873386
0.981990995498 0.060868343983 9.536818647099
0.982991495748 0.060752025664 9.311891291811
0.983991995998 0.060636033288 9.059554387598
0.984992496248 0.060520365666 8.778478997367
0.985992996498 0.060405021615 8.467290443652
0.986993496748 0.060289999957 8.124567057573
0.987993996998 0.060175299518 7.748838899401
0.988994497249 0.060060919132 7.338586450214
0.989994997499 0.059946857634 6.892239274067
0.990995497749 0.059833113868 6.408174650121
0.991995997999 0.059719686681 5.884716174168
0.992996498249 0.059606574926 5.320132328956
0.993996998499 0.059493777460 4.712635022737
0.994997498749 0.059381293147 4.060378095428
0.995997998999 0.059269120854 3.361455791778
0.996998499250 0.059157259453 2.613901200934
0.997998999500 0.059045707824 1.815684661749
0.998999499750 0.058934464847 0.964712133224
1.000000000000 0.058823529412 0.058823529412
