-1.000000000000 0.058823529412 0.058823529412
-0.998999499750 0.058934464847 0.036823162926
-0.997998999500 0.059045707824 0.015264437690
-0.996998499250 0.059157259453 -0.005857684293
-0.995997998999 0.059269120854 -0.026548202375
-0.994997498749 0.059381293147 -0.046812077472
-0.993996998499 0.059493777460 -0.066654232262
-0.992996498249 0.059606574926 -0.086079551392
-0.991995997999 0.059719686681 -0.105092881678
-0.990995497749 0.059833113868 -0.123699032304
-0.989994997499 0.059946857634 -0.141902775026
-0.988994497249 0.060060919132 -0.159708844371
-0.987993996998 0.060175299518 -0.177121937833
-0.986993496748 0.060289999957 -0.194146716075
-0.985992996498 0.060405021615 -0.210787803125
-0.984992496248 0.060520365666 -0.227049786572
-0.983991995998 0.060636033288 -0.242937217762
-0.982991495748 0.060752025664 -0.258454611997
-0.981990995498 0.060868343983 -0.273606448725
-0.980990495248 0.060984989440 -0.288397171737
-0.979989994997 0.061101963233 -0.302831189359
-0.978989494747 0.061219266569 -0.316912874646
-0.977988994497 0.061336900655 -0.330646565573
-0.976988494247 0.061454866710 -0.344036565224
-0.975987993997 0.061573165953 -0.357087141988
-0.974987493747 0.061691799610 -0.369802529744
-0.973986993497 0.061810768915 -0.382186928053
-0.972986493247 0.061930075104 -0.394244502344
-0.971985992996 0.062049719422 -0.405979384104
-0.970985492746 0.062169703115 -0.417395671063
-0.969984992496 0.062290027439 -0.428497427385
-0.968984492246 0.062410693654 -0.439288683848
-0.967983991996 0.062531703026 -0.449773438030
-0.966983491746 0.062653056825 -0.459955654499
-0.965982991496 0.062774756329 -0.469839264989
-0.964982491246 0.062896802821 -0.479428168588
-0.963981990995 0.063019197589 -0.488726231920
-0.962981490745 0.063141941928 -0.497737289325
-0.961980990495 0.063265037139 -0.506465143039
-0.960980490245 0.063388484527 -0.514913563378
-0.959979989995 0.063512285404 -0.523086288916
-0.958979489745 0.063636441090 -0.530987026662
-0.957978989495 0.063760952908 -0.538619452241
-0.956978489245 0.063885822187 -0.545987210071
-0.955977988994 0.064011050265 -0.553093913539
-0.954977488744 0.064136638484 -0.559943145178
-0.953976988494 0.064262588191 -0.566538456845
-0.952976488244 0.064388900742 -0.572883369890
-0.951975987994 0.064515577497 -0.578981375338
-0.950975487744 0.064642619823 -0.584835934055
-0.949974987494 0.064770029093 -0.590450476928
-0.948974487244 0.064897806687 -0.595828405034
-0.947973986993 0.065025953990 -0.600973089810
-0.946973486743 0.065154472394 -0.605887873228
-0.945972986493 0.065283363299 -0.610576067965
-0.944972486243 0.065412628108 -0.615040957568
-0.943971985993 0.065542268233 -0.619285796629
-0.942971485743 0.065672285091 -0.623313810950
-0.941970985493 0.065802680108 -0.627128197715
-0.940970485243 0.065933454714 -0.630732125650
-0.939969984992 0.066064610346 -0.634128735197
-0.938969484742 0.066196148449 -0.637321138675
-0.937968984492 0.066328070472 -0.640312420450
-0.936968484242 0.066460377874 -0.643105637093
-0.935967983992 0.066593072119 -0.645703817552
-0.934967483742 0.066726154677 -0.648109963308
-0.933966983492 0.066859627027 -0.650327048544
-0.932966483242 0.066993490652 -0.652358020302
-0.931965982991 0.067127747044 -0.654205798648
-0.930965482741 0.067262397702 -0.655873276833
-0.929964982491 0.067397444130 -0.657363321450
-0.928964482241 0.067532887841 -0.658678772598
-0.927963981991 0.067668730354 -0.659822444036
-0.926963481741 0.067804973195 -0.660797123348
-0.925962981491 0.067941617898 -0.661605572093
-0.924962481241 0.068078666003 -0.662250525971
-0.923961980990 0.068216119059 -0.662734694970
-0.922961480740 0.068353978619 -0.663060763529
-0.921960980490 0.068492246246 -0.663231390693
-0.920960480240 0.068630923510 -0.663249210264
-0.919959979990 0.068770011987 -0.663116830956
-0.918959479740 0.068909513261 -0.662836836551
-0.917958979490 0.069049428925 -0.662411786051
-0.916958479240 0.069189760576 -0.661844213829
-0.915957978989 0.069330509822 -0.661136629781
-0.914957478739 0.069471678276 -0.660291519478
-0.913956978489 0.069613267561 -0.659311344317
-0.912956478239 0.069755279305 -0.658198541668
-0.911955977989 0.069897715145 -0.656955525028
-0.910955477739 0.070040576725 -0.655584684165
-0.909954977489 0.070183865699 -0.654088385267
-0.908954477239 0.070327583726 -0.652468971094
-0.907953976988 0.070471732474 -0.650728761118
-0.906953476738 0.070616313619 -0.648870051675
-0.905952976488 0.070761328844 -0.646895116109
-0.904952476238 0.070906779842 -0.644806204914
-0.903951975988 0.071052668311 -0.642605545884
-0.902951475738 0.071198995959 -0.640295344253
-0.901950975488 0.071345764502 -0.637877782840
-0.900950475238 0.071492975665 -0.635355022191
-0.899949974987 0.071640631178 -0.632729200723
-0.898949474737 0.071788732783 -0.630002434861
-0.897948974487 0.071937282227 -0.627176819187
-0.896948474237 0.072086281268 -0.624254426573
-0.895947973987 0.072235731670 -0.621237308323
-0.894947473737 0.072385635208 -0.618127494316
-0.893946973487 0.072535993663 -0.614926993140
-0.892946473237 0.072686808826 -0.611637792233
-0.891945972986 0.072838082496 -0.608261858018
-0.890945472736 0.072989816480 -0.604801136043
-0.889944972486 0.073142012595 -0.601257551117
-0.888944472236 0.073294672665 -0.597633007444
-0.887943971986 0.073447798525 -0.593929388759
-0.886943471736 0.073601392016 -0.590148558466
-0.885942971486 0.073755454991 -0.586292359766
-0.884942471236 0.073909989308 -0.582362615797
-0.883941970985 0.074064996838 -0.578361129763
-0.882941470735 0.074220479457 -0.574289685068
-0.881940970485 0.074376439054 -0.570150045447
-0.880940470235 0.074532877524 -0.565943955101
-0.879939969985 0.074689796773 -0.561673138823
-0.878939469735 0.074847198714 -0.557339302131
-0.877938969485 0.075005085272 -0.552944131397
-0.876938469235 0.075163458380 -0.548489293977
-0.875937968984 0.075322319979 -0.543976438339
-0.874937468734 0.075481672021 -0.539407194192
-0.873936968484 0.075641516468 -0.534783172613
-0.872936468234 0.075801855290 -0.530105966172
-0.871935967984 0.075962690466 -0.525377149063
-0.870935467734 0.076124023987 -0.520598277227
-0.869934967484 0.076285857852 -0.515770888476
-0.868934467234 0.076448194070 -0.510896502622
-0.867933966983 0.076611034659 -0.505976621599
-0.866933466733 0.076774381648 -0.501012729585
-0.865932966483 0.076938237075 -0.496006293129
-0.864932466233 0.077102602990 -0.490958761272
-0.863931965983 0.077267481449 -0.485871565669
-0.862931465733 0.077432874522 -0.480746120709
-0.861930965483 0.077598784286 -0.475583823641
-0.860930465233 0.077765212831 -0.470386054690
-0.859929964982 0.077932162254 -0.465154177179
-0.858929464732 0.078099634665 -0.459889537649
-0.857928964482 0.078267632184 -0.454593465975
-0.856928464232 0.078436156939 -0.449267275490
-0.855927963982 0.078605211072 -0.443912263098
-0.854927463732 0.078774796732 -0.438529709395
-0.853926963482 0.078944916080 -0.433120878781
-0.852926463232 0.079115571289 -0.427687019584
-0.851925962981 0.079286764540 -0.422229364169
-0.850925462731 0.079458498028 -0.416749129058
-0.849924962481 0.079630773955 -0.411247515040
-0.848924462231 0.079803594536 -0.405725707293
-0.847923961981 0.079976961997 -0.400184875489
-0.846923461731 0.080150878576 -0.394626173914
-0.845922961481 0.080325346518 -0.389050741579
-0.844922461231 0.080500368084 -0.383459702331
-0.843921960980 0.080675945542 -0.377854164965
-0.842921460730 0.080852081175 -0.372235223337
-0.841920960480 0.081028777274 -0.366603956475
-0.840920460230 0.081206036143 -0.360961428688
-0.839919959980 0.081383860098 -0.355308689674
-0.838919459730 0.081562251465 -0.349646774635
-0.837918959480 0.081741212581 -0.343976704380
-0.836918459230 0.081920745798 -0.338299485435
-0.835917958979 0.082100853477 -0.332616110155
-0.834917458729 0.082281537990 -0.326927556826
-0.833916958479 0.082462801723 -0.321234789772
-0.832916458229 0.082644647072 -0.315538759467
-0.831915957979 0.082827076446 -0.309840402635
-0.830915457729 0.083010092267 -0.304140642358
-0.829914957479 0.083193696967 -0.298440388179
-0.828914457229 0.083377892992 -0.292740536211
-0.827913956978 0.083562682797 -0.287041969235
-0.826913456728 0.083748068854 -0.281345556808
-0.825912956478 0.083934053644 -0.275652155363
-0.824912456228 0.084120639661 -0.269962608316
-0.823911955978 0.084307829413 -0.264277746160
-0.822911455728 0.084495625418 -0.258598386575
-0.821910955478 0.084684030209 -0.252925334524
-0.820910455228 0.084873046330 -0.247259382356
-0.819909954977 0.085062676340 -0.241601309904
-0.818909454727 0.085252922808 -0.235951884587
-0.817908954477 0.085443788318 -0.230311861507
-0.816908454227 0.085635275467 -0.224681983551
-0.815907953977 0.085827386864 -0.219062981483
-0.814907453727 0.086020125131 -0.213455574049
-0.813906953477 0.086213492904 -0.207860468071
-0.812906453227 0.086407492834 -0.202278358542
-0.811905952976 0.086602127581 -0.196709928725
-0.810905452726 0.086797399823 -0.191155850249
-0.809904952476 0.086993312249 -0.185616783203
-0.808904452226 0.087189867562 -0.180093376233
-0.807903951976 0.087387068480 -0.174586266632
-0.806903451726 0.087584917732 -0.169096080440
-0.805902951476 0.087783418064 -0.163623432535
-0.804902451226 0.087982572233 -0.158168926724
-0.803901950975 0.088182383014 -0.152733155839
-0.802901450725 0.088382853191 -0.147316701829
-0.801900950475 0.088583985567 -0.141920135849
-0.800900450225 0.088785782956 -0.136544018355
-0.799899949975 0.088988248187 -0.131188899191
-0.798899449725 0.089191384106 -0.125855317683
-0.797898949475 0.089395193569 -0.120543802727
-0.796898449225 0.089599679450 -0.115254872880
-0.795897948974 0.089804844638 -0.109989036448
-0.794897448724 0.090010692033 -0.104746791575
-0.793896948474 0.090217224554 -0.099528626330
-0.792896448224 0.090424445134 -0.094335018798
-0.791895947974 0.090632356719 -0.089166437164
-0.790895447724 0.090840962271 -0.084023339802
-0.789894947474 0.091050264769 -0.078906175360
-0.788894447224 0.091260267206 -0.073815382849
-0.787893946973 0.091470972589 -0.068751391723
-0.786893446723 0.091682383943 -0.063714621972
-0.785892946473 0.091894504308 -0.058705484200
-0.784892446223 0.092107336737 -0.053724379711
-0.783891945973 0.092320884303 -0.048771700595
-0.782891445723 0.092535150091 -0.043847829811
-0.781890945473 0.092750137204 -0.038953141267
-0.780890445223 0.092965848762 -0.034087999908
-0.779889944972 0.093182287898 -0.029252761791
-0.778889444722 0.093399457764 -0.024447774175
-0.777888944472 0.093617361527 -0.019673375595
-0.776888444222 0.093836002371 -0.014929895949
-0.775887943972 0.094055383496 -0.010217656572
-0.774887443722 0.094275508119 -0.005536970324
-0.773886943472 0.094496379472 -0.000888141662
-0.772886443222 0.094718000808 0.003728533275
-0.771885942971 0.094940375392 0.008312766591
-0.770885442721 0.095163506510 0.012864278553
-0.769884942471 0.095387397461 0.017382797510
-0.768884442221 0.095612051566 0.021868059823
-0.767883941971 0.095837472159 0.026319809780
-0.766883441721 0.096063662594 0.030737799522
-0.765882941471 0.096290626242 0.035121788969
-0.764882441221 0.096518366491 0.039471545740
-0.763881940970 0.096746886747 0.043786845082
-0.762881440720 0.096976190434 0.048067469789
-0.761880940470 0.097206280993 0.052313210132
-0.760880440220 0.097437161885 0.056523863783
-0.759879939970 0.097668836588 0.060699235741
-0.758879439720 0.097901308597 0.064839138257
-0.757878939470 0.098134581427 0.068943390766
-0.756878439220 0.098368658611 0.073011819806
-0.755877938969 0.098603543701 0.077044258953
-0.754877438719 0.098839240267 0.081040548745
-0.753876938469 0.099075751898 0.085000536612
-0.752876438219 0.099313082201 0.088924076803
-0.751875937969 0.099551234805 0.092811030319
-0.750875437719 0.099790213354 0.096661264837
-0.749874937469 0.100030021515 0.100474654645
-0.748874437219 0.100270662972 0.104251080570
-0.747873936968 0.100512141428 0.107990429908
-0.746873436718 0.100754460609 0.111692596357
-0.745872936468 0.100997624256 0.115357479948
-0.744872436218 0.101241636134 0.118984986976
-0.743871935968 0.101486500026 0.122575029933
-0.742871435718 0.101732219734 0.126127527439
-0.741870935468 0.101978799083 0.129642404178
-0.740870435218 0.102226241915 0.133119590830
-0.739869934967 0.102474552095 0.136559024004
-0.738869434717 0.102723733508 0.139960646172
-0.737868934467 0.102973790059 0.143324405605
-0.736868434217 0.103224725674 0.146650256308
-0.735867933967 0.103476544300 0.149938157952
-0.734867433717 0.103729249905 0.153188075814
-0.733866933467 0.103982846478 0.156399980711
-0.732866433217 0.104237338029 0.159573848935
-0.731865932966 0.104492728592 0.162709662193
-0.730865432716 0.104749022218 0.165807407540
-0.729864932466 0.105006222984 0.168867077321
-0.728864432216 0.105264334985 0.171888669105
-0.727863931966 0.105523362341 0.174872185624
-0.726863431716 0.105783309193 0.177817634715
-0.725862931466 0.106044179703 0.180725029254
-0.724862431216 0.106305978058 0.183594387098
-0.723861930965 0.106568708464 0.186425731025
-0.722861430715 0.106832375153 0.189219088670
-0.721860930465 0.107096982377 0.191974492473
-0.720860430215 0.107362534413 0.194691979611
-0.719859929965 0.107629035559 0.197371591946
-0.718859429715 0.107896490138 0.200013375962
-0.717858929465 0.108164902496 0.202617382709
-0.716858429215 0.108434277000 0.205183667744
-0.715857928964 0.108704618044 0.207712291074
-0.714857428714 0.108975930043 0.210203317100
-0.713856928464 0.109248217438 0.212656814556
-0.712856428214 0.109521484692 0.215072856459
-0.711855927964 0.109795736294 0.217451520045
-0.710855427714 0.110070976756 0.219792886722
-0.709854927464 0.110347210615 0.222097042005
-0.708854427214 0.110624442431 0.224364075469
-0.707853926963 0.110902676792 0.226594080691
-0.706853426713 0.111181918308 0.228787155193
-0.705852926463 0.111462171614 0.230943400394
-0.704852426213 0.111743441373 0.233062921548
-0.703851925963 0.112025732271 0.235145827700
-0.702851425713 0.112309049018 0.237192231625
-0.701850925463 0.112593396354 0.239202249779
-0.700850425213 0.112878779041 0.241176002245
-0.699849924962 0.113165201868 0.243113612684
-0.698849424712 0.113452669651 0.245015208278
-0.697848924462 0.113741187231 0.246880919683
-0.696848424212 0.114030759476 0.248710880977
-0.695847923962 0.114321391281 0.250505229607
-0.694847423712 0.114613087567 0.252264106341
-0.693846923462 0.114905853281 0.253987655217
-0.692846423212 0.115199693401 0.255676023492
-0.691845922961 0.115494612926 0.257329361594
-0.690845422711 0.115790616888 0.258947823074
-0.689844922461 0.116087710344 0.260531564552
-0.688844422211 0.116385898378 0.262080745677
-0.687843921961 0.116685186104 0.263595529068
-0.686843421711 0.116985578662 0.265076080277
-0.685842921461 0.117287081222 0.266522567732
-0.684842421211 0.117589698980 0.267935162697
-0.683841920960 0.117893437164 0.269314039220
-0.682841420710 0.118198301027 0.270659374090
-0.681840920460 0.118504295854 0.271971346788
-0.680840420210 0.118811426957 0.273250139443
-0.679839919960 0.119119699678 0.274495936782
-0.678839419710 0.119429119388 0.275708926093
-0.677838919460 0.119739691489 0.276889297171
-0.676838419210 0.120051421412 0.278037242277
-0.675837918959 0.120364314616 0.279152956096
-0.674837418709 0.120678376594 0.280236635687
-0.673836918459 0.120993612865 0.281288480445
-0.672836418209 0.121310028982 0.282308692054
-0.671835917959 0.121627630528 0.283297474444
-0.670835417709 0.121946423115 0.284255033748
-0.669834917459 0.122266412388 0.285181578262
-0.668834417209 0.122587604022 0.286077318398
-0.667833916958 0.122910003725 0.286942466647
-0.666833416708 0.123233617234 0.287777237531
-0.665832916458 0.123558450321 0.288581847568
-0.664832416208 0.123884508789 0.289356515228
-0.663831915958 0.124211798470 0.290101460890
-0.662831415708 0.124540325234 0.290816906803
-0.661830915458 0.124870094979 0.291503077050
-0.660830415208 0.125201113638 0.292160197499
-0.659829914957 0.125533387176 0.292788495772
-0.658829414707 0.125866921592 0.293388201199
-0.657828914457 0.126201722918 0.293959544784
-0.656828414207 0.126537797220 0.294502759161
-0.655827913957 0.126875150597 0.295018078561
-0.654827413707 0.127213789182 0.295505738768
-0.653826913457 0.127553719143 0.295965977086
-0.652826413207 0.127894946682 0.296399032298
-0.651825912956 0.128237478035 0.296805144628
-0.650825412706 0.128581319475 0.297184555709
-0.649824912456 0.128926477307 0.297537508538
-0.648824412206 0.129272957874 0.297864247447
-0.647823911956 0.129620767551 0.298165018061
-0.646823411706 0.129969912753 0.298440067267
-0.645822911456 0.130320399928 0.298689643172
-0.644822411206 0.130672235561 0.298913995073
-0.643821910955 0.131025426173 0.299113373420
-0.642821410705 0.131379978321 0.299288029780
-0.641820910455 0.131735898600 0.299438216801
-0.640820410205 0.132093193642 0.299564188182
-0.639819909955 0.132451870115 0.299666198636
-0.638819409705 0.132811934725 0.299744503855
-0.637818909455 0.133173394215 0.299799360477
-0.636818409205 0.133536255368 0.299831026056
-0.635817908954 0.133900525003 0.299839759024
-0.634817408704 0.134266209978 0.299825818660
-0.633816908454 0.134633317189 0.299789465059
-0.632816408204 0.135001853572 0.299730959098
-0.631815907954 0.135371826101 0.299650562402
-0.630815407704 0.135743241790 0.299548537318
-0.629814907454 0.136116107692 0.299425146877
-0.628814407204 0.136490430899 0.299280654766
-0.627813906953 0.136866218545 0.299115325297
-0.626813406703 0.137243477802 0.298929423375
-0.625812906453 0.137622215884 0.298723214469
-0.624812406203 0.138002440046 0.298496964580
-0.623811905953 0.138384157581 0.298250940212
-0.622811405703 0.138767375826 0.297985408341
-0.621810905453 0.139152102159 0.297700636388
-0.620810405203 0.139538343999 0.297396892188
-0.619809904952 0.139926108808 0.297074443960
-0.618809404702 0.140315404089 0.296733560279
-0.617808904452 0.140706237387 0.296374510049
-0.616808404202 0.141098616291 0.295997562473
-0.615807903952 0.141492548433 0.295602987026
-0.614807403702 0.141888041486 0.295191053424
-0.613806903452 0.142285103170 0.294762031603
-0.612806403202 0.142683741245 0.294316191685
-0.611805902951 0.143083963518 0.293853803953
-0.610805402701 0.143485777838 0.293375138827
-0.609804902451 0.143889192099 0.292880466834
-0.608804402201 0.144294214240 0.292370058582
-0.607803901951 0.144700852247 0.291844184736
-0.606803401701 0.145109114146 0.291303115990
-0.605802901451 0.145519008015 0.290747123043
-0.604802401201 0.145930541973 0.290176476570
-0.603801900950 0.146343724187 0.289591447202
-0.602801400700 0.146758562870 0.288992305499
-0.601800900450 0.147175066281 0.288379321922
-0.600800400200 0.147593242728 0.287752766813
-0.599799899950 0.148013100564 0.287112910368
-0.598799399700 0.148434648189 0.286460022616
-0.597798899450 0.148857894054 0.285794373391
-0.596798399200 0.149282846654 0.285116232311
-0.595797898949 0.149709514536 0.284425868754
-0.594797398699 0.150137906291 0.283723551836
-0.593796898449 0.150568030564 0.283009550386
-0.592796398199 0.150999896046 0.282284132925
-0.591795897949 0.151433511477 0.281547567642
-0.590795397699 0.151868885649 0.280800122374
-0.589794897449 0.152306027403 0.280042064582
-0.588794397199 0.152744945629 0.279273661330
-0.587793896948 0.153185649268 0.278495179263
-0.586793396698 0.153628147315 0.277706884585
-0.585792896448 0.154072448811 0.276909043040
-0.584792396198 0.154518562852 0.276101919890
-0.583791895948 0.154966498586 0.275285779892
-0.582791395698 0.155416265210 0.274460887282
-0.581790895448 0.155867871977 0.273627505751
-0.580790395198 0.156321328190 0.272785898425
-0.579789894947 0.156776643205 0.271936327848
-0.578789394697 0.157233826433 0.271079055960
-0.577788894447 0.157692887338 0.270214344078
-0.576788394197 0.158153835437 0.269342452876
-0.575787893947 0.158616680302 0.268463642368
-0.574787393697 0.159081431559 0.267578171887
-0.573786893447 0.159548098889 0.266686300069
-0.572786393197 0.160016692027 0.265788284830
-0.571785892946 0.160487220766 0.264884383353
-0.570785392696 0.160959694953 0.263974852067
-0.569784892446 0.161434124491 0.263059946629
-0.568784392196 0.161910519339 0.262139921908
-0.567783891946 0.162388889514 0.261215031967
-0.566783391696 0.162869245089 0.260285530045
-0.565782891446 0.163351596195 0.259351668540
-0.564782391196 0.163835953020 0.258413698993
-0.563781890945 0.164322325810 0.257471872072
-0.562781390695 0.164810724870 0.256526437553
-0.561780890445 0.165301160562 0.255577644307
-0.560780390195 0.165793643309 0.254625740280
-0.559779889945 0.166288183592 0.253670972483
-0.558779389695 0.166784791952 0.252713586968
-0.557778889445 0.167283478990 0.251753828823
-0.556778389195 0.167784255366 0.250791942145
-0.555777888944 0.168287131803 0.249828170037
-0.554777388694 0.168792119083 0.248862754581
-0.553776888444 0.169299228049 0.247895936835
-0.552776388194 0.169808469607 0.246927956808
-0.551775887944 0.170319854725 0.245959053454
-0.550775387694 0.170833394432 0.244989464652
-0.549774887444 0.171349099819 0.244019427196
-0.548774387194 0.171866982043 0.243049176778
-0.547773886943 0.172387052321 0.242078947977
-0.546773386693 0.172909321935 0.241108974243
-0.545772886443 0.173433802231 0.240139487889
-0.544772386193 0.173960504619 0.239170720069
-0.543771885943 0.174489440575 0.238202900774
-0.542771385693 0.175020621638 0.237236258814
-0.541770885443 0.175554059412 0.236271021808
-0.540770385193 0.176089765569 0.235307416171
-0.539769884942 0.176627751846 0.234345667099
-0.538769384692 0.177168030046 0.233385998562
-0.537768884442 0.177710612038 0.232428633290
-0.536768384192 0.178255509760 0.231473792759
-0.535767883942 0.178802735216 0.230521697183
-0.534767383692 0.179352300478 0.229572565501
-0.533766883442 0.179904217686 0.228626615366
-0.532766383192 0.180458499049 0.227684063134
-0.531765882941 0.181015156845 0.226745123853
-0.530765382691 0.181574203419 0.225810011254
-0.529764882441 0.182135651190 0.224878937738
-0.528764382191 0.182699512641 0.223952114367
-0.527763881941 0.183265800331 0.223029750855
-0.526763381691 0.183834526885 0.222112055555
-0.525762881441 0.184405705002 0.221199235453
-0.524762381191 0.184979347450 0.220291496154
-0.523761880940 0.185555467071 0.219389041878
-0.522761380690 0.186134076776 0.218492075445
-0.521760880440 0.186715189553 0.217600798269
-0.520760380190 0.187298818457 0.216715410349
-0.519759879940 0.187884976620 0.215836110259
-0.518759379690 0.188473677247 0.214963095141
-0.517758879440 0.189064933616 0.214096560694
-0.516758379190 0.189658759079 0.213236701167
-0.515757878939 0.190255167062 0.212383709353
-0.514757378689 0.190854171068 0.211537776575
-0.513756878439 0.191455784673 0.210699092686
-0.512756378189 0.192060021529 0.209867846055
-0.511755877939 0.192666895366 0.209044223560
-0.510755377689 0.193276419988 0.208228410584
-0.509754877439 0.193888609275 0.207420591007
-0.508754377189 0.194503477187 0.206620947195
-0.507753876938 0.195121037758 0.205829659996
-0.506753376688 0.195741305103 0.205046908734
-0.505752876438 0.196364293413 0.204272871202
-0.504752376188 0.196990016957 0.203507723650
-0.503751875938 0.197618490083 0.202751640789
-0.502751375688 0.198249727221 0.202004795775
-0.501750875438 0.198883742876 0.201267360208
-0.500750375188 0.199520551635 0.200539504124
-0.499749874937 0.200160168167 0.199821395991
-0.498749374687 0.200802607217 0.199113202703
-0.497748874437 0.201447883616 0.198415089571
-0.496748374187 0.202096012271 0.197727220323
-0.495747873937 0.202747008176 0.197049757094
-0.494747373687 0.203400886402 0.196382860425
-0.493746873437 0.204057662105 0.195726689255
-0.492746373187 0.204717350524 0.195081400917
-0.491745872936 0.205379966978 0.194447151133
-0.490745372686 0.206045526872 0.193824094011
-0.489744872436 0.206714045693 0.193212382038
-0.488744372186 0.207385539014 0.192612166079
-0.487743871936 0.208060022490 0.192023595368
-0.486743371686 0.208737511861 0.191446817511
-0.485742871436 0.209418022953 0.190881978473
-0.484742371186 0.210101571676 0.190329222584
-0.483741870935 0.210788174027 0.189788692528
-0.482741370685 0.211477846087 0.189260529341
-0.481740870435 0.212170604025 0.188744872412
-0.480740370185 0.212866464096 0.188241859474
-0.479739869935 0.213565442640 0.187751626604
-0.478739369685 0.214267556088 0.187274308218
-0.477738869435 0.214972820954 0.186810037072
-0.476738369185 0.215681253844 0.186358944255
-0.475737868934 0.216392871449 0.185921159188
-0.474737368684 0.217107690549 0.185496809622
-0.473736868434 0.217825728014 0.185086021634
-0.472736368184 0.218547000801 0.184688919629
-0.471735867934 0.219271525959 0.184305626331
-0.470735367684 0.219999320623 0.183936262787
-0.469734867434 0.220730402020 0.183580948363
-0.468734367184 0.221464787468 0.183239800740
-0.467733866933 0.222202494373 0.182912935917
-0.466733366683 0.222943540232 0.182600468206
-0.465732866433 0.223687942635 0.182302510231
-0.464732366183 0.224435719262 0.182019172927
-0.463731865933 0.225186887882 0.181750565541
-0.462731365683 0.225941466361 0.181496795626
-0.461730865433 0.226699472652 0.181257969045
-0.460730365183 0.227460924801 0.181034189969
-0.459729864932 0.228225840950 0.180825560872
-0.458729364682 0.228994239329 0.180632182537
-0.457728864432 0.229766138264 0.180454154051
-0.456728364182 0.230541556172 0.180291572806
-0.455727863932 0.231320511566 0.180144534499
-0.454727363682 0.232103023048 0.180013133131
-0.453726863432 0.232889109319 0.179897461007
-0.452726363182 0.233678789170 0.179797608738
-0.451725862931 0.234472081488 0.179713665239
-0.450725362681 0.235269005253 0.179645717728
-0.449724862431 0.236069579542 0.179593851730
-0.448724362181 0.236873823523 0.179558151076
-0.447723861931 0.237681756461 0.179538697902
-0.446723361681 0.238493397715 0.179535572650
-0.445722861431 0.239308766742 0.179548854074
-0.444722361181 0.240127883089 0.179578619231
-0.443721860930 0.240950766402 0.179624943492
-0.442721360680 0.241777436423 0.179687900535
-0.441720860430 0.242607912987 0.179767562353
-0.440720360180 0.243442216025 0.179863999251
-0.439719859930 0.244280365567 0.179977279847
-0.438719359680 0.245122381735 0.180107471077
-0.437718859430 0.245968284749 0.180254638193
-0.436718359180 0.246818094924 0.180418844767
-0.435717858929 0.247671832673 0.180600152693
-0.434717358679 0.248529518502 0.180798622185
-0.433716858429 0.249391173015 0.181014311785
-0.432716358179 0.250256816913 0.181247278360
-0.431715857929 0.251126470992 0.181497577105
-0.430715357679 0.252000156144 0.181765261550
-0.429714857429 0.252877893358 0.182050383554
-0.428714357179 0.253759703718 0.182352993315
-0.427713856928 0.254645608406 0.182673139369
-0.426713356678 0.255535628698 0.183010868593
-0.425712856428 0.256429785968 0.183366226207
-0.424712356178 0.257328101683 0.183739255779
-0.423711855928 0.258230597410 0.184129999224
-0.422711355678 0.259137294808 0.184538496813
-0.421710855428 0.260048215634 0.184964787170
-0.420710355178 0.260963381740 0.185408907278
-0.419709854927 0.261882815072 0.185870892481
-0.418709354677 0.262806537673 0.186350776491
-0.417708854427 0.263734571680 0.186848591386
-0.416708354177 0.264666939326 0.187364367616
-0.415707853927 0.265603662937 0.187898134007
-0.414707353677 0.266544764935 0.188449917765
-0.413706853427 0.267490267835 0.189019744478
-0.412706353177 0.268440194247 0.189607638120
-0.411705852926 0.269394566874 0.190213621056
-0.410705352676 0.270353408512 0.190837714047
-0.409704852426 0.271316742052 0.191479936251
-0.408704352176 0.272284590474 0.192140305229
-0.407703851926 0.273256976855 0.192818836948
-0.406703351676 0.274233924361 0.193515545787
-0.405702851426 0.275215456250 0.194230444541
-0.404702351176 0.276201595873 0.194963544423
-0.403701850925 0.277192366668 0.195714855072
-0.402701350675 0.278187792168 0.196484384555
-0.401700850425 0.279187895992 0.197272139373
-0.400700350175 0.280192701851 0.198078124466
-0.399699849925 0.281202233545 0.198902343215
-0.398699349675 0.282216514959 0.199744797451
-0.397698849425 0.283235570069 0.200605487456
-0.396698349175 0.284259422938 0.201484411971
-0.395697848924 0.285288097714 0.202381568200
-0.394697348674 0.286321618631 0.203296951814
-0.393696848424 0.287360010010 0.204230556959
-0.392696348174 0.288403296255 0.205182376258
-0.391695847924 0.289451501855 0.206152400818
-0.390695347674 0.290504651381 0.207140620236
-0.389694847424 0.291562769487 0.208147022603
-0.388694347174 0.292625880907 0.209171594512
-0.387693846923 0.293694010459 0.210214321058
-0.386693346673 0.294767183038 0.211275185852
-0.385692846423 0.295845423618 0.212354171021
-0.384692346173 0.296928757253 0.213451257213
-0.383691845923 0.298017209073 0.214566423607
-0.382691345673 0.299110804282 0.215699647917
-0.381690845423 0.300209568163 0.216850906397
-0.380690345173 0.301313526071 0.218020173849
-0.379689844922 0.302422703433 0.219207423626
-0.378689344672 0.303537125749 0.220412627643
-0.377688844422 0.304656818589 0.221635756378
-0.376688344172 0.305781807594 0.222876778881
-0.375687843922 0.306912118471 0.224135662783
-0.374687343672 0.308047776996 0.225412374295
-0.373686843422 0.309188809008 0.226706878221
-0.372686343172 0.310335240414 0.228019137965
-0.371685842921 0.311487097180 0.229349115530
-0.370685342671 0.312644405337 0.230696771532
-0.369684842421 0.313807190973 0.232062065206
-0.368684342171 0.314975480237 0.233444954409
-0.367683841921 0.316149299333 0.234845395629
-0.366683341671 0.317328674522 0.236263343991
-0.365682841421 0.318513632117 0.237698753265
-0.364682341171 0.319704198485 0.239151575875
-0.363681840920 0.320900400041 0.240621762899
-0.362681340670 0.322102263251 0.242109264084
-0.361680840420 0.323309814627 0.243614027848
-0.360680340170 0.324523080724 0.245136001289
-0.359679839920 0.325742088142 0.246675130191
-0.358679339670 0.326966863520 0.248231359034
-0.357678839420 0.328197433539 0.249804630998
-0.356678339170 0.329433824915 0.251394887972
-0.355677838919 0.330676064396 0.253002070562
-0.354677338669 0.331924178768 0.254626118097
-0.353676838419 0.333178194843 0.256266968636
-0.352676338169 0.334438139463 0.257924558978
-0.351675837919 0.335704039495 0.259598824667
-0.350675337669 0.336975921828 0.261289700001
-0.349674837419 0.338253813375 0.262997118041
-0.348674337169 0.339537741063 0.264721010614
-0.347673836918 0.340827731839 0.266461308325
-0.346673336668 0.342123812659 0.268217940565
-0.345672836418 0.343426010492 0.269990835516
-0.344672336168 0.344734352312 0.271779920159
-0.343671835918 0.346048865101 0.273585120286
-0.342671335668 0.347369575840 0.275406360501
-0.341670835418 0.348696511509 0.277243564236
-0.340670335168 0.350029699084 0.279096653753
-0.339669834917 0.351369165534 0.280965550154
-0.338669334667 0.352714937818 0.282850173389
-0.337668834417 0.354067042879 0.284750442264
-0.336668334167 0.355425507644 0.286666274451
-0.335667833917 0.356790359020 0.288597586492
-0.334667333667 0.358161623888 0.290544293813
-0.333666833417 0.359539329103 0.292506310725
-0.332666333167 0.360923501488 0.294483550439
-0.331665832916 0.362314167831 0.296475925071
-0.330665332666 0.363711354882 0.298483345652
-0.329664832416 0.365115089346 0.300505722134
-0.328664332166 0.366525397883 0.302542963399
-0.327663831916 0.367942307103 0.304594977271
-0.326663331666 0.369365843558 0.306661670519
-0.325662831416 0.370796033745 0.308742948870
-0.324662331166 0.372232904095 0.310838717016
-0.323661830915 0.373676480971 0.312948878620
-0.322661330665 0.375126790664 0.315073336329
-0.321660830415 0.376583859390 0.317211991781
-0.320660330165 0.378047713280 0.319364745612
-0.319659829915 0.379518378382 0.321531497467
-0.318659329665 0.380995880650 0.323712146005
-0.317658829415 0.382480245944 0.325906588914
-0.316658329165 0.383971500020 0.328114722915
-0.315657828914 0.385469668532 0.330336443770
-0.314657328664 0.386974777017 0.332571646295
-0.313656828414 0.388486850900 0.334820224366
-0.312656328164 0.390005915479 0.337082070928
-0.311655827914 0.391531995926 0.339357078005
-0.310655327664 0.393065117280 0.341645136707
-0.309654827414 0.394605304438 0.343946137242
-0.308654327164 0.396152582154 0.346259968922
-0.307653826913 0.397706975028 0.348586520173
-0.306653326663 0.399268507505 0.350925678544
-0.305652826413 0.400837203862 0.353277330717
-0.304652326163 0.402413088211 0.355641362515
-0.303651825913 0.403996184481 0.358017658910
-0.302651325663 0.405586516424 0.360406104034
-0.301650825413 0.407184107596 0.362806581189
-0.300650325163 0.408788981360 0.365218972850
-0.299649824912 0.410401160872 0.367643160684
-0.298649324662 0.412020669080 0.370079025551
-0.297648824412 0.413647528710 0.372526447514
-0.296648324162 0.415281762266 0.374985305855
-0.295647823912 0.416923392015 0.377455479074
-0.294647323662 0.418572439987 0.379936844907
-0.293646823412 0.420228927959 0.382429280331
-0.292646323162 0.421892877455 0.384932661572
-0.291645822911 0.423564309734 0.387446864119
-0.290645322661 0.425243245780 0.389971762728
-0.289644822411 0.426929706298 0.392507231436
-0.288644322161 0.428623711702 0.395053143566
-0.287643821911 0.430325282110 0.397609371739
-0.286643321661 0.432034437331 0.400175787883
-0.285642821411 0.433751196859 0.402752263241
-0.284642321161 0.435475579863 0.405338668382
-0.283641820910 0.437207605178 0.407934873210
-0.282641320660 0.438947291297 0.410540746972
-0.281640820410 0.440694656358 0.413156158268
-0.280640320160 0.442449718138 0.415780975062
-0.279639819910 0.444212494040 0.418415064690
-0.278639319660 0.445983001088 0.421058293867
-0.277638819410 0.447761255910 0.423710528702
-0.276638319160 0.449547274733 0.426371634703
-0.275637818909 0.451341073371 0.429041476787
-0.274637318659 0.453142667216 0.431719919291
-0.273636818409 0.454952071221 0.434406825979
-0.272636318159 0.456769299898 0.437102060056
-0.271635817909 0.458594367301 0.439805484170
-0.270635317659 0.460427287016 0.442516960429
-0.269634817409 0.462268072149 0.445236350407
-0.268634317159 0.464116735318 0.447963515152
-0.267633816908 0.465973288636 0.450698315197
-0.266633316658 0.467837743702 0.453440610573
-0.265632816408 0.469710111589 0.456190260810
-0.264632316158 0.471590402831 0.458947124956
-0.263631815908 0.473478627410 0.461711061577
-0.262631315658 0.475374794745 0.464481928777
-0.261630815408 0.477278913677 0.467259584197
-0.260630315158 0.479190992459 0.470043885032
-0.259629814907 0.481111038738 0.472834688037
-0.258629314657 0.483039059549 0.475631849536
-0.257628814407 0.484975061292 0.478435225434
-0.256628314157 0.486919049728 0.481244671225
-0.255627813907 0.488871029958 0.484060042001
-0.254627313657 0.490831006411 0.486881192462
-0.253626813407 0.492798982832 0.489707976925
-0.252626313157 0.494774962264 0.492540249335
-0.251625812906 0.496758947035 0.495377863272
-0.250625312656 0.498750938746 0.498220671963
-0.249624812406 0.500750938250 0.501068528289
-0.248624312156 0.502758945641 0.503921284797
-0.247623811906 0.504774960238 0.506778793705
-0.246623311656 0.506798980568 0.509640906918
-0.245622811406 0.508831004354 0.512507476031
-0.244622311156 0.510871028493 0.515378352344
-0.243621810905 0.512919049046 0.518253386866
-0.242621310655 0.514975061218 0.521132430329
-0.241620810405 0.517039059341 0.524015333193
-0.240620310155 0.519111036862 0.526901945660
-0.239619809905 0.521190986320 0.529792117680
-0.238619309655 0.523278899334 0.532685698962
-0.237618809405 0.525374766582 0.535582538984
-0.236618309155 0.527478577788 0.538482486997
-0.235617808904 0.529590321700 0.541385392044
-0.234617308654 0.531709986073 0.544291102960
-0.233616808404 0.533837557654 0.547199468386
-0.232616308154 0.535973022161 0.550110336778
-0.231615807904 0.538116364268 0.553023556416
-0.230615307654 0.540267567581 0.555938975412
-0.229614807404 0.542426614625 0.558856441721
-0.228614307154 0.544593486822 0.561775803150
-0.227613806903 0.546768164473 0.564696907364
-0.226613306653 0.548950626739 0.567619601902
-0.225612806403 0.551140851623 0.570543734180
-0.224612306153 0.553338815947 0.573469151502
-0.223611805903 0.555544495335 0.576395701071
-0.222611305653 0.557757864195 0.579323229995
-0.221610805403 0.559978895696 0.582251585300
-0.220610305153 0.562207561746 0.585180613936
-0.219609804902 0.564443832979 0.588110162787
-0.218609304652 0.566687678730 0.591040078680
-0.217608804402 0.568939067011 0.593970208397
-0.216608304152 0.571197964500 0.596900398678
-0.215607803902 0.573464336512 0.599830496235
-0.214607303652 0.575738146979 0.602760347760
-0.213606803402 0.578019358436 0.605689799934
-0.212606303152 0.580307931991 0.608618699435
-0.211605802901 0.582603827310 0.611546892947
-0.210605302651 0.584907002591 0.614474227170
-0.209604802401 0.587217414548 0.617400548829
-0.208604302151 0.589535018386 0.620325704684
-0.207603801901 0.591859767780 0.623249541533
-0.206603301651 0.594191614852 0.626171906231
-0.205602801401 0.596530510154 0.629092645688
-0.204602301151 0.598876402642 0.632011606887
-0.203601800900 0.601229239654 0.634928636887
-0.202601300650 0.603588966892 0.637843582834
-0.201600800400 0.605955528395 0.640756291969
-0.200600300150 0.608328866522 0.643666611639
-0.199599799900 0.610708921926 0.646574389302
-0.198599299650 0.613095633536 0.649479472539
-0.197598799400 0.615488938530 0.652381709061
-0.196598299150 0.617888772317 0.655280946719
-0.195597798899 0.620295068516 0.658177033511
-0.194597298649 0.622707758927 0.661069817591
-0.193596798399 0.625126773519 0.663959147280
-0.192596298149 0.627552040400 0.666844871070
-0.191595797899 0.629983485797 0.669726837638
-0.190595297649 0.632421034040 0.672604895849
-0.189594797399 0.634864607530 0.675478894769
-0.188594297149 0.637314126728 0.678348683673
-0.187593796898 0.639769510123 0.681214112049
-0.186593296648 0.642230674222 0.684075029613
-0.185592796398 0.644697533516 0.686931286311
-0.184592296148 0.647170000471 0.689782732333
-0.183591795898 0.649647985498 0.692629218117
-0.182591295648 0.652131396937 0.695470594361
-0.181590795398 0.654620141032 0.698306712028
-0.180590295148 0.657114121915 0.701137422356
-0.179589794897 0.659613241584 0.703962576867
-0.178589294647 0.662117399881 0.706782027373
-0.177588794397 0.664626494474 0.709595625986
-0.176588294147 0.667140420836 0.712403225125
-0.175587793897 0.669659072227 0.715204677526
-0.174587293647 0.672182339675 0.717999836248
-0.173586793397 0.674710111954 0.720788554681
-0.172586293147 0.677242275567 0.723570686557
-0.171585792896 0.679778714732 0.726346085954
-0.170585292646 0.682319311356 0.729114607307
-0.169584792396 0.684863945024 0.731876105415
-0.168584292146 0.687412492979 0.734630435447
-0.167583791896 0.689964830105 0.737377452956
-0.166583291646 0.692520828910 0.740117013877
-0.165582791396 0.695080359514 0.742848974544
-0.164582291146 0.697643289628 0.745573191694
-0.163581790895 0.700209484542 0.748289522474
-0.162581290645 0.702778807109 0.750997824450
-0.161580790395 0.705351117732 0.753697955614
-0.160580290145 0.707926274351 0.756389774392
-0.159579789895 0.710504132427 0.759073139653
-0.158579289645 0.713084544931 0.761747910715
-0.157578789395 0.715667362335 0.764413947351
-0.156578289145 0.718252432594 0.767071109799
-0.155577788894 0.720839601143 0.769719258772
-0.154577288644 0.723428710880 0.772358255457
-0.153576788394 0.726019602161 0.774987961533
-0.152576288144 0.728612112790 0.777608239170
-0.151575787894 0.731206078012 0.780218951039
-0.150575287644 0.733801330501 0.782819960323
-0.149574787394 0.736397700361 0.785411130719
-0.148574287144 0.738995015114 0.787992326446
-0.147573786893 0.741593099697 0.790563412257
-0.146573286643 0.744191776459 0.793124253440
-0.145572786393 0.746790865158 0.795674715829
-0.144572286143 0.749390182954 0.798214665811
-0.143571785893 0.751989544412 0.800743970329
-0.142571285643 0.754588761502 0.803262496896
-0.141570785393 0.757187643595 0.805770113595
-0.140570285143 0.759785997467 0.808266689090
-0.139569784892 0.762383627301 0.810752092632
-0.138569284642 0.764980334688 0.813226194068
-0.137568784392 0.767575918637 0.815688863841
-0.136568284142 0.770170175572 0.818139973006
-0.135567783892 0.772762899345 0.820579393229
-0.134567283642 0.775353881241 0.823006996799
-0.133566783392 0.777942909985 0.825422656632
-0.132566283142 0.780529771754 0.827826246278
-0.131565782891 0.783114250187 0.830217639928
-0.130565282641 0.785696126397 0.832596712420
-0.129564782391 0.788275178984 0.834963339248
-0.128564282141 0.790851184050 0.837317396563
-0.127563781891 0.793423915212 0.839658761187
-0.126563281641 0.795993143624 0.841987310611
-0.125562781391 0.798558637990 0.844302923008
-0.124562281141 0.801120164586 0.846605477238
-0.123561780890 0.803677487282 0.848894852851
-0.122561280640 0.806230367559 0.851170930097
-0.121560780390 0.808778564540 0.853433589929
-0.120560280140 0.811321835008 0.855682714012
-0.119559779890 0.813859933437 0.857918184729
-0.118559279640 0.816392612016 0.860139885183
-0.117558779390 0.818919620682 0.862347699209
-0.116558279140 0.821440707146 0.864541511376
-0.115557778889 0.823955616928 0.866721206992
-0.114557278639 0.826464093391 0.868886672116
-0.113556778389 0.828965877773 0.871037793554
-0.112556278139 0.831460709226 0.873174458877
-0.111555777889 0.833948324852 0.875296556414
-0.110555277639 0.836428459743 0.877403975269
-0.109554777389 0.838900847025 0.879496605318
-0.108554277139 0.841365217895 0.881574337221
-0.107553776888 0.843821301668 0.883637062423
-0.106553276638 0.846268825823 0.885684673162
-0.105552776388 0.848707516051 0.887717062473
-0.104552276138 0.851137096298 0.889734124197
-0.103551775888 0.853557288824 0.891735752981
-0.102551275638 0.855967814247 0.893721844288
-0.101550775388 0.858368391601 0.895692294399
-0.100550275138 0.860758738390 0.897647000420
-0.099549774887 0.863138570642 0.899585860287
-0.098549274637 0.865507602971 0.901508772773
-0.097548774387 0.867865548635 0.903415637487
-0.096548274137 0.870212119595 0.905306354889
-0.095547773887 0.872547026583 0.907180826284
-0.094547273637 0.874869979159 0.909038953835
-0.093546773387 0.877180685786 0.910880640566
-0.092546273137 0.879478853887 0.912705790365
-0.091545772886 0.881764189923 0.914514307989
-0.090545272636 0.884036399460 0.916306099073
-0.089544772386 0.886295187236 0.918081070129
-0.088544272136 0.888540257245 0.919839128553
-0.087543771886 0.890771312802 0.921580182634
-0.086543271636 0.892988056623 0.923304141549
-0.085542771386 0.895190190904 0.925010915378
-0.084542271136 0.897377417400 0.926700415101
-0.083541770885 0.899549437500 0.928372552606
-0.082541270635 0.901705952318 0.930027240693
-0.081540770385 0.903846662769 0.931664393077
-0.080540270135 0.905971269654 0.933283924395
-0.079539769885 0.908079473750 0.934885750206
-0.078539269635 0.910170975894 0.936469787001
-0.077538769385 0.912245477069 0.938035952201
-0.076538269135 0.914302678499 0.939584164166
-0.075537768884 0.916342281733 0.941114342198
-0.074537268634 0.918363988742 0.942626406542
-0.073536768384 0.920367502007 0.944120278394
-0.072536268134 0.922352524616 0.945595879901
-0.071535767884 0.924318760358 0.947053134171
-0.070535267634 0.926265913817 0.948491965269
-0.069534767384 0.928193690468 0.949912298227
-0.068534267134 0.930101796777 0.951314059044
-0.067533766883 0.931989940295 0.952697174692
-0.066533266633 0.933857829763 0.954061573119
-0.065532766383 0.935705175202 0.955407183252
-0.064532266133 0.937531688024 0.956733935001
-0.063531765883 0.939337081121 0.958041759262
-0.062531265633 0.941121068978 0.959330587920
-0.061530765383 0.942883367763 0.960600353856
-0.060530265133 0.944623695440 0.961850990945
-0.059529764882 0.946341771861 0.963082434063
-0.058529264632 0.948037318877 0.964294619087
-0.057528764382 0.949710060436 0.965487482904
-0.056528264132 0.951359722687 0.966660963406
-0.055527763882 0.952986034084 0.967814999502
-0.054527263632 0.954588725488 0.968949531112
-0.053526763382 0.956167530272 0.970064499177
-0.052526263132 0.957722184421 0.971159845659
-0.051525762881 0.959252426637 0.972235513544
-0.050525262631 0.960757998441 0.973291446846
-0.049524762381 0.962238644274 0.974327590606
-0.048524262131 0.963694111604 0.975343890901
-0.047523761881 0.965124151018 0.976340294841
-0.046523261631 0.966528516333 0.977316750575
-0.045522761381 0.967906964690 0.978273207291
-0.044522261131 0.969259256654 0.979209615220
-0.043521760880 0.970585156317 0.980125925641
-0.042521260630 0.971884431393 0.981022090877
-0.041520760380 0.973156853314 0.981898064304
-0.040520260130 0.974402197330 0.982753800348
-0.039519759880 0.975620242601 0.983589254491
-0.038519259630 0.976810772294 0.984404383272
-0.037518759380 0.977973573673 0.985199144289
-0.036518259130 0.979108438193 0.985973496200
-0.035517758879 0.980215161590 0.986727398727
-0.034517258629 0.981293543969 0.987460812657
-0.033516758379 0.982343389895 0.988173699843
-0.032516258129 0.983364508474 0.988866023208
-0.031515757879 0.984356713442 0.989537746745
-0.030515257629 0.985319823244 0.990188835521
-0.029514757379 0.986253661120 0.990819255675
-0.028514257129 0.987158055181 0.991428974423
-0.027513756878 0.988032838485 0.992017960059
-0.026513256628 0.988877849117 0.992586181954
-0.025512756378 0.989692930261 0.993133610562
-0.024512256128 0.990477930268 0.993660217417
-0.023511755878 0.991232702733 0.994165975139
-0.022511255628 0.991957106554 0.994650857428
-0.021510755378 0.992651006003 0.995114839076
-0.020510255128 0.993314270785 0.995557895957
-0.019509754877 0.993946776104 0.995980005036
-0.018509254627 0.994548402712 0.996381144368
-0.017508754377 0.995119036976 0.996761293097
-0.016508254127 0.995658570921 0.997120431460
-0.015507753877 0.996166902288 0.997458540786
-0.014507253627 0.996643934578 0.997775603498
-0.013506753377 0.997089577098 0.998071603112
-0.012506253127 0.997503745007 0.998346524241
-0.011505752876 0.997886359351 0.998600352593
-0.010505252626 0.998237347107 0.998833074974
-0.009504752376 0.998556641212 0.999044679284
-0.008504252126 0.998844180597 0.999235154525
-0.007503751876 0.999099910216 0.999404490795
-0.006503251626 0.999323781074 0.999552679291
-0.005502751376 0.999515750248 0.999679712311
-0.004502251126 0.999675780909 0.999785583251
-0.003501750875 0.999803842338 0.999870286607
-0.002501250625 0.999899909944 0.999933817977
-0.001500750375 0.999963965272 0.999976174059
-0.000500250125 0.999995996013 0.999997352650
0.000500250125 0.999995996013 0.999997352650
0.001500750375 0.999963965272 0.999976174059
0.002501250625 0.999899909944 0.999933817977
0.003501750875 0.999803842338 0.999870286607
0.004502251126 0.999675780909 0.999785583251
0.005502751376 0.999515750248 0.999679712311
0.006503251626 0.999323781074 0.999552679291
0.007503751876 0.999099910216 0.999404490795
0.008504252126 0.998844180597 0.999235154525
0.009504752376 0.998556641212 0.999044679284
0.010505252626 0.998237347107 0.998833074974
0.011505752876 0.997886359351 0.998600352593
0.012506253127 0.997503745007 0.998346524241
0.013506753377 0.997089577098 0.998071603112
0.014507253627 0.996643934578 0.997775603498
0.015507753877 0.996166902288 0.997458540786
0.016508254127 0.995658570921 0.997120431460
0.017508754377 0.995119036976 0.996761293097
0.018509254627 0.994548402712 0.996381144368
0.019509754877 0.993946776104 0.995980005036
0.020510255128 0.993314270785 0.995557895957
0.021510755378 0.992651006003 0.995114839076
0.022511255628 0.991957106554 0.994650857428
0.023511755878 0.991232702733 0.994165975139
0.024512256128 0.990477930268 0.993660217417
0.025512756378 0.989692930261 0.993133610562
0.026513256628 0.988877849117 0.992586181954
0.027513756878 0.988032838485 0.992017960059
0.028514257129 0.987158055181 0.991428974423
0.029514757379 0.986253661120 0.990819255675
0.030515257629 0.985319823244 0.990188835521
0.031515757879 0.984356713442 0.989537746745
0.032516258129 0.983364508474 0.988866023208
0.033516758379 0.982343389895 0.988173699843
0.034517258629 0.981293543969 0.987460812657
0.035517758879 0.980215161590 0.986727398727
0.036518259130 0.979108438193 0.985973496200
0.037518759380 0.977973573673 0.985199144289
0.038519259630 0.976810772294 0.984404383272
0.039519759880 0.975620242601 0.983589254491
0.040520260130 0.974402197330 0.982753800348
0.041520760380 0.973156853314 0.981898064304
0.042521260630 0.971884431393 0.981022090877
0.043521760880 0.970585156317 0.980125925641
0.044522261131 0.969259256654 0.979209615220
0.045522761381 0.967906964690 0.978273207291
0.046523261631 0.966528516333 0.977316750575
0.047523761881 0.965124151018 0.976340294841
0.048524262131 0.963694111604 0.975343890901
0.049524762381 0.962238644274 0.974327590606
0.050525262631 0.960757998441 0.973291446846
0.051525762881 0.959252426637 0.972235513544
0.052526263132 0.957722184421 0.971159845659
0.053526763382 0.956167530272 0.970064499177
0.054527263632 0.954588725488 0.968949531112
0.055527763882 0.952986034084 0.967814999502
0.056528264132 0.951359722687 0.966660963406
0.057528764382 0.949710060436 0.965487482904
0.058529264632 0.948037318877 0.964294619087
0.059529764882 0.946341771861 0.963082434063
0.060530265133 0.944623695440 0.961850990945
0.061530765383 0.942883367763 0.960600353856
0.062531265633 0.941121068978 0.959330587920
0.063531765883 0.939337081121 0.958041759262
0.064532266133 0.937531688024 0.956733935001
0.065532766383 0.935705175202 0.955407183252
0.066533266633 0.933857829763 0.954061573119
0.067533766883 0.931989940295 0.952697174692
0.068534267134 0.930101796777 0.951314059044
0.069534767384 0.928193690468 0.949912298227
0.070535267634 0.926265913817 0.948491965269
0.071535767884 0.924318760358 0.947053134171
0.072536268134 0.922352524616 0.945595879901
0.073536768384 0.920367502007 0.944120278394
0.074537268634 0.918363988742 0.942626406542
0.075537768884 0.916342281733 0.941114342198
0.076538269135 0.914302678499 0.939584164166
0.077538769385 0.912245477069 0.938035952201
0.078539269635 0.910170975894 0.936469787001
0.079539769885 0.908079473750 0.934885750206
0.080540270135 0.905971269654 0.933283924395
0.081540770385 0.903846662769 0.931664393077
0.082541270635 0.901705952318 0.930027240693
0.083541770885 0.899549437500 0.928372552606
0.084542271136 0.897377417400 0.926700415101
0.085542771386 0.895190190904 0.925010915378
0.086543271636 0.892988056623 0.923304141549
0.087543771886 0.890771312802 0.921580182634
0.088544272136 0.888540257245 0.919839128553
0.089544772386 0.886295187236 0.918081070129
0.090545272636 0.884036399460 0.916306099073
0.091545772886 0.881764189923 0.914514307989
0.092546273137 0.879478853887 0.912705790365
0.093546773387 0.877180685786 0.910880640566
0.094547273637 0.874869979159 0.909038953835
0.095547773887 0.872547026583 0.907180826284
0.096548274137 0.870212119595 0.905306354889
0.097548774387 0.867865548635 0.903415637487
0.098549274637 0.865507602971 0.901508772773
0.099549774887 0.863138570642 0.899585860287
0.100550275138 0.860758738390 0.897647000420
0.101550775388 0.858368391601 0.895692294399
0.102551275638 0.855967814247 0.893721844288
0.103551775888 0.853557288824 0.891735752981
0.104552276138 0.851137096298 0.889734124197
0.105552776388 0.848707516051 0.887717062473
0.106553276638 0.846268825823 0.885684673162
0.107553776888 0.843821301668 0.883637062423
0.108554277139 0.841365217895 0.881574337221
0.109554777389 0.838900847025 0.879496605318
0.110555277639 0.836428459743 0.877403975269
0.111555777889 0.833948324852 0.875296556414
0.112556278139 0.831460709226 0.873174458877
0.113556778389 0.828965877773 0.871037793554
0.114557278639 0.826464093391 0.868886672116
0.115557778889 0.823955616928 0.866721206992
0.116558279140 0.821440707146 0.864541511376
0.117558779390 0.818919620682 0.862347699209
0.118559279640 0.816392612016 0.860139885183
0.119559779890 0.813859933437 0.857918184729
0.120560280140 0.811321835008 0.855682714012
0.121560780390 0.808778564540 0.853433589929
0.122561280640 0.806230367559 0.851170930097
0.123561780890 0.803677487282 0.848894852851
0.124562281141 0.801120164586 0.846605477238
0.125562781391 0.798558637990 0.844302923008
0.126563281641 0.795993143624 0.841987310611
0.127563781891 0.793423915212 0.839658761187
0.128564282141 0.790851184050 0.837317396563
0.129564782391 0.788275178984 0.834963339248
0.130565282641 0.785696126397 0.832596712420
0.131565782891 0.783114250187 0.830217639928
0.132566283142 0.780529771754 0.827826246278
0.133566783392 0.777942909985 0.825422656632
0.134567283642 0.775353881241 0.823006996799
0.135567783892 0.772762899345 0.820579393229
0.136568284142 0.770170175572 0.818139973006
0.137568784392 0.767575918637 0.815688863841
0.138569284642 0.764980334688 0.813226194068
0.139569784892 0.762383627301 0.810752092632
0.140570285143 0.759785997467 0.808266689090
0.141570785393 0.757187643595 0.805770113595
0.142571285643 0.754588761502 0.803262496896
0.143571785893 0.751989544412 0.800743970329
0.144572286143 0.749390182954 0.798214665811
0.145572786393 0.746790865158 0.795674715829
0.146573286643 0.744191776459 0.793124253440
0.147573786893 0.741593099697 0.790563412257
0.148574287144 0.738995015114 0.787992326446
0.149574787394 0.736397700361 0.785411130719
0.150575287644 0.733801330501 0.782819960323
0.151575787894 0.731206078012 0.780218951039
0.152576288144 0.728612112790 0.777608239170
0.153576788394 0.726019602161 0.774987961533
0.154577288644 0.723428710880 0.772358255457
0.155577788894 0.720839601143 0.769719258772
0.156578289145 0.718252432594 0.767071109799
0.157578789395 0.715667362335 0.764413947351
0.158579289645 0.713084544931 0.761747910715
0.159579789895 0.710504132427 0.759073139653
0.160580290145 0.707926274351 0.756389774392
0.161580790395 0.705351117732 0.753697955614
0.162581290645 0.702778807109 0.750997824450
0.163581790895 0.700209484542 0.748289522474
0.164582291146 0.697643289628 0.745573191694
0.165582791396 0.695080359514 0.742848974544
0.166583291646 0.692520828910 0.740117013877
0.167583791896 0.689964830105 0.737377452956
0.168584292146 0.687412492979 0.734630435447
0.169584792396 0.684863945024 0.731876105415
0.170585292646 0.682319311356 0.729114607307
0.171585792896 0.679778714732 0.726346085954
0.172586293147 0.677242275567 0.723570686557
0.173586793397 0.674710111954 0.720788554681
0.174587293647 0.672182339675 0.717999836248
0.175587793897 0.669659072227 0.715204677526
0.176588294147 0.667140420836 0.712403225125
0.177588794397 0.664626494474 0.709595625986
0.178589294647 0.662117399881 0.706782027373
0.179589794897 0.659613241584 0.703962576867
0.180590295148 0.657114121915 0.701137422356
0.181590795398 0.654620141032 0.698306712028
0.182591295648 0.652131396937 0.695470594361
0.183591795898 0.649647985498 0.692629218117
0.184592296148 0.647170000471 0.689782732333
0.185592796398 0.644697533516 0.686931286311
0.186593296648 0.642230674222 0.684075029613
0.187593796898 0.639769510123 0.681214112049
0.188594297149 0.637314126728 0.678348683673
0.189594797399 0.634864607530 0.675478894769
0.190595297649 0.632421034040 0.672604895849
0.191595797899 0.629983485797 0.669726837638
0.192596298149 0.627552040400 0.666844871070
0.193596798399 0.625126773519 0.663959147280
0.194597298649 0.622707758927 0.661069817591
0.195597798899 0.620295068516 0.658177033511
0.196598299150 0.617888772317 0.655280946719
0.197598799400 0.615488938530 0.652381709061
0.198599299650 0.613095633536 0.649479472539
0.199599799900 0.610708921926 0.646574389302
0.200600300150 0.608328866522 0.643666611639
0.201600800400 0.605955528395 0.640756291969
0.202601300650 0.603588966892 0.637843582834
0.203601800900 0.601229239654 0.634928636887
0.204602301151 0.598876402642 0.632011606887
0.205602801401 0.596530510154 0.629092645688
0.206603301651 0.594191614852 0.626171906231
0.207603801901 0.591859767780 0.623249541533
0.208604302151 0.589535018386 0.620325704684
0.209604802401 0.587217414548 0.617400548829
0.210605302651 0.584907002591 0.614474227170
0.211605802901 0.582603827310 0.611546892947
0.212606303152 0.580307931991 0.608618699435
0.213606803402 0.578019358436 0.605689799934
0.214607303652 0.575738146979 0.602760347760
0.215607803902 0.573464336512 0.599830496235
0.216608304152 0.571197964500 0.596900398678
0.217608804402 0.568939067011 0.593970208397
0.218609304652 0.566687678730 0.591040078680
0.219609804902 0.564443832979 0.588110162787
0.220610305153 0.562207561746 0.585180613936
0.221610805403 0.559978895696 0.582251585300
0.222611305653 0.557757864195 0.579323229995
0.223611805903 0.555544495335 0.576395701071
0.224612306153 0.553338815947 0.573469151502
0.225612806403 0.551140851623 0.570543734180
0.226613306653 0.548950626739 0.567619601902
0.227613806903 0.546768164473 0.564696907364
0.228614307154 0.544593486822 0.561775803150
0.229614807404 0.542426614625 0.558856441721
0.230615307654 0.540267567581 0.555938975412
0.231615807904 0.538116364268 0.553023556416
0.232616308154 0.535973022161 0.550110336778
0.233616808404 0.533837557654 0.547199468386
0.234617308654 0.531709986073 0.544291102960
0.235617808904 0.529590321700 0.541385392044
0.236618309155 0.527478577788 0.538482486997
0.237618809405 0.525374766582 0.535582538984
0.238619309655 0.523278899334 0.532685698962
0.239619809905 0.521190986320 0.529792117680
0.240620310155 0.519111036862 0.526901945660
0.241620810405 0.517039059341 0.524015333193
0.242621310655 0.514975061218 0.521132430329
0.243621810905 0.512919049046 0.518253386866
0.244622311156 0.510871028493 0.515378352344
0.245622811406 0.508831004354 0.512507476031
0.246623311656 0.506798980568 0.509640906918
0.247623811906 0.504774960238 0.506778793705
0.248624312156 0.502758945641 0.503921284797
0.249624812406 0.500750938250 0.501068528289
0.250625312656 0.498750938746 0.498220671963
0.251625812906 0.496758947035 0.495377863272
0.252626313157 0.494774962264 0.492540249335
0.253626813407 0.492798982832 0.489707976925
0.254627313657 0.490831006411 0.486881192462
0.255627813907 0.488871029958 0.484060042001
0.256628314157 0.486919049728 0.481244671225
0.257628814407 0.484975061292 0.478435225434
0.258629314657 0.483039059549 0.475631849536
0.259629814907 0.481111038738 0.472834688037
0.260630315158 0.479190992459 0.470043885032
0.261630815408 0.477278913677 0.467259584197
0.262631315658 0.475374794745 0.464481928777
0.263631815908 0.473478627410 0.461711061577
0.264632316158 0.471590402831 0.458947124956
0.265632816408 0.469710111589 0.456190260810
0.266633316658 0.467837743702 0.453440610573
0.267633816908 0.465973288636 0.450698315197
0.268634317159 0.464116735318 0.447963515152
0.269634817409 0.462268072149 0.445236350407
0.270635317659 0.460427287016 0.442516960429
0.271635817909 0.458594367301 0.439805484170
0.272636318159 0.456769299898 0.437102060056
0.273636818409 0.454952071221 0.434406825979
0.274637318659 0.453142667216 0.431719919291
0.275637818909 0.451341073371 0.429041476787
0.276638319160 0.449547274733 0.426371634703
0.277638819410 0.447761255910 0.423710528702
0.278639319660 0.445983001088 0.421058293867
0.279639819910 0.444212494040 0.418415064690
0.280640320160 0.442449718138 0.415780975062
0.281640820410 0.440694656358 0.413156158268
0.282641320660 0.438947291297 0.410540746972
0.283641820910 0.437207605178 0.407934873210
0.284642321161 0.435475579863 0.405338668382
0.285642821411 0.433751196859 0.402752263241
0.286643321661 0.432034437331 0.400175787883
0.287643821911 0.430325282110 0.397609371739
0.288644322161 0.428623711702 0.395053143566
0.289644822411 0.426929706298 0.392507231436
0.290645322661 0.425243245780 0.389971762728
0.291645822911 0.423564309734 0.387446864119
0.292646323162 0.421892877455 0.384932661572
0.293646823412 0.420228927959 0.382429280331
0.294647323662 0.418572439987 0.379936844907
0.295647823912 0.416923392015 0.377455479074
0.296648324162 0.415281762266 0.374985305855
0.297648824412 0.413647528710 0.372526447514
0.298649324662 0.412020669080 0.370079025551
0.299649824912 0.410401160872 0.367643160684
0.300650325163 0.408788981360 0.365218972850
0.301650825413 0.407184107596 0.362806581189
0.302651325663 0.405586516424 0.360406104034
0.303651825913 0.403996184481 0.358017658910
0.304652326163 0.402413088211 0.355641362515
0.305652826413 0.400837203862 0.353277330717
0.306653326663 0.399268507505 0.350925678544
0.307653826913 0.397706975028 0.348586520173
0.308654327164 0.396152582154 0.346259968922
0.309654827414 0.394605304438 0.343946137242
0.310655327664 0.393065117280 0.341645136707
0.311655827914 0.391531995926 0.339357078005
0.312656328164 0.390005915479 0.337082070928
0.313656828414 0.388486850900 0.334820224366
0.314657328664 0.386974777017 0.332571646295
0.315657828914 0.385469668532 0.330336443770
0.316658329165 0.383971500020 0.328114722915
0.317658829415 0.382480245944 0.325906588914
0.318659329665 0.380995880650 0.323712146005
0.319659829915 0.379518378382 0.321531497467
0.320660330165 0.378047713280 0.319364745612
0.321660830415 0.376583859390 0.317211991781
0.322661330665 0.375126790664 0.315073336329
0.323661830915 0.373676480971 0.312948878620
0.324662331166 0.372232904095 0.310838717016
0.325662831416 0.370796033745 0.308742948870
0.326663331666 0.369365843558 0.306661670519
0.327663831916 0.367942307103 0.304594977271
0.328664332166 0.366525397883 0.302542963399
0.329664832416 0.365115089346 0.300505722134
0.330665332666 0.363711354882 0.298483345652
0.331665832916 0.362314167831 0.296475925071
0.332666333167 0.360923501488 0.294483550439
0.333666833417 0.359539329103 0.292506310725
0.334667333667 0.358161623888 0.290544293813
0.335667833917 0.356790359020 0.288597586492
0.336668334167 0.355425507644 0.286666274451
0.337668834417 0.354067042879 0.284750442264
0.338669334667 0.352714937818 0.282850173389
0.339669834917 0.351369165534 0.280965550154
0.340670335168 0.350029699084 0.279096653753
0.341670835418 0.348696511509 0.277243564236
0.342671335668 0.347369575840 0.275406360501
0.343671835918 0.346048865101 0.273585120286
0.344672336168 0.344734352312 0.271779920159
0.345672836418 0.343426010492 0.269990835516
0.346673336668 0.342123812659 0.268217940565
0.347673836918 0.340827731839 0.266461308325
0.348674337169 0.339537741063 0.264721010614
0.349674837419 0.338253813375 0.262997118041
0.350675337669 0.336975921828 0.261289700001
0.351675837919 0.335704039495 0.259598824667
0.352676338169 0.334438139463 0.257924558978
0.353676838419 0.333178194843 0.256266968636
0.354677338669 0.331924178768 0.254626118097
0.355677838919 0.330676064396 0.253002070562
0.356678339170 0.329433824915 0.251394887972
0.357678839420 0.328197433539 0.249804630998
0.358679339670 0.326966863520 0.248231359034
0.359679839920 0.325742088142 0.246675130191
0.360680340170 0.324523080724 0.245136001289
0.361680840420 0.323309814627 0.243614027848
0.362681340670 0.322102263251 0.242109264084
0.363681840920 0.320900400041 0.240621762899
0.364682341171 0.319704198485 0.239151575875
0.365682841421 0.318513632117 0.237698753265
0.366683341671 0.317328674522 0.236263343991
0.367683841921 0.316149299333 0.234845395629
0.368684342171 0.314975480237 0.233444954409
0.369684842421 0.313807190973 0.232062065206
0.370685342671 0.312644405337 0.230696771532
0.371685842921 0.311487097180 0.229349115530
0.372686343172 0.310335240414 0.228019137965
0.373686843422 0.309188809008 0.226706878221
0.374687343672 0.308047776996 0.225412374295
0.375687843922 0.306912118471 0.224135662783
0.376688344172 0.305781807594 0.222876778881
0.377688844422 0.304656818589 0.221635756378
0.378689344672 0.303537125749 0.220412627643
0.379689844922 0.302422703433 0.219207423626
0.380690345173 0.301313526071 0.218020173849
0.381690845423 0.300209568163 0.216850906397
0.382691345673 0.299110804282 0.215699647917
0.383691845923 0.298017209073 0.214566423607
0.384692346173 0.296928757253 0.213451257213
0.385692846423 0.295845423618 0.212354171021
0.386693346673 0.294767183038 0.211275185852
0.387693846923 0.293694010459 0.210214321058
0.388694347174 0.292625880907 0.209171594512
0.389694847424 0.291562769487 0.208147022603
0.390695347674 0.290504651381 0.207140620236
0.391695847924 0.289451501855 0.206152400818
0.392696348174 0.288403296255 0.205182376258
0.393696848424 0.287360010010 0.204230556959
0.394697348674 0.286321618631 0.203296951814
0.395697848924 0.285288097714 0.202381568200
0.396698349175 0.284259422938 0.201484411971
0.397698849425 0.283235570069 0.200605487456
0.398699349675 0.282216514959 0.199744797451
0.399699849925 0.281202233545 0.198902343215
0.400700350175 0.280192701851 0.198078124466
0.401700850425 0.279187895992 0.197272139373
0.402701350675 0.278187792168 0.196484384555
0.403701850925 0.277192366668 0.195714855072
0.404702351176 0.276201595873 0.194963544423
0.405702851426 0.275215456250 0.194230444541
0.406703351676 0.274233924361 0.193515545787
0.407703851926 0.273256976855 0.192818836948
0.408704352176 0.272284590474 0.192140305229
0.409704852426 0.271316742052 0.191479936251
0.410705352676 0.270353408512 0.190837714047
0.411705852926 0.269394566874 0.190213621056
0.412706353177 0.268440194247 0.189607638120
0.413706853427 0.267490267835 0.189019744478
0.414707353677 0.266544764935 0.188449917765
0.415707853927 0.265603662937 0.187898134007
0.416708354177 0.264666939326 0.187364367616
0.417708854427 0.263734571680 0.186848591386
0.418709354677 0.262806537673 0.186350776491
0.419709854927 0.261882815072 0.185870892481
0.420710355178 0.260963381740 0.185408907278
0.421710855428 0.260048215634 0.184964787170
0.422711355678 0.259137294808 0.184538496813
0.423711855928 0.258230597410 0.184129999224
0.424712356178 0.257328101683 0.183739255779
0.425712856428 0.256429785968 0.183366226207
0.426713356678 0.255535628698 0.183010868593
0.427713856928 0.254645608406 0.182673139369
0.428714357179 0.253759703718 0.182352993315
0.429714857429 0.252877893358 0.182050383554
0.430715357679 0.252000156144 0.181765261550
0.431715857929 0.251126470992 0.181497577105
0.432716358179 0.250256816913 0.181247278360
0.433716858429 0.249391173015 0.181014311785
0.434717358679 0.248529518502 0.180798622185
0.435717858929 0.247671832673 0.180600152693
0.436718359180 0.246818094924 0.180418844767
0.437718859430 0.245968284749 0.180254638193
0.438719359680 0.245122381735 0.180107471077
0.439719859930 0.244280365567 0.179977279847
0.440720360180 0.243442216025 0.179863999251
0.441720860430 0.242607912987 0.179767562353
0.442721360680 0.241777436423 0.179687900535
0.443721860930 0.240950766402 0.179624943492
0.444722361181 0.240127883089 0.179578619231
0.445722861431 0.239308766742 0.179548854074
0.446723361681 0.238493397715 0.179535572650
0.447723861931 0.237681756461 0.179538697902
0.448724362181 0.236873823523 0.179558151076
0.449724862431 0.236069579542 0.179593851730
0.450725362681 0.235269005253 0.179645717728
0.451725862931 0.234472081488 0.179713665239
0.452726363182 0.233678789170 0.179797608738
0.453726863432 0.232889109319 0.179897461007
0.454727363682 0.232103023048 0.180013133131
0.455727863932 0.231320511566 0.180144534499
0.456728364182 0.230541556172 0.180291572806
0.457728864432 0.229766138264 0.180454154051
0.458729364682 0.228994239329 0.180632182537
0.459729864932 0.228225840950 0.180825560872
0.460730365183 0.227460924801 0.181034189969
0.461730865433 0.226699472652 0.181257969045
0.462731365683 0.225941466361 0.181496795626
0.463731865933 0.225186887882 0.181750565541
0.464732366183 0.224435719262 0.182019172927
0.465732866433 0.223687942635 0.182302510231
0.466733366683 0.222943540232 0.182600468206
0.467733866933 0.222202494373 0.182912935917
0.468734367184 0.221464787468 0.183239800740
0.469734867434 0.220730402020 0.183580948363
0.470735367684 0.219999320623 0.183936262787
0.471735867934 0.219271525959 0.184305626331
0.472736368184 0.218547000801 0.184688919629
0.473736868434 0.217825728014 0.185086021634
0.474737368684 0.217107690549 0.185496809622
0.475737868934 0.216392871449 0.185921159188
0.476738369185 0.215681253844 0.186358944255
0.477738869435 0.214972820954 0.186810037072
0.478739369685 0.214267556088 0.187274308218
0.479739869935 0.213565442640 0.187751626604
0.480740370185 0.212866464096 0.188241859474
0.481740870435 0.212170604025 0.188744872412
0.482741370685 0.211477846087 0.189260529341
0.483741870935 0.210788174027 0.189788692528
0.484742371186 0.210101571676 0.190329222584
0.485742871436 0.209418022953 0.190881978473
0.486743371686 0.208737511861 0.191446817511
0.487743871936 0.208060022490 0.192023595368
0.488744372186 0.207385539014 0.192612166079
0.489744872436 0.206714045693 0.193212382038
0.490745372686 0.206045526872 0.193824094011
0.491745872936 0.205379966978 0.194447151133
0.492746373187 0.204717350524 0.195081400917
0.493746873437 0.204057662105 0.195726689255
0.494747373687 0.203400886402 0.196382860425
0.495747873937 0.202747008176 0.197049757094
0.496748374187 0.202096012271 0.197727220323
0.497748874437 0.201447883616 0.198415089571
0.498749374687 0.200802607217 0.199113202703
0.499749874937 0.200160168167 0.199821395991
0.500750375188 0.199520551635 0.200539504124
0.501750875438 0.198883742876 0.201267360208
0.502751375688 0.198249727221 0.202004795775
0.503751875938 0.197618490083 0.202751640789
0.504752376188 0.196990016957 0.203507723650
0.505752876438 0.196364293413 0.204272871202
0.506753376688 0.195741305103 0.205046908734
0.507753876938 0.195121037758 0.205829659996
0.508754377189 0.194503477187 0.206620947195
0.509754877439 0.193888609275 0.207420591007
0.510755377689 0.193276419988 0.208228410584
0.511755877939 0.192666895366 0.209044223560
0.512756378189 0.192060021529 0.209867846055
0.513756878439 0.191455784673 0.210699092686
0.514757378689 0.190854171068 0.211537776575
0.515757878939 0.190255167062 0.212383709353
0.516758379190 0.189658759079 0.213236701167
0.517758879440 0.189064933616 0.214096560694
0.518759379690 0.188473677247 0.214963095141
0.519759879940 0.187884976620 0.215836110259
0.520760380190 0.187298818457 0.216715410349
0.521760880440 0.186715189553 0.217600798269
0.522761380690 0.186134076776 0.218492075445
0.523761880940 0.185555467071 0.219389041878
0.524762381191 0.184979347450 0.220291496154
0.525762881441 0.184405705002 0.221199235453
0.526763381691 0.183834526885 0.222112055555
0.527763881941 0.183265800331 0.223029750855
0.528764382191 0.182699512641 0.223952114367
0.529764882441 0.182135651190 0.224878937738
0.530765382691 0.181574203419 0.225810011254
0.531765882941 0.181015156845 0.226745123853
0.532766383192 0.180458499049 0.227684063134
0.533766883442 0.179904217686 0.228626615366
0.534767383692 0.179352300478 0.229572565501
0.535767883942 0.178802735216 0.230521697183
0.536768384192 0.178255509760 0.231473792759
0.537768884442 0.177710612038 0.232428633290
0.538769384692 0.177168030046 0.233385998562
0.539769884942 0.176627751846 0.234345667099
0.540770385193 0.176089765569 0.235307416171
0.541770885443 0.175554059412 0.236271021808
0.542771385693 0.175020621638 0.237236258814
0.543771885943 0.174489440575 0.238202900774
0.544772386193 0.173960504619 0.239170720069
0.545772886443 0.173433802231 0.240139487889
0.546773386693 0.172909321935 0.241108974243
0.547773886943 0.172387052321 0.242078947977
0.548774387194 0.171866982043 0.243049176778
0.549774887444 0.171349099819 0.244019427196
0.550775387694 0.170833394432 0.244989464652
0.551775887944 0.170319854725 0.245959053454
0.552776388194 0.169808469607 0.246927956808
0.553776888444 0.169299228049 0.247895936835
0.554777388694 0.168792119083 0.248862754581
0.555777888944 0.168287131803 0.249828170037
0.556778389195 0.167784255366 0.250791942145
0.557778889445 0.167283478990 0.251753828823
0.558779389695 0.166784791952 0.252713586968
0.559779889945 0.166288183592 0.253670972483
0.560780390195 0.165793643309 0.254625740280
0.561780890445 0.165301160562 0.255577644307
0.562781390695 0.164810724870 0.256526437553
0.563781890945 0.164322325810 0.257471872072
0.564782391196 0.163835953020 0.258413698993
0.565782891446 0.163351596195 0.259351668540
0.566783391696 0.162869245089 0.260285530045
0.567783891946 0.162388889514 0.261215031967
0.568784392196 0.161910519339 0.262139921908
0.569784892446 0.161434124491 0.263059946629
0.570785392696 0.160959694953 0.263974852067
0.571785892946 0.160487220766 0.264884383353
0.572786393197 0.160016692027 0.265788284830
0.573786893447 0.159548098889 0.266686300069
0.574787393697 0.159081431559 0.267578171887
0.575787893947 0.158616680302 0.268463642368
0.576788394197 0.158153835437 0.269342452876
0.577788894447 0.157692887338 0.270214344078
0.578789394697 0.157233826433 0.271079055960
0.579789894947 0.156776643205 0.271936327848
0.580790395198 0.156321328190 0.272785898425
0.581790895448 0.155867871977 0.273627505751
0.582791395698 0.155416265210 0.274460887282
0.583791895948 0.154966498586 0.275285779892
0.584792396198 0.154518562852 0.276101919890
0.585792896448 0.154072448811 0.276909043040
0.586793396698 0.153628147315 0.277706884585
0.587793896948 0.153185649268 0.278495179263
0.588794397199 0.152744945629 0.279273661330
0.589794897449 0.152306027403 0.280042064582
0.590795397699 0.151868885649 0.280800122374
0.591795897949 0.151433511477 0.281547567642
0.592796398199 0.150999896046 0.282284132925
0.593796898449 0.150568030564 0.283009550386
0.594797398699 0.150137906291 0.283723551836
0.595797898949 0.149709514536 0.284425868754
0.596798399200 0.149282846654 0.285116232311
0.597798899450 0.148857894054 0.285794373391
0.598799399700 0.148434648189 0.286460022616
0.599799899950 0.148013100564 0.287112910368
0.600800400200 0.147593242728 0.287752766813
0.601800900450 0.147175066281 0.288379321922
0.602801400700 0.146758562870 0.288992305499
0.603801900950 0.146343724187 0.289591447202
0.604802401201 0.145930541973 0.290176476570
0.605802901451 0.145519008015 0.290747123043
0.606803401701 0.145109114146 0.291303115990
0.607803901951 0.144700852247 0.291844184736
0.608804402201 0.144294214240 0.292370058582
0.609804902451 0.143889192099 0.292880466834
0.610805402701 0.143485777838 0.293375138827
0.611805902951 0.143083963518 0.293853803953
0.612806403202 0.142683741245 0.294316191685
0.613806903452 0.142285103170 0.294762031603
0.614807403702 0.141888041486 0.295191053424
0.615807903952 0.141492548433 0.295602987026
0.616808404202 0.141098616291 0.295997562473
0.617808904452 0.140706237387 0.296374510049
0.618809404702 0.140315404089 0.296733560279
0.619809904952 0.139926108808 0.297074443960
0.620810405203 0.139538343999 0.297396892188
0.621810905453 0.139152102159 0.297700636388
0.622811405703 0.138767375826 0.297985408341
0.623811905953 0.138384157581 0.298250940212
0.624812406203 0.138002440046 0.298496964580
0.625812906453 0.137622215884 0.298723214469
0.626813406703 0.137243477802 0.298929423375
0.627813906953 0.136866218545 0.299115325297
0.628814407204 0.136490430899 0.299280654766
0.629814907454 0.136116107692 0.299425146877
0.630815407704 0.135743241790 0.299548537318
0.631815907954 0.135371826101 0.299650562402
0.632816408204 0.135001853572 0.299730959098
0.633816908454 0.134633317189 0.299789465059
0.634817408704 0.134266209978 0.299825818660
0.635817908954 0.133900525003 0.299839759024
0.636818409205 0.133536255368 0.299831026056
0.637818909455 0.133173394215 0.299799360477
0.638819409705 0.132811934725 0.299744503855
0.639819909955 0.132451870115 0.299666198636
0.640820410205 0.132093193642 0.299564188182
0.641820910455 0.131735898600 0.299438216801
0.642821410705 0.131379978321 0.299288029780
0.643821910955 0.131025426173 0.299113373420
0.644822411206 0.130672235561 0.298913995073
0.645822911456 0.130320399928 0.298689643172
0.646823411706 0.129969912753 0.298440067267
0.647823911956 0.129620767551 0.298165018061
0.648824412206 0.129272957874 0.297864247447
0.649824912456 0.128926477307 0.297537508538
0.650825412706 0.128581319475 0.297184555709
0.651825912956 0.128237478035 0.296805144628
0.652826413207 0.127894946682 0.296399032298
0.653826913457 0.127553719143 0.295965977086
0.654827413707 0.127213789182 0.295505738768
0.655827913957 0.126875150597 0.295018078561
0.656828414207 0.126537797220 0.294502759161
0.657828914457 0.126201722918 0.293959544784
0.658829414707 0.125866921592 0.293388201199
0.659829914957 0.125533387176 0.292788495772
0.660830415208 0.125201113638 0.292160197499
0.661830915458 0.124870094979 0.291503077050
0.662831415708 0.124540325234 0.290816906803
0.663831915958 0.124211798470 0.290101460890
0.664832416208 0.123884508789 0.289356515228
0.665832916458 0.123558450321 0.288581847568
0.666833416708 0.123233617234 0.287777237531
0.667833916958 0.122910003725 0.286942466647
0.668834417209 0.122587604022 0.286077318398
0.669834917459 0.122266412388 0.285181578262
0.670835417709 0.121946423115 0.284255033748
0.671835917959 0.121627630528 0.283297474444
0.672836418209 0.121310028982 0.282308692054
0.673836918459 0.120993612865 0.281288480445
0.674837418709 0.120678376594 0.280236635687
0.675837918959 0.120364314616 0.279152956096
0.676838419210 0.120051421412 0.278037242277
0.677838919460 0.119739691489 0.276889297171
0.678839419710 0.119429119388 0.275708926093
0.679839919960 0.119119699678 0.274495936782
0.680840420210 0.118811426957 0.273250139443
0.681840920460 0.118504295854 0.271971346788
0.682841420710 0.118198301027 0.270659374090
0.683841920960 0.117893437164 0.269314039220
0.684842421211 0.117589698980 0.267935162697
0.685842921461 0.117287081222 0.266522567732
0.686843421711 0.116985578662 0.265076080277
0.687843921961 0.116685186104 0.263595529068
0.688844422211 0.116385898378 0.262080745677
0.689844922461 0.116087710344 0.260531564552
0.690845422711 0.115790616888 0.258947823074
0.691845922961 0.115494612926 0.257329361594
0.692846423212 0.115199693401 0.255676023492
0.693846923462 0.114905853281 0.253987655217
0.694847423712 0.114613087567 0.252264106341
0.695847923962 0.114321391281 0.250505229607
0.696848424212 0.114030759476 0.248710880977
0.697848924462 0.113741187231 0.246880919683
0.698849424712 0.113452669651 0.245015208278
0.699849924962 0.113165201868 0.243113612684
0.700850425213 0.112878779041 0.241176002245
0.701850925463 0.112593396354 0.239202249779
0.702851425713 0.112309049018 0.237192231625
0.703851925963 0.112025732271 0.235145827700
0.704852426213 0.111743441373 0.233062921548
0.705852926463 0.111462171614 0.230943400394
0.706853426713 0.111181918308 0.228787155193
0.707853926963 0.110902676792 0.226594080691
0.708854427214 0.110624442431 0.224364075469
0.709854927464 0.110347210615 0.222097042005
0.710855427714 0.110070976756 0.219792886722
0.711855927964 0.109795736294 0.217451520045
0.712856428214 0.109521484692 0.215072856459
0.713856928464 0.109248217438 0.212656814556
0.714857428714 0.108975930043 0.210203317100
0.715857928964 0.108704618044 0.207712291074
0.716858429215 0.108434277000 0.205183667744
0.717858929465 0.108164902496 0.202617382709
0.718859429715 0.107896490138 0.200013375962
0.719859929965 0.107629035559 0.197371591946
0.720860430215 0.107362534413 0.194691979611
0.721860930465 0.107096982377 0.191974492473
0.722861430715 0.106832375153 0.189219088670
0.723861930965 0.106568708464 0.186425731025
0.724862431216 0.106305978058 0.183594387098
0.725862931466 0.106044179703 0.180725029254
0.726863431716 0.105783309193 0.177817634715
0.727863931966 0.105523362341 0.174872185624
0.728864432216 0.105264334985 0.171888669105
0.729864932466 0.105006222984 0.168867077321
0.730865432716 0.104749022218 0.165807407540
0.731865932966 0.104492728592 0.162709662193
0.732866433217 0.104237338029 0.159573848935
0.733866933467 0.103982846478 0.156399980711
0.734867433717 0.103729249905 0.153188075814
0.735867933967 0.103476544300 0.149938157952
0.736868434217 0.103224725674 0.146650256308
0.737868934467 0.102973790059 0.143324405605
0.738869434717 0.102723733508 0.139960646172
0.739869934967 0.102474552095 0.136559024004
0.740870435218 0.102226241915 0.133119590830
0.741870935468 0.101978799083 0.129642404178
0.742871435718 0.101732219734 0.126127527439
0.743871935968 0.101486500026 0.122575029933
0.744872436218 0.101241636134 0.118984986976
0.745872936468 0.100997624256 0.115357479948
0.746873436718 0.100754460609 0.111692596357
0.747873936968 0.100512141428 0.107990429908
0.748874437219 0.100270662972 0.104251080570
0.749874937469 0.100030021515 0.100474654645
0.750875437719 0.099790213354 0.096661264837
0.751875937969 0.099551234805 0.092811030319
0.752876438219 0.099313082201 0.088924076803
0.753876938469 0.099075751898 0.085000536612
0.754877438719 0.098839240267 0.081040548745
0.755877938969 0.098603543701 0.077044258953
0.756878439220 0.098368658611 0.073011819806
0.757878939470 0.098134581427 0.068943390766
0.758879439720 0.097901308597 0.064839138257
0.759879939970 0.097668836588 0.060699235741
0.760880440220 0.097437161885 0.056523863783
0.761880940470 0.097206280993 0.052313210132
0.762881440720 0.096976190434 0.048067469789
0.763881940970 0.096746886747 0.043786845082
0.764882441221 0.096518366491 0.039471545740
0.765882941471 0.096290626242 0.035121788969
0.766883441721 0.096063662594 0.030737799522
0.767883941971 0.095837472159 0.026319809780
0.768884442221 0.095612051566 0.021868059823
0.769884942471 0.095387397461 0.017382797510
0.770885442721 0.095163506510 0.012864278553
0.771885942971 0.094940375392 0.008312766591
0.772886443222 0.094718000808 0.003728533275
0.773886943472 0.094496379472 -0.000888141662
0.774887443722 0.094275508119 -0.005536970324
0.775887943972 0.094055383496 -0.010217656572
0.776888444222 0.093836002371 -0.014929895949
0.777888944472 0.093617361527 -0.019673375595
0.778889444722 0.093399457764 -0.024447774175
0.779889944972 0.093182287898 -0.029252761791
0.780890445223 0.092965848762 -0.034087999908
0.781890945473 0.092750137204 -0.038953141267
0.782891445723 0.092535150091 -0.043847829811
0.783891945973 0.092320884303 -0.048771700595
0.784892446223 0.092107336737 -0.053724379711
0.785892946473 0.091894504308 -0.058705484200
0.786893446723 0.091682383943 -0.063714621972
0.787893946973 0.091470972589 -0.068751391723
0.788894447224 0.091260267206 -0.073815382849
0.789894947474 0.091050264769 -0.078906175360
0.790895447724 0.090840962271 -0.084023339802
0.791895947974 0.090632356719 -0.089166437164
0.792896448224 0.090424445134 -0.094335018798
0.793896948474 0.090217224554 -0.099528626330
0.794897448724 0.090010692033 -0.104746791575
0.795897948974 0.089804844638 -0.109989036448
0.796898449225 0.089599679450 -0.115254872880
0.797898949475 0.089395193569 -0.120543802727
0.798899449725 0.089191384106 -0.125855317683
0.799899949975 0.088988248187 -0.131188899191
0.800900450225 0.088785782956 -0.136544018355
0.801900950475 0.088583985567 -0.141920135849
0.802901450725 0.088382853191 -0.147316701829
0.803901950975 0.088182383014 -0.152733155839
0.804902451226 0.087982572233 -0.158168926724
0.805902951476 0.087783418064 -0.163623432535
0.806903451726 0.087584917732 -0.169096080440
0.807903951976 0.087387068480 -0.174586266632
0.808904452226 0.087189867562 -0.180093376233
0.809904952476 0.086993312249 -0.185616783203
0.810905452726 0.086797399823 -0.191155850249
0.811905952976 0.086602127581 -0.196709928725
0.812906453227 0.086407492834 -0.202278358542
0.813906953477 0.086213492904 -0.207860468071
0.814907453727 0.086020125131 -0.213455574049
0.815907953977 0.085827386864 -0.219062981483
0.816908454227 0.085635275467 -0.224681983551
0.817908954477 0.085443788318 -0.230311861507
0.818909454727 0.085252922808 -0.235951884587
0.819909954977 0.085062676340 -0.241601309904
0.820910455228 0.084873046330 -0.247259382356
0.821910955478 0.084684030209 -0.252925334524
0.822911455728 0.084495625418 -0.258598386575
0.823911955978 0.084307829413 -0.264277746160
0.824912456228 0.084120639661 -0.269962608316
0.825912956478 0.083934053644 -0.275652155363
0.826913456728 0.083748068854 -0.281345556808
0.827913956978 0.083562682797 -0.287041969235
0.828914457229 0.083377892992 -0.292740536211
0.829914957479 0.083193696967 -0.298440388179
0.830915457729 0.083010092267 -0.304140642358
0.831915957979 0.082827076446 -0.309840402635
0.832916458229 0.082644647072 -0.315538759467
0.833916958479 0.082462801723 -0.321234789772
0.834917458729 0.082281537990 -0.326927556826
0.835917958979 0.082100853477 -0.332616110155
0.836918459230 0.081920745798 -0.338299485435
0.837918959480 0.081741212581 -0.343976704380
0.838919459730 0.081562251465 -0.349646774635
0.839919959980 0.081383860098 -0.355308689674
0.840920460230 0.081206036143 -0.360961428688
0.841920960480 0.081028777274 -0.366603956475
0.842921460730 0.080852081175 -0.372235223337
0.843921960980 0.080675945542 -0.377854164965
0.844922461231 0.080500368084 -0.383459702331
0.845922961481 0.080325346518 -0.389050741579
0.846923461731 0.080150878576 -0.394626173914
0.847923961981 0.079976961997 -0.400184875489
0.848924462231 0.079803594536 -0.405725707293
0.849924962481 0.079630773955 -0.411247515040
0.850925462731 0.079458498028 -0.416749129058
0.851925962981 0.079286764540 -0.422229364169
0.852926463232 0.079115571289 -0.427687019584
0.853926963482 0.078944916080 -0.433120878781
0.854927463732 0.078774796732 -0.438529709395
0.855927963982 0.078605211072 -0.443912263098
0.856928464232 0.078436156939 -0.449267275490
0.857928964482 0.078267632184 -0.454593465975
0.858929464732 0.078099634665 -0.459889537649
0.859929964982 0.077932162254 -0.465154177179
0.860930465233 0.077765212831 -0.470386054690
0.861930965483 0.077598784286 -0.475583823641
0.862931465733 0.077432874522 -0.480746120709
0.863931965983 0.077267481449 -0.485871565669
0.864932466233 0.077102602990 -0.490958761272
0.865932966483 0.076938237075 -0.496006293129
0.866933466733 0.076774381648 -0.501012729585
0.867933966983 0.076611034659 -0.505976621599
0.868934467234 0.076448194070 -0.510896502622
0.869934967484 0.076285857852 -0.515770888476
0.870935467734 0.076124023987 -0.520598277227
0.871935967984 0.075962690466 -0.525377149063
0.872936468234 0.075801855290 -0.530105966172
0.873936968484 0.075641516468 -0.534783172613
0.874937468734 0.075481672021 -0.539407194192
0.875937968984 0.075322319979 -0.543976438339
0.876938469235 0.075163458380 -0.548489293977
0.877938969485 0.075005085272 -0.552944131397
0.878939469735 0.074847198714 -0.557339302131
0.879939969985 0.074689796773 -0.561673138823
0.880940470235 0.074532877524 -0.565943955101
0.881940970485 0.074376439054 -0.570150045447
0.882941470735 0.074220479457 -0.574289685068
0.883941970985 0.074064996838 -0.578361129763
0.884942471236 0.073909989308 -0.582362615797
0.885942971486 0.073755454991 -0.586292359766
0.886943471736 0.073601392016 -0.590148558466
0.887943971986 0.073447798525 -0.593929388759
0.888944472236 0.073294672665 -0.597633007444
0.889944972486 0.073142012595 -0.601257551117
0.890945472736 0.072989816480 -0.604801136043
0.891945972986 0.072838082496 -0.608261858018
0.892946473237 0.072686808826 -0.611637792233
0.893946973487 0.072535993663 -0.614926993140
0.894947473737 0.072385635208 -0.618127494316
0.895947973987 0.072235731670 -0.621237308323
0.896948474237 0.072086281268 -0.624254426573
0.897948974487 0.071937282227 -0.627176819187
0.898949474737 0.071788732783 -0.630002434861
0.899949974987 0.071640631178 -0.632729200723
0.900950475238 0.071492975665 -0.635355022191
0.901950975488 0.071345764502 -0.637877782840
0.902951475738 0.071198995959 -0.640295344253
0.903951975988 0.071052668311 -0.642605545884
0.904952476238 0.070906779842 -0.644806204914
0.905952976488 0.070761328844 -0.646895116109
0.906953476738 0.070616313619 -0.648870051675
0.907953976988 0.070471732474 -0.650728761118
0.908954477239 0.070327583726 -0.652468971094
0.909954977489 0.070183865699 -0.654088385267
0.910955477739 0.070040576725 -0.655584684165
0.911955977989 0.069897715145 -0.656955525028
0.912956478239 0.069755279305 -0.658198541668
0.913956978489 0.069613267561 -0.659311344317
0.914957478739 0.069471678276 -0.660291519478
0.915957978989 0.069330509822 -0.661136629781
0.916958479240 0.069189760576 -0.661844213829
0.917958979490 0.069049428925 -0.662411786051
0.918959479740 0.068909513261 -0.662836836551
0.919959979990 0.068770011987 -0.663116830956
0.920960480240 0.068630923510 -0.663249210264
0.921960980490 0.068492246246 -0.663231390693
0.922961480740 0.068353978619 -0.663060763529
0.923961980990 0.068216119059 -0.662734694970
0.924962481241 0.068078666003 -0.662250525971
0.925962981491 0.067941617898 -0.661605572093
0.926963481741 0.067804973195 -0.660797123348
0.927963981991 0.067668730354 -0.659822444036
0.928964482241 0.067532887841 -0.658678772598
0.929964982491 0.067397444130 -0.657363321450
0.930965482741 0.067262397702 -0.655873276833
0.931965982991 0.067127747044 -0.654205798648
0.932966483242 0.066993490652 -0.652358020302
0.933966983492 0.066859627027 -0.650327048544
0.934967483742 0.066726154677 -0.648109963308
0.935967983992 0.066593072119 -0.645703817552
0.936968484242 0.066460377874 -0.643105637093
0.937968984492 0.066328070472 -0.640312420450
0.938969484742 0.066196148449 -0.637321138675
0.939969984992 0.066064610346 -0.634128735197
0.940970485243 0.065933454714 -0.630732125650
0.941970985493 0.065802680108 -0.627128197715
0.942971485743 0.065672285091 -0.623313810950
0.943971985993 0.065542268233 -0.619285796629
0.944972486243 0.065412628108 -0.615040957568
0.945972986493 0.065283363299 -0.610576067965
0.946973486743 0.065154472394 -0.605887873228
0.947973986993 0.065025953990 -0.600973089810
0.948974487244 0.064897806687 -0.595828405034
0.949974987494 0.064770029093 -0.590450476928
0.950975487744 0.064642619823 -0.584835934055
0.951975987994 0.064515577497 -0.578981375338
0.952976488244 0.064388900742 -0.572883369890
0.953976988494 0.064262588191 -0.566538456845
0.954977488744 0.064136638484 -0.559943145178
0.955977988994 0.064011050265 -0.553093913539
0.956978489245 0.063885822187 -0.545987210071
0.957978989495 0.063760952908 -0.538619452241
0.958979489745 0.063636441090 -0.530987026662
0.959979989995 0.063512285404 -0.523086288916
0.960980490245 0.063388484527 -0.514913563378
0.961980990495 0.063265037139 -0.506465143039
0.962981490745 0.063141941928 -0.497737289325
0.963981990995 0.063019197589 -0.488726231920
0.964982491246 0.062896802821 -0.479428168588
0.965982991496 0.062774756329 -0.469839264989
0.966983491746 0.062653056825 -0.459955654499
0.967983991996 0.062531703026 -0.449773438030
0.968984492246 0.062410693654 -0.439288683848
0.969984992496 0.062290027439 -0.428497427385
0.970985492746 0.062169703115 -0.417395671063
0.971985992996 0.062049719422 -0.405979384104
0.972986493247 0.061930075104 -0.394244502344
0.973986993497 0.061810768915 -0.382186928053
0.974987493747 0.061691799610 -0.369802529744
0.975987993997 0.061573165953 -0.357087141988
0.976988494247 0.061454866710 -0.344036565224
0.977988994497 0.061336900655 -0.330646565573
0.978989494747 0.061219266569 -0.316912874646
0.979989994997 0.061101963233 -0.302831189359
0.980990495248 0.060984989440 -0.288397171737
0.981990995498 0.060868343983 -0.273606448725
0.982991495748 0.060752025664 -0.258454611997
0.983991995998 0.060636033288 -0.242937217762
0.984992496248 0.060520365666 -0.227049786572
0.985992996498 0.060405021615 -0.210787803125
0.986993496748 0.060289999957 -0.194146716075
0.987993996998 0.060175299518 -0.177121937833
0.988994497249 0.060060919132 -0.159708844371
0.989994997499 0.059946857634 -0.141902775026
0.990995497749 0.059833113868 -0.123699032304
0.991995997999 0.059719686681 -0.105092881678
0.992996498249 0.059606574926 -0.086079551392
0.993996998499 0.059493777460 -0.066654232262
0.994997498749 0.059381293147 -0.046812077472
0.995997998999 0.059269120854 -0.026548202375
0.996998499250 0.059157259453 -0.005857684293
0.997998999500 0.059045707824 0.015264437690
0.998999499750 0.058934464847 0.036823162926
1.000000000000 0.058823529412 0.058823529412
