2020.500000 1015.359375
2020.518750 1019.673306
2020.537500 1023.746725
2020.556250 1027.584850
2020.575000 1031.192851
2020.593750 1034.575853
2020.612500 1037.738935
2020.631250 1040.687130
2020.650000 1043.425423
2020.668750 1045.958755
2020.687500 1048.292019
2020.706250 1050.430062
2020.725000 1052.377687
2020.743750 1054.139647
2020.762500 1055.720652
2020.781250 1057.125364
2020.800000 1058.358400
2020.818750 1059.424330
2020.837500 1060.327677
2020.856250 1061.072920
2020.875000 1061.664490
2020.893750 1062.106772
2020.912500 1062.404104
2020.931250 1062.560781
2020.950000 1062.581048
2020.968750 1062.469106
2020.987500 1062.229109
2021.006250 1061.865165
2021.025000 1061.381335
2021.043750 1060.781635
2021.062500 1060.070034
2021.081250 1059.250455
2021.100000 1058.326775
2021.118750 1057.302824
2021.137500 1056.182387
2021.156250 1054.969202
2021.175000 1053.666960
2021.193750 1052.279308
2021.212500 1050.809844
2021.231250 1049.262122
2021.250000 1047.639648
2021.268750 1045.945885
2021.287500 1044.184245
2021.306250 1042.358098
2021.325000 1040.470765
2021.343750 1038.525522
2021.362500 1036.525599
2021.381250 1034.474179
2021.400000 1032.374400
2021.418750 1030.229352
2021.437500 1028.042080
2021.456250 1025.815582
2021.475000 1023.552812
2021.493750 1021.256674
2021.512500 1018.930028
2021.531250 1016.575689
2021.550000 1014.196423
2021.568750 1011.794952
2021.587500 1009.373951
2021.606250 1006.936048
2021.625000 1004.483826
2021.643750 1002.019820
2021.662500 999.546522
2021.681250 997.066374
2021.700000 994.581775
2021.718750 992.095075
2021.737500 989.608581
2021.756250 987.124549
2021.775000 984.645194
2021.793750 982.172682
2021.812500 979.709133
2021.831250 977.256621
2021.850000 974.817173
2021.868750 972.392772
2021.887500 969.985352
2021.906250 967.596803
2021.925000 965.228968
2021.943750 962.883642
2021.962500 960.562578
2021.981250 958.267477
2022.000000 956.000000
2022.018750 953.761757
2022.037500 951.554314
2022.056250 949.379190
2022.075000 947.237858
2022.093750 945.131746
2022.112500 943.062233
2022.131250 941.030655
2022.150000 939.038298
2022.168750 937.086406
2022.187500 935.176174
2022.206250 933.308751
2022.225000 931.485241
2022.243750 929.706701
2022.262500 927.974141
2022.281250 926.288526
2022.300000 924.650775
2022.318750 923.061759
2022.337500 921.522305
2022.356250 920.033192
2022.375000 918.595154
2022.393750 917.208877
2022.412500 915.875004
2022.431250 914.594128
2022.450000 913.366798
2022.468750 912.193517
2022.487500 911.074741
2022.506250 910.010879
2022.525000 909.002296
2022.543750 908.049308
2022.562500 907.152187
2022.581250 906.311158
2022.600000 905.526400
2022.618750 904.798045
2022.637500 904.126179
2022.656250 903.510843
2022.675000 902.952030
2022.693750 902.449689
2022.712500 902.003720
2022.731250 901.613978
2022.750000 901.280273
2022.768750 901.002368
2022.787500 900.779978
2022.806250 900.612775
2022.825000 900.500382
2022.843750 900.442377
2022.862500 900.438291
2022.881250 900.487611
2022.900000 900.589775
2022.918750 900.744176
2022.937500 900.950161
2022.956250 901.207030
2022.975000 901.514038
2022.993750 901.870393
2023.012500 902.275256
2023.031250 902.727743
2023.050000 903.226923
2023.068750 903.771821
2023.087500 904.361411
2023.106250 904.994626
2023.125000 905.670349
2023.143750 906.387419
2023.162500 907.144628
2023.181250 907.940722
2023.200000 908.774400
2023.218750 909.644315
2023.237500 910.549076
2023.256250 911.487241
2023.275000 912.457327
2023.293750 913.457802
2023.312500 914.487087
2023.331250 915.543560
2023.350000 916.625548
2023.368750 917.731337
2023.387500 918.859164
2023.406250 920.007219
2023.425000 921.173648
2023.443750 922.356548
2023.462500 923.553973
2023.481250 924.763929
2023.500000 925.984375
2023.518750 927.213226
2023.537500 928.448348
2023.556250 929.687564
2023.575000 930.928648
2023.593750 932.169328
2023.612500 933.407289
2023.631250 934.640166
2023.650000 935.865548
2023.668750 937.080981
2023.687500 938.283962
2023.706250 939.471942
2023.725000 940.642327
2023.743750 941.792476
2023.762500 942.919701
2023.781250 944.021269
2023.800000 945.094400
2023.818750 946.136269
2023.837500 947.144003
2023.856250 948.114685
2023.875000 949.045349
2023.893750 949.932985
2023.912500 950.774536
2023.931250 951.566899
2023.950000 952.306923
2023.968750 952.991415
2023.987500 953.617131
2024.006250 954.180783
2024.025000 954.679038
2024.043750 955.108515
2024.062500 955.465786
2024.081250 955.747379
2024.100000 955.949775
2024.118750 956.069408
2024.137500 956.102666
2024.156250 956.045892
2024.175000 955.895382
2024.193750 955.647384
2024.212500 955.298103
2024.231250 954.843696
2024.250000 954.280273
2024.268750 953.603900
2024.287500 952.810595
2024.306250 951.896329
2024.325000 950.857030
2024.343750 949.688577
2024.362500 948.386804
2024.381250 946.947498
2024.400000 945.366400
2024.418750 943.639205
2024.437500 941.761562
2024.456250 939.729074
2024.475000 937.537296
2024.493750 935.181739
2024.512500 932.657866
2024.531250 929.961096
2024.550000 927.086798
2024.568750 924.030300
2024.587500 920.786879
2024.606250 917.351768
2024.625000 913.720154
2024.643750 909.887177
2024.662500 905.847930
2024.681250 901.597462
2024.700000 897.130775
2024.718750 892.442823
2024.737500 887.528516
2024.756250 882.382717
2024.775000 877.000241
2024.793750 871.375861
2024.812500 865.504299
2024.831250 859.380234
2024.850000 852.998298
2024.868750 846.353077
2024.887500 839.439108
2024.906250 832.250887
2024.925000 824.782858
2024.943750 817.029424
2024.962500 808.984939
2024.981250 800.643710
2025.000000 792.000000
2025.018750 783.048024
2025.037500 773.781953
2025.056250 764.195908
2025.075000 754.283968
2025.093750 744.040163
2025.112500 733.458477
2025.131250 722.532850
2025.150000 711.257173
2025.168750 699.625293
2025.187500 687.631008
2025.206250 675.268073
2025.225000 662.530194
2025.243750 649.411034
2025.262500 635.904206
2025.281250 622.003278
2025.300000 607.701775
2025.318750 592.993171
2025.337500 577.870897
2025.356250 562.328336
2025.375000 546.358826
2025.393750 529.955657
2025.412500 513.112076
2025.431250 495.821281
2025.450000 478.076423
2025.468750 459.870611
2025.487500 441.196903
2025.506250 422.048314
2025.525000 402.417812
2025.543750 382.298317
2025.562500 361.682705
2025.581250 340.563805
2025.600000 318.934400
2025.618750 296.787226
2025.637500 274.114974
2025.656250 250.910288
2025.675000 227.165765
2025.693750 202.873957
2025.712500 178.027370
2025.731250 152.618463
2025.750000 126.639648
2025.768750 100.083294
2025.787500 72.941719
2025.806250 45.207198
2025.825000 16.871960
2025.843750 -12.071814
2025.862500 -41.631988
2025.881250 -71.816473
2025.900000 -102.633225
2025.918750 -134.090248
2025.937500 -166.195591
2025.956250 -198.957349
2025.975000 -232.383665
2025.993750 -266.482726
2026.012500 -301.262766
2026.031250 -336.732065
2026.050000 -372.898952
2026.068750 -409.771797
2026.087500 -447.359021
2026.106250 -485.669088
2026.125000 -524.710510
2026.143750 -564.491846
2026.162500 -605.021698
2026.181250 -646.308717
2026.200000 -688.361600
2026.218750 -731.189089
2026.237500 -774.799973
2026.256250 -819.203088
2026.275000 -864.407313
2026.293750 -910.421578
2026.312500 -957.254856
2026.331250 -1004.916167
2026.350000 -1053.414577
2026.368750 -1102.759198
2026.387500 -1152.959190
2026.406250 -1204.023756
2026.425000 -1255.962149
2026.443750 -1308.783666
2026.462500 -1362.497650
2026.481250 -1417.113491
2026.500000 -1472.640625
