2023.500000 1035.000000
2023.509375 1033.481250
2023.518750 1031.962500
2023.528125 1030.443750
2023.537500 1028.925000
2023.546875 1027.406250
2023.556250 1025.887500
2023.565625 1024.368750
2023.575000 1022.850000
2023.584375 1021.331250
2023.593750 1019.812500
2023.603125 1018.293750
2023.612500 1016.775000
2023.621875 1015.256250
2023.631250 1013.737500
2023.640625 1012.218750
2023.650000 1010.700000
2023.659375 1009.181250
2023.668750 1007.662500
2023.678125 1006.143750
2023.687500 1004.625000
2023.696875 1003.106250
2023.706250 1001.587500
2023.715625 1000.068750
2023.725000 998.550000
2023.734375 997.031250
2023.743750 995.512500
2023.753125 993.993750
2023.762500 992.475000
2023.771875 990.956250
2023.781250 989.437500
2023.790625 987.918750
2023.800000 986.400000
2023.809375 984.881250
2023.818750 983.362500
2023.828125 981.843750
2023.837500 980.325000
2023.846875 978.806250
2023.856250 977.287500
2023.865625 975.768750
2023.875000 974.250000
2023.884375 972.731250
2023.893750 971.212500
2023.903125 969.693750
2023.912500 968.175000
2023.921875 966.656250
2023.931250 965.137500
2023.940625 963.618750
2023.950000 962.100000
2023.959375 960.581250
2023.968750 959.062500
2023.978125 957.543750
2023.987500 956.025000
2023.996875 954.506250
2024.006250 952.987500
2024.015625 951.468750
2024.025000 949.950000
2024.034375 948.431250
2024.043750 946.912500
2024.053125 945.393750
2024.062500 943.875000
2024.071875 942.356250
2024.081250 940.837500
2024.090625 939.318750
2024.100000 937.800000
2024.109375 936.281250
2024.118750 934.762500
2024.128125 933.243750
2024.137500 931.725000
2024.146875 930.206250
2024.156250 928.687500
2024.165625 927.168750
2024.175000 925.650000
2024.184375 924.131250
2024.193750 922.612500
2024.203125 921.093750
2024.212500 919.575000
2024.221875 918.056250
2024.231250 916.537500
2024.240625 915.018750
2024.250000 913.500000
2024.259375 911.981250
2024.268750 910.462500
2024.278125 908.943750
2024.287500 907.425000
2024.296875 905.906250
2024.306250 904.387500
2024.315625 902.868750
2024.325000 901.350000
2024.334375 899.831250
2024.343750 898.312500
2024.353125 896.793750
2024.362500 895.275000
2024.371875 893.756250
2024.381250 892.237500
2024.390625 890.718750
2024.400000 889.200000
2024.409375 887.681250
2024.418750 886.162500
2024.428125 884.643750
2024.437500 883.125000
2024.446875 881.606250
2024.456250 880.087500
2024.465625 878.568750
2024.475000 877.050000
2024.484375 875.531250
2024.493750 874.012500
2024.503125 872.493750
2024.512500 870.975000
2024.521875 869.456250
2024.531250 867.937500
2024.540625 866.418750
2024.550000 864.900000
2024.559375 863.381250
2024.568750 861.862500
2024.578125 860.343750
2024.587500 858.825000
2024.596875 857.306250
2024.606250 855.787500
2024.615625 854.268750
2024.625000 852.750000
2024.634375 851.231250
2024.643750 849.712500
2024.653125 848.193750
2024.662500 846.675000
2024.671875 845.156250
2024.681250 843.637500
2024.690625 842.118750
2024.700000 840.600000
2024.709375 839.081250
2024.718750 837.562500
2024.728125 836.043750
2024.737500 834.525000
2024.746875 833.006250
2024.756250 831.487500
2024.765625 829.968750
2024.775000 828.450000
2024.784375 826.931250
2024.793750 825.412500
2024.803125 823.893750
2024.812500 822.375000
2024.821875 820.856250
2024.831250 819.337500
2024.840625 817.818750
2024.850000 816.300000
2024.859375 814.781250
2024.868750 813.262500
2024.878125 811.743750
2024.887500 810.225000
2024.896875 808.706250
2024.906250 807.187500
2024.915625 805.668750
2024.925000 804.150000
2024.934375 802.631250
2024.943750 801.112500
2024.953125 799.593750
2024.962500 798.075000
2024.971875 796.556250
2024.981250 795.037500
2024.990625 793.518750
2025.000000 792.000000
2025.009375 790.481250
2025.018750 788.962500
2025.028125 787.443750
2025.037500 785.925000
2025.046875 784.406250
2025.056250 782.887500
2025.065625 781.368750
2025.075000 779.850000
2025.084375 778.331250
2025.093750 776.812500
2025.103125 775.293750
2025.112500 773.775000
2025.121875 772.256250
2025.131250 770.737500
2025.140625 769.218750
2025.150000 767.700000
2025.159375 766.181250
2025.168750 764.662500
2025.178125 763.143750
2025.187500 761.625000
2025.196875 760.106250
2025.206250 758.587500
2025.215625 757.068750
2025.225000 755.550000
2025.234375 754.031250
2025.243750 752.512500
2025.253125 750.993750
2025.262500 749.475000
2025.271875 747.956250
2025.281250 746.437500
2025.290625 744.918750
2025.300000 743.400000
2025.309375 741.881250
2025.318750 740.362500
2025.328125 738.843750
2025.337500 737.325000
2025.346875 735.806250
2025.356250 734.287500
2025.365625 732.768750
2025.375000 731.250000
2025.384375 729.731250
2025.393750 728.212500
2025.403125 726.693750
2025.412500 725.175000
2025.421875 723.656250
2025.431250 722.137500
2025.440625 720.618750
2025.450000 719.100000
2025.459375 717.581250
2025.468750 716.062500
2025.478125 714.543750
2025.487500 713.025000
2025.496875 711.506250
2025.506250 709.987500
2025.515625 708.468750
2025.525000 706.950000
2025.534375 705.431250
2025.543750 703.912500
2025.553125 702.393750
2025.562500 700.875000
2025.571875 699.356250
2025.581250 697.837500
2025.590625 696.318750
2025.600000 694.800000
2025.609375 693.281250
2025.618750 691.762500
2025.628125 690.243750
2025.637500 688.725000
2025.646875 687.206250
2025.656250 685.687500
2025.665625 684.168750
2025.675000 682.650000
2025.684375 681.131250
2025.693750 679.612500
2025.703125 678.093750
2025.712500 676.575000
2025.721875 675.056250
2025.731250 673.537500
2025.740625 672.018750
2025.750000 670.500000
2025.759375 668.981250
2025.768750 667.462500
2025.778125 665.943750
2025.787500 664.425000
2025.796875 662.906250
2025.806250 661.387500
2025.815625 659.868750
2025.825000 658.350000
2025.834375 656.831250
2025.843750 655.312500
2025.853125 653.793750
2025.862500 652.275000
2025.871875 650.756250
2025.881250 649.237500
2025.890625 647.718750
2025.900000 646.200000
2025.909375 644.681250
2025.918750 643.162500
2025.928125 641.643750
2025.937500 640.125000
2025.946875 638.606250
2025.956250 637.087500
2025.965625 635.568750
2025.975000 634.050000
2025.984375 632.531250
2025.993750 631.012500
2026.003125 629.493750
2026.012500 627.975000
2026.021875 626.456250
2026.031250 624.937500
2026.040625 623.418750
2026.050000 621.900000
2026.059375 620.381250
2026.068750 618.862500
2026.078125 617.343750
2026.087500 615.825000
2026.096875 614.306250
2026.106250 612.787500
2026.115625 611.268750
2026.125000 609.750000
2026.134375 608.231250
2026.143750 606.712500
2026.153125 605.193750
2026.162500 603.675000
2026.171875 602.156250
2026.181250 600.637500
2026.190625 599.118750
2026.200000 597.600000
2026.209375 596.081250
2026.218750 594.562500
2026.228125 593.043750
2026.237500 591.525000
2026.246875 590.006250
2026.256250 588.487500
2026.265625 586.968750
2026.275000 585.450000
2026.284375 583.931250
2026.293750 582.412500
2026.303125 580.893750
2026.312500 579.375000
2026.321875 577.856250
2026.331250 576.337500
2026.340625 574.818750
2026.350000 573.300000
2026.359375 571.781250
2026.368750 570.262500
2026.378125 568.743750
2026.387500 567.225000
2026.396875 565.706250
2026.406250 564.187500
2026.415625 562.668750
2026.425000 561.150000
2026.434375 559.631250
2026.443750 558.112500
2026.453125 556.593750
2026.462500 555.075000
2026.471875 553.556250
2026.481250 552.037500
2026.490625 550.518750
2026.500000 549.000000
