2018.500000 1652.424805
2018.525000 1642.844405
2018.550000 1633.240266
2018.575000 1623.621584
2018.600000 1613.997158
2018.625000 1604.375400
2018.650000 1594.764341
2018.675000 1585.171645
2018.700000 1575.604611
2018.725000 1566.070185
2018.750000 1556.574966
2018.775000 1547.125218
2018.800000 1537.726874
2018.825000 1528.385543
2018.850000 1519.106524
2018.875000 1509.894807
2018.900000 1500.755086
2018.925000 1491.691763
2018.950000 1482.708957
2018.975000 1473.810511
2019.000000 1465.000000
2019.025000 1456.280739
2019.050000 1447.655788
2019.075000 1439.127962
2019.100000 1430.699834
2019.125000 1422.373746
2019.150000 1414.151815
2019.175000 1406.035938
2019.200000 1398.027802
2019.225000 1390.128885
2019.250000 1382.340469
2019.275000 1374.663645
2019.300000 1367.099314
2019.325000 1359.648202
2019.350000 1352.310859
2019.375000 1345.087669
2019.400000 1337.978854
2019.425000 1330.984484
2019.450000 1324.104478
2019.475000 1317.338611
2019.500000 1310.686523
2019.525000 1304.147723
2019.550000 1297.721590
2019.575000 1291.407388
2019.600000 1285.204262
2019.625000 1279.111251
2019.650000 1273.127287
2019.675000 1267.251205
2019.700000 1261.481745
2019.725000 1255.817560
2019.750000 1250.257217
2019.775000 1244.799207
2019.800000 1239.441946
2019.825000 1234.183779
2019.850000 1229.022989
2019.875000 1223.957799
2019.900000 1218.986376
2019.925000 1214.106835
2019.950000 1209.317247
2019.975000 1204.615639
2020.000000 1200.000000
2020.025000 1195.468286
2020.050000 1191.018421
2020.075000 1186.648307
2020.100000 1182.355819
2020.125000 1178.138818
2020.150000 1173.995148
2020.175000 1169.922643
2020.200000 1165.919130
2020.225000 1161.982430
2020.250000 1158.110367
2020.275000 1154.300765
2020.300000 1150.551455
2020.325000 1146.860278
2020.350000 1143.225087
2020.375000 1139.643749
2020.400000 1136.114150
2020.425000 1132.634200
2020.450000 1129.201827
2020.475000 1125.814992
2020.500000 1122.471680
2020.525000 1119.169910
2020.550000 1115.907735
2020.575000 1112.683244
2020.600000 1109.494566
2020.625000 1106.339870
2020.650000 1103.217367
2020.675000 1100.125314
2020.700000 1097.062017
2020.725000 1094.025828
2020.750000 1091.015152
2020.775000 1088.028445
2020.800000 1085.064218
2020.825000 1082.121037
2020.850000 1079.197526
2020.875000 1076.292367
2020.900000 1073.404303
2020.925000 1070.532137
2020.950000 1067.674734
2020.975000 1064.831024
2021.000000 1062.000000
2021.025000 1059.180721
2021.050000 1056.372313
2021.075000 1053.573966
2021.100000 1050.784942
2021.125000 1048.004567
2021.150000 1045.232240
2021.175000 1042.467424
2021.200000 1039.709658
2021.225000 1036.958544
2021.250000 1034.213760
2021.275000 1031.475051
2021.300000 1028.742233
2021.325000 1026.015192
2021.350000 1023.293885
2021.375000 1020.578338
2021.400000 1017.868646
2021.425000 1015.164976
2021.450000 1012.467561
2021.475000 1009.776703
2021.500000 1007.092773
2021.525000 1004.416209
2021.550000 1001.747513
2021.575000 999.087256
2021.600000 996.436070
2021.625000 993.794654
2021.650000 991.163767
2021.675000 988.544231
2021.700000 985.936926
2021.725000 983.342794
2021.750000 980.762833
2021.775000 978.198095
2021.800000 975.649690
2021.825000 973.118778
2021.850000 970.606571
2021.875000 968.114331
2021.900000 965.643368
2021.925000 963.195035
2021.950000 960.770729
2021.975000 958.371892
2022.000000 956.000000
2022.025000 953.656569
2022.050000 951.343150
2022.075000 949.061324
2022.100000 946.812702
2022.125000 944.598924
2022.150000 942.421652
2022.175000 940.282572
2022.200000 938.183386
2022.225000 936.125813
2022.250000 934.111588
2022.275000 932.142450
2022.300000 930.220149
2022.325000 928.346438
2022.350000 926.523068
2022.375000 924.751788
2022.400000 923.034342
2022.425000 921.372462
2022.450000 919.767865
2022.475000 918.222253
2022.500000 916.737305
2022.525000 915.314675
2022.550000 913.955988
2022.575000 912.662836
2022.600000 911.436774
2022.625000 910.279315
2022.650000 909.191926
2022.675000 908.176025
2022.700000 907.232973
2022.725000 906.364075
2022.750000 905.570572
2022.775000 904.853634
2022.800000 904.214362
2022.825000 903.653775
2022.850000 903.172812
2022.875000 902.772325
2022.900000 902.453070
2022.925000 902.215708
2022.950000 902.060796
2022.975000 901.988782
2023.000000 902.000000
2023.025000 902.094666
2023.050000 902.272871
2023.075000 902.534574
2023.100000 902.879600
2023.125000 903.307630
2023.150000 903.818198
2023.175000 904.410686
2023.200000 905.084314
2023.225000 905.838136
2023.250000 906.671036
2023.275000 907.581718
2023.300000 908.568702
2023.325000 909.630318
2023.350000 910.764696
2023.375000 911.969764
2023.400000 913.243238
2023.425000 914.582618
2023.450000 915.985178
2023.475000 917.447961
2023.500000 918.967773
2023.525000 920.541174
2023.550000 922.164471
2023.575000 923.833712
2023.600000 925.544678
2023.625000 927.292876
2023.650000 929.073531
2023.675000 930.881579
2023.700000 932.711657
2023.725000 934.558101
2023.750000 936.414932
2023.775000 938.275852
2023.800000 940.134234
2023.825000 941.983114
2023.850000 943.815187
2023.875000 945.622792
2023.900000 947.397910
2023.925000 949.132150
2023.950000 950.816746
2023.975000 952.442545
2024.000000 954.000000
2024.025000 955.479160
2024.050000 956.869663
2024.075000 958.160726
2024.100000 959.341135
2024.125000 960.399240
2024.150000 961.322941
2024.175000 962.099682
2024.200000 962.716442
2024.225000 963.159722
2024.250000 963.415543
2024.275000 963.469426
2024.300000 963.306393
2024.325000 962.910951
2024.350000 962.267083
2024.375000 961.358241
2024.400000 960.167334
2024.425000 958.676718
2024.450000 956.868187
2024.475000 954.722961
2024.500000 952.221680
2024.525000 949.344387
2024.550000 946.070525
2024.575000 942.378923
2024.600000 938.247782
2024.625000 933.654674
2024.650000 928.576520
2024.675000 922.989589
2024.700000 916.869479
2024.725000 910.191114
2024.750000 902.928726
2024.775000 895.055849
2024.800000 886.545306
2024.825000 877.369195
2024.850000 867.498883
2024.875000 856.904992
2024.900000 845.557387
2024.925000 833.425165
2024.950000 820.476642
2024.975000 806.679346
2025.000000 792.000000
2025.025000 776.404512
2025.050000 759.857964
2025.075000 742.324598
2025.100000 723.767808
2025.125000 704.150121
2025.150000 683.433192
2025.175000 661.577786
2025.200000 638.543770
2025.225000 614.290097
2025.250000 588.774796
2025.275000 561.954957
2025.300000 533.786721
2025.325000 504.225266
2025.350000 473.224791
2025.375000 440.738509
2025.400000 406.718630
2025.425000 371.116349
2025.450000 333.881830
2025.475000 294.964198
2025.500000 254.311523
2025.525000 211.870806
2025.550000 167.587963
2025.575000 121.407819
2025.600000 73.274086
2025.625000 23.129356
2025.650000 -29.084920
2025.675000 -83.428438
2025.700000 -139.962062
2025.725000 -198.747832
2025.750000 -259.848984
2025.775000 -323.329959
2025.800000 -389.256422
2025.825000 -457.695273
2025.850000 -528.714662
2025.875000 -602.384005
2025.900000 -678.773998
2025.925000 -757.956631
2025.950000 -840.005203
2025.975000 -924.994339
2026.000000 -1013.000000
2026.025000 -1104.099505
2026.050000 -1198.371539
2026.075000 -1295.896175
2026.100000 -1396.754882
2026.125000 -1501.030547
2026.150000 -1608.807486
2026.175000 -1720.171463
2026.200000 -1835.209702
2026.225000 -1954.010905
2026.250000 -2076.665268
2026.275000 -2203.264494
2026.300000 -2333.901813
2026.325000 -2468.671995
2026.350000 -2607.671367
2026.375000 -2750.997830
2026.400000 -2898.750874
2026.425000 -3051.031593
2026.450000 -3207.942707
2026.475000 -3369.588570
2026.500000 -3536.075195
