2010.000000 126352.000000
2010.050000 124939.042500
2010.100000 123536.710000
2010.150000 122144.962500
2010.200000 120763.760000
2010.250000 119393.062500
2010.300000 118032.830000
2010.350000 116683.022500
2010.400000 115343.600000
2010.450000 114014.522500
2010.500000 112695.750000
2010.550000 111387.242500
2010.600000 110088.960000
2010.650000 108800.862500
2010.700000 107522.910000
2010.750000 106255.062500
2010.800000 104997.280000
2010.850000 103749.522500
2010.900000 102511.750000
2010.950000 101283.922500
2011.000000 100066.000000
2011.050000 98857.942500
2011.100000 97659.710000
2011.150000 96471.262500
2011.200000 95292.560000
2011.250000 94123.562500
2011.300000 92964.230000
2011.350000 91814.522500
2011.400000 90674.400000
2011.450000 89543.822500
2011.500000 88422.750000
2011.550000 87311.142500
2011.600000 86208.960000
2011.650000 85116.162500
2011.700000 84032.710000
2011.750000 82958.562500
2011.800000 81893.680000
2011.850000 80838.022500
2011.900000 79791.550000
2011.950000 78754.222500
2012.000000 77726.000000
2012.050000 76706.842500
2012.100000 75696.710000
2012.150000 74695.562500
2012.200000 73703.360000
2012.250000 72720.062500
2012.300000 71745.630000
2012.350000 70780.022500
2012.400000 69823.200000
2012.450000 68875.122500
2012.500000 67935.750000
2012.550000 67005.042500
2012.600000 66082.960000
2012.650000 65169.462500
2012.700000 64264.510000
2012.750000 63368.062500
2012.800000 62480.080000
2012.850000 61600.522500
2012.900000 60729.350000
2012.950000 59866.522500
2013.000000 59012.000000
2013.050000 58165.742500
2013.100000 57327.710000
2013.150000 56497.862500
2013.200000 55676.160000
2013.250000 54862.562500
2013.300000 54057.030000
2013.350000 53259.522500
2013.400000 52470.000000
2013.450000 51688.422500
2013.500000 50914.750000
2013.550000 50148.942500
2013.600000 49390.960000
2013.650000 48640.762500
2013.700000 47898.310000
2013.750000 47163.562500
2013.800000 46436.480000
2013.850000 45717.022500
2013.900000 45005.150000
2013.950000 44300.822500
2014.000000 43604.000000
2014.050000 42914.642500
2014.100000 42232.710000
2014.150000 41558.162500
2014.200000 40890.960000
2014.250000 40231.062500
2014.300000 39578.430000
2014.350000 38933.022500
2014.400000 38294.800000
2014.450000 37663.722500
2014.500000 37039.750000
2014.550000 36422.842500
2014.600000 35812.960000
2014.650000 35210.062500
2014.700000 34614.110000
2014.750000 34025.062500
2014.800000 33442.880000
2014.850000 32867.522500
2014.900000 32298.950000
2014.950000 31737.122500
2015.000000 31182.000000
2015.050000 30633.542500
2015.100000 30091.710000
2015.150000 29556.462500
2015.200000 29027.760000
2015.250000 28505.562500
2015.300000 27989.830000
2015.350000 27480.522500
2015.400000 26977.600000
2015.450000 26481.022500
2015.500000 25990.750000
2015.550000 25506.742500
2015.600000 25028.960000
2015.650000 24557.362500
2015.700000 24091.910000
2015.750000 23632.562500
2015.800000 23179.280000
2015.850000 22732.022500
2015.900000 22290.750000
2015.950000 21855.422500
2016.000000 21426.000000
2016.050000 21002.442500
2016.100000 20584.710000
2016.150000 20172.762500
2016.200000 19766.560000
2016.250000 19366.062500
2016.300000 18971.230000
2016.350000 18582.022500
2016.400000 18198.400000
2016.450000 17820.322500
2016.500000 17447.750000
2016.550000 17080.642500
2016.600000 16718.960000
2016.650000 16362.662500
2016.700000 16011.710000
2016.750000 15666.062500
2016.800000 15325.680000
2016.850000 14990.522500
2016.900000 14660.550000
2016.950000 14335.722500
2017.000000 14016.000000
2017.050000 13701.342500
2017.100000 13391.710000
2017.150000 13087.062500
2017.200000 12787.360000
2017.250000 12492.562500
2017.300000 12202.630000
2017.350000 11917.522500
2017.400000 11637.200000
2017.450000 11361.622500
2017.500000 11090.750000
2017.550000 10824.542500
2017.600000 10562.960000
2017.650000 10305.962500
2017.700000 10053.510000
2017.750000 9805.562500
2017.800000 9562.080000
2017.850000 9323.022500
2017.900000 9088.350000
2017.950000 8858.022500
2018.000000 8632.000000
2018.050000 8410.242500
2018.100000 8192.710000
2018.150000 7979.362500
2018.200000 7770.160000
2018.250000 7565.062500
2018.300000 7364.030000
2018.350000 7167.022500
2018.400000 6974.000000
2018.450000 6784.922500
2018.500000 6599.750000
2018.550000 6418.442500
2018.600000 6240.960000
2018.650000 6067.262500
2018.700000 5897.310000
2018.750000 5731.062500
2018.800000 5568.480000
2018.850000 5409.522500
2018.900000 5254.150000
2018.950000 5102.322500
2019.000000 4954.000000
2019.050000 4809.142500
2019.100000 4667.710000
2019.150000 4529.662500
2019.200000 4394.960000
2019.250000 4263.562500
2019.300000 4135.430000
2019.350000 4010.522500
2019.400000 3888.800000
2019.450000 3770.222500
2019.500000 3654.750000
2019.550000 3542.342500
2019.600000 3432.960000
2019.650000 3326.562500
2019.700000 3223.110000
2019.750000 3122.562500
2019.800000 3024.880000
2019.850000 2930.022500
2019.900000 2837.950000
2019.950000 2748.622500
2020.000000 2662.000000
2020.050000 2578.042500
2020.100000 2496.710000
2020.150000 2417.962500
2020.200000 2341.760000
2020.250000 2268.062500
2020.300000 2196.830000
2020.350000 2128.022500
2020.400000 2061.600000
2020.450000 1997.522500
2020.500000 1935.750000
2020.550000 1876.242500
2020.600000 1818.960000
2020.650000 1763.862500
2020.700000 1710.910000
2020.750000 1660.062500
2020.800000 1611.280000
2020.850000 1564.522500
2020.900000 1519.750000
2020.950000 1476.922500
2021.000000 1436.000000
2021.050000 1396.942500
2021.100000 1359.710000
2021.150000 1324.262500
2021.200000 1290.560000
2021.250000 1258.562500
2021.300000 1228.230000
2021.350000 1199.522500
2021.400000 1172.400000
2021.450000 1146.822500
2021.500000 1122.750000
2021.550000 1100.142500
2021.600000 1078.960000
2021.650000 1059.162500
2021.700000 1040.710000
2021.750000 1023.562500
2021.800000 1007.680000
2021.850000 993.022500
2021.900000 979.550000
2021.950000 967.222500
2022.000000 956.000000
2022.050000 945.842500
2022.100000 936.710000
2022.150000 928.562500
2022.200000 921.360000
2022.250000 915.062500
2022.300000 909.630000
2022.350000 905.022500
2022.400000 901.200000
2022.450000 898.122500
2022.500000 895.750000
2022.550000 894.042500
2022.600000 892.960000
2022.650000 892.462500
2022.700000 892.510000
2022.750000 893.062500
2022.800000 894.080000
2022.850000 895.522500
2022.900000 897.350000
2022.950000 899.522500
2023.000000 902.000000
2023.050000 904.742500
2023.100000 907.710000
2023.150000 910.862500
2023.200000 914.160000
2023.250000 917.562500
2023.300000 921.030000
2023.350000 924.522500
2023.400000 928.000000
2023.450000 931.422500
2023.500000 934.750000
2023.550000 937.942500
2023.600000 940.960000
2023.650000 943.762500
2023.700000 946.310000
2023.750000 948.562500
2023.800000 950.480000
2023.850000 952.022500
2023.900000 953.150000
2023.950000 953.822500
2024.000000 954.000000
2024.050000 953.642500
2024.100000 952.710000
2024.150000 951.162500
2024.200000 948.960000
2024.250000 946.062500
2024.300000 942.430000
2024.350000 938.022500
2024.400000 932.800000
2024.450000 926.722500
2024.500000 919.750000
2024.550000 911.842500
2024.600000 902.960000
2024.650000 893.062500
2024.700000 882.110000
2024.750000 870.062500
2024.800000 856.880000
2024.850000 842.522500
2024.900000 826.950000
2024.950000 810.122500
2025.000000 792.000000
2025.050000 772.542500
2025.100000 751.710000
2025.150000 729.462500
2025.200000 705.760000
2025.250000 680.562500
2025.300000 653.830000
2025.350000 625.522500
2025.400000 595.600000
2025.450000 564.022500
2025.500000 530.750000
2025.550000 495.742500
2025.600000 458.960000
2025.650000 420.362500
2025.700000 379.910000
2025.750000 337.562500
2025.800000 293.280000
2025.850000 247.022500
2025.900000 198.750000
2025.950000 148.422500
2026.000000 96.000000
