-1.000000000000 0.058823529412 0.058823529412
-0.998999499750 0.058934464847 0.068815748367
-0.997998999500 0.059045707824 0.078680428775
-0.996998499250 0.059157259453 0.088418434769
-0.995997998999 0.059269120854 0.098030627056
-0.994997498749 0.059381293147 0.107517862924
-0.993996998499 0.059493777460 0.116880996254
-0.992996498249 0.059606574926 0.126120877519
-0.991995997999 0.059719686681 0.135238353801
-0.990995497749 0.059833113868 0.144234268792
-0.989994997499 0.059946857634 0.153109462805
-0.988994497249 0.060060919132 0.161864772780
-0.987993996998 0.060175299518 0.170501032295
-0.986993496748 0.060289999957 0.179019071567
-0.985992996498 0.060405021615 0.187419717467
-0.984992496248 0.060520365666 0.195703793523
-0.983991995998 0.060636033288 0.203872119929
-0.982991495748 0.060752025664 0.211925513553
-0.981990995498 0.060868343983 0.219864787943
-0.980990495248 0.060984989440 0.227690753338
-0.979989994997 0.061101963233 0.235404216670
-0.978989494747 0.061219266569 0.243005981577
-0.977988994497 0.061336900655 0.250496848409
-0.976988494247 0.061454866710 0.257877614233
-0.975987993997 0.061573165953 0.265149072845
-0.974987493747 0.061691799610 0.272312014774
-0.973986993497 0.061810768915 0.279367227289
-0.972986493247 0.061930075104 0.286315494410
-0.971985992996 0.062049719422 0.293157596914
-0.970985492746 0.062169703115 0.299894312341
-0.969984992496 0.062290027439 0.306526415003
-0.968984492246 0.062410693654 0.313054675993
-0.967983991996 0.062531703026 0.319479863188
-0.966983491746 0.062653056825 0.325802741260
-0.965982991496 0.062774756329 0.332024071684
-0.964982491246 0.062896802821 0.338144612743
-0.963981990995 0.063019197589 0.344165119537
-0.962981490745 0.063141941928 0.350086343989
-0.961980990495 0.063265037139 0.355909034855
-0.960980490245 0.063388484527 0.361633937730
-0.959979989995 0.063512285404 0.367261795053
-0.958979489745 0.063636441090 0.372793346119
-0.957978989495 0.063760952908 0.378229327084
-0.956978489245 0.063885822187 0.383570470972
-0.955977988994 0.064011050265 0.388817507683
-0.954977488744 0.064136638484 0.393971164002
-0.953976988494 0.064262588191 0.399032163601
-0.952976488244 0.064388900742 0.404001227054
-0.951975987994 0.064515577497 0.408879071839
-0.950975487744 0.064642619823 0.413666412347
-0.949974987494 0.064770029093 0.418363959889
-0.948974487244 0.064897806687 0.422972422703
-0.947973986993 0.065025953990 0.427492505963
-0.946973486743 0.065154472394 0.431924911786
-0.945972986493 0.065283363299 0.436270339236
-0.944972486243 0.065412628108 0.440529484335
-0.943971985993 0.065542268233 0.444703040071
-0.942971485743 0.065672285091 0.448791696402
-0.941970985493 0.065802680108 0.452796140263
-0.940970485243 0.065933454714 0.456717055577
-0.939969984992 0.066064610346 0.460555123262
-0.938969484742 0.066196148449 0.464311021233
-0.937968984492 0.066328070472 0.467985424415
-0.936968484242 0.066460377874 0.471579004748
-0.935967983992 0.066593072119 0.475092431193
-0.934967483742 0.066726154677 0.478526369742
-0.933966983492 0.066859627027 0.481881483423
-0.932966483242 0.066993490652 0.485158432310
-0.931965982991 0.067127747044 0.488357873525
-0.930965482741 0.067262397702 0.491480461251
-0.929964982491 0.067397444130 0.494526846734
-0.928964482241 0.067532887841 0.497497678297
-0.927963981991 0.067668730354 0.500393601339
-0.926963481741 0.067804973195 0.503215258348
-0.925962981491 0.067941617898 0.505963288907
-0.924962481241 0.068078666003 0.508638329699
-0.923961980990 0.068216119059 0.511241014516
-0.922961480740 0.068353978619 0.513771974266
-0.921960980490 0.068492246246 0.516231836981
-0.920960480240 0.068630923510 0.518621227821
-0.919959979990 0.068770011987 0.520940769086
-0.918959479740 0.068909513261 0.523191080217
-0.917958979490 0.069049428925 0.525372777809
-0.916958479240 0.069189760576 0.527486475614
-0.915957978989 0.069330509822 0.529532784551
-0.914957478739 0.069471678276 0.531512312711
-0.913956978489 0.069613267561 0.533425665363
-0.912956478239 0.069755279305 0.535273444966
-0.911955977989 0.069897715145 0.537056251170
-0.910955477739 0.070040576725 0.538774680829
-0.909954977489 0.070183865699 0.540429328002
-0.908954477239 0.070327583726 0.542020783965
-0.907953976988 0.070471732474 0.543549637214
-0.906953476738 0.070616313619 0.545016473477
-0.905952976488 0.070761328844 0.546421875715
-0.904952476238 0.070906779842 0.547766424134
-0.903951975988 0.071052668311 0.549050696190
-0.902951475738 0.071198995959 0.550275266596
-0.901950975488 0.071345764502 0.551440707327
-0.900950475238 0.071492975665 0.552547587632
-0.899949974987 0.071640631178 0.553596474036
-0.898949474737 0.071788732783 0.554587930350
-0.897948974487 0.071937282227 0.555522517677
-0.896948474237 0.072086281268 0.556400794417
-0.895947973987 0.072235731670 0.557223316278
-0.894947473737 0.072385635208 0.557990636280
-0.893946973487 0.072535993663 0.558703304762
-0.892946473237 0.072686808826 0.559361869389
-0.891945972986 0.072838082496 0.559966875162
-0.890945472736 0.072989816480 0.560518864420
-0.889944972486 0.073142012595 0.561018376850
-0.888944472236 0.073294672665 0.561465949493
-0.887943971986 0.073447798525 0.561862116750
-0.886943471736 0.073601392016 0.562207410393
-0.885942971486 0.073755454991 0.562502359564
-0.884942471236 0.073909989308 0.562747490791
-0.883941970985 0.074064996838 0.562943327987
-0.882941470735 0.074220479457 0.563090392462
-0.881940970485 0.074376439054 0.563189202929
-0.880940470235 0.074532877524 0.563240275507
-0.879939969985 0.074689796773 0.563244123732
-0.878939469735 0.074847198714 0.563201258564
-0.877938969485 0.075005085272 0.563112188391
-0.876938469235 0.075163458380 0.562977419036
-0.875937968984 0.075322319979 0.562797453766
-0.874937468734 0.075481672021 0.562572793299
-0.873936968484 0.075641516468 0.562303935806
-0.872936468234 0.075801855290 0.561991376924
-0.871935967984 0.075962690466 0.561635609759
-0.870935467734 0.076124023987 0.561237124893
-0.869934967484 0.076285857852 0.560796410392
-0.868934467234 0.076448194070 0.560313951813
-0.867933966983 0.076611034659 0.559790232208
-0.866933466733 0.076774381648 0.559225732133
-0.865932966483 0.076938237075 0.558620929656
-0.864932466233 0.077102602990 0.557976300359
-0.863931965983 0.077267481449 0.557292317350
-0.862931465733 0.077432874522 0.556569451266
-0.861930965483 0.077598784286 0.555808170282
-0.860930465233 0.077765212831 0.555008940115
-0.859929964982 0.077932162254 0.554172224033
-0.858929464732 0.078099634665 0.553298482863
-0.857928964482 0.078267632184 0.552388174993
-0.856928464232 0.078436156939 0.551441756381
-0.855927963982 0.078605211072 0.550459680564
-0.854927463732 0.078774796732 0.549442398661
-0.853926963482 0.078944916080 0.548390359381
-0.852926463232 0.079115571289 0.547304009030
-0.851925962981 0.079286764540 0.546183791518
-0.850925462731 0.079458498028 0.545030148364
-0.849924962481 0.079630773955 0.543843518702
-0.848924462231 0.079803594536 0.542624339293
-0.847923961981 0.079976961997 0.541373044523
-0.846923461731 0.080150878576 0.540090066418
-0.845922961481 0.080325346518 0.538775834643
-0.844922461231 0.080500368084 0.537430776515
-0.843921960980 0.080675945542 0.536055317007
-0.842921460730 0.080852081175 0.534649878752
-0.841920960480 0.081028777274 0.533214882052
-0.840920460230 0.081206036143 0.531750744887
-0.839919959980 0.081383860098 0.530257882916
-0.838919459730 0.081562251465 0.528736709488
-0.837918959480 0.081741212581 0.527187635646
-0.836918459230 0.081920745798 0.525611070134
-0.835917958979 0.082100853477 0.524007419403
-0.834917458729 0.082281537990 0.522377087622
-0.833916958479 0.082462801723 0.520720476675
-0.832916458229 0.082644647072 0.519037986179
-0.831915957979 0.082827076446 0.517330013479
-0.830915457729 0.083010092267 0.515596953664
-0.829914957479 0.083193696967 0.513839199567
-0.828914457229 0.083377892992 0.512057141776
-0.827913956978 0.083562682797 0.510251168637
-0.826913456728 0.083748068854 0.508421666260
-0.825912956478 0.083934053644 0.506569018530
-0.824912456228 0.084120639661 0.504693607110
-0.823911955978 0.084307829413 0.502795811444
-0.822911455728 0.084495625418 0.500876008773
-0.821910955478 0.084684030209 0.498934574131
-0.820910455228 0.084873046330 0.496971880358
-0.819909954977 0.085062676340 0.494988298103
-0.818909454727 0.085252922808 0.492984195833
-0.817908954477 0.085443788318 0.490959939837
-0.816908454227 0.085635275467 0.488915894233
-0.815907953977 0.085827386864 0.486852420976
-0.814907453727 0.086020125131 0.484769879860
-0.813906953477 0.086213492904 0.482668628531
-0.812906453227 0.086407492834 0.480549022485
-0.811905952976 0.086602127581 0.478411415083
-0.810905452726 0.086797399823 0.476256157551
-0.809904952476 0.086993312249 0.474083598987
-0.808904452226 0.087189867562 0.471894086372
-0.807903951976 0.087387068480 0.469687964569
-0.806903451726 0.087584917732 0.467465576336
-0.805902951476 0.087783418064 0.465227262327
-0.804902451226 0.087982572233 0.462973361103
-0.803901950975 0.088182383014 0.460704209134
-0.802901450725 0.088382853191 0.458420140806
-0.801900950475 0.088583985567 0.456121488431
-0.800900450225 0.088785782956 0.453808582249
-0.799899949975 0.088988248187 0.451481750434
-0.798899449725 0.089191384106 0.449141319105
-0.797898949475 0.089395193569 0.446787612326
-0.796898449225 0.089599679450 0.444420952117
-0.795897948974 0.089804844638 0.442041658457
-0.794897448724 0.090010692033 0.439650049292
-0.793896948474 0.090217224554 0.437246440540
-0.792896448224 0.090424445134 0.434831146099
-0.791895947974 0.090632356719 0.432404477852
-0.790895447724 0.090840962271 0.429966745670
-0.789894947474 0.091050264769 0.427518257424
-0.788894447224 0.091260267206 0.425059318987
-0.787893946973 0.091470972589 0.422590234243
-0.786893446723 0.091682383943 0.420111305088
-0.785892946473 0.091894504308 0.417622831443
-0.784892446223 0.092107336737 0.415125111254
-0.783891945973 0.092320884303 0.412618440502
-0.782891445723 0.092535150091 0.410103113207
-0.781890945473 0.092750137204 0.407579421435
-0.780890445223 0.092965848762 0.405047655305
-0.779889944972 0.093182287898 0.402508102991
-0.778889444722 0.093399457764 0.399961050733
-0.777888944472 0.093617361527 0.397406782841
-0.776888444222 0.093836002371 0.394845581699
-0.775887943972 0.094055383496 0.392277727775
-0.774887443722 0.094275508119 0.389703499624
-0.773886943472 0.094496379472 0.387123173895
-0.772886443222 0.094718000808 0.384537025336
-0.771885942971 0.094940375392 0.381945326802
-0.770885442721 0.095163506510 0.379348349261
-0.769884942471 0.095387397461 0.376746361795
-0.768884442221 0.095612051566 0.374139631613
-0.767883941971 0.095837472159 0.371528424052
-0.766883441721 0.096063662594 0.368913002587
-0.765882941471 0.096290626242 0.366293628831
-0.764882441221 0.096518366491 0.363670562548
-0.763881940970 0.096746886747 0.361044061652
-0.762881440720 0.096976190434 0.358414382220
-0.761880940470 0.097206280993 0.355781778490
-0.760880440220 0.097437161885 0.353146502875
-0.759879939970 0.097668836588 0.350508805963
-0.758879439720 0.097901308597 0.347868936525
-0.757878939470 0.098134581427 0.345227141521
-0.756878439220 0.098368658611 0.342583666106
-0.755877938969 0.098603543701 0.339938753634
-0.754877438719 0.098839240267 0.337292645666
-0.753876938469 0.099075751898 0.334645581977
-0.752876438219 0.099313082201 0.331997800557
-0.751875937969 0.099551234805 0.329349537621
-0.750875437719 0.099790213354 0.326701027614
-0.749874937469 0.100030021515 0.324052503217
-0.748874437219 0.100270662972 0.321404195350
-0.747873936968 0.100512141428 0.318756333182
-0.746873436718 0.100754460609 0.316109144133
-0.745872936468 0.100997624256 0.313462853884
-0.744872436218 0.101241636134 0.310817686379
-0.743871935968 0.101486500026 0.308173863831
-0.742871435718 0.101732219734 0.305531606730
-0.741870935468 0.101978799083 0.302891133848
-0.740870435218 0.102226241915 0.300252662243
-0.739869934967 0.102474552095 0.297616407268
-0.738869434717 0.102723733508 0.294982582572
-0.737868934467 0.102973790059 0.292351400112
-0.736868434217 0.103224725674 0.289723070152
-0.735867933967 0.103476544300 0.287097801274
-0.734867433717 0.103729249905 0.284475800380
-0.733866933467 0.103982846478 0.281857272700
-0.732866433217 0.104237338029 0.279242421797
-0.731865932966 0.104492728592 0.276631449574
-0.730865432716 0.104749022218 0.274024556275
-0.729864932466 0.105006222984 0.271421940497
-0.728864432216 0.105264334985 0.268823799191
-0.727863931966 0.105523362341 0.266230327670
-0.726863431716 0.105783309193 0.263641719613
-0.725862931466 0.106044179703 0.261058167071
-0.724862431216 0.106305978058 0.258479860476
-0.723861930965 0.106568708464 0.255906988641
-0.722861430715 0.106832375153 0.253339738768
-0.721860930465 0.107096982377 0.250778296455
-0.720860430215 0.107362534413 0.248222845702
-0.719859929965 0.107629035559 0.245673568911
-0.718859429715 0.107896490138 0.243130646900
-0.717858929465 0.108164902496 0.240594258900
-0.716858429215 0.108434277000 0.238064582569
-0.715857928964 0.108704618044 0.235541793990
-0.714857428714 0.108975930043 0.233026067680
-0.713856928464 0.109248217438 0.230517576598
-0.712856428214 0.109521484692 0.228016492145
-0.711855927964 0.109795736294 0.225522984174
-0.710855427714 0.110070976756 0.223037220992
-0.709854927464 0.110347210615 0.220559369370
-0.708854427214 0.110624442431 0.218089594545
-0.707853926963 0.110902676792 0.215628060224
-0.706853426713 0.111181918308 0.213174928595
-0.705852926463 0.111462171614 0.210730360327
-0.704852426213 0.111743441373 0.208294514580
-0.703851925963 0.112025732271 0.205867549006
-0.702851425713 0.112309049018 0.203449619758
-0.701850925463 0.112593396354 0.201040881493
-0.700850425213 0.112878779041 0.198641487380
-0.699849924962 0.113165201868 0.196251589102
-0.698849424712 0.113452669651 0.193871336865
-0.697848924462 0.113741187231 0.191500879402
-0.696848424212 0.114030759476 0.189140363976
-0.695847923962 0.114321391281 0.186789936389
-0.694847423712 0.114613087567 0.184449740987
-0.693846923462 0.114905853281 0.182119920662
-0.692846423212 0.115199693401 0.179800616860
-0.691845922961 0.115494612926 0.177491969588
-0.690845422711 0.115790616888 0.175194117416
-0.689844922461 0.116087710344 0.172907197484
-0.688844422211 0.116385898378 0.170631345506
-0.687843921961 0.116685186104 0.168366695778
-0.686843421711 0.116985578662 0.166113381180
-0.685842921461 0.117287081222 0.163871533185
-0.684842421211 0.117589698980 0.161641281862
-0.683841920960 0.117893437164 0.159422755879
-0.682841420710 0.118198301027 0.157216082514
-0.681840920460 0.118504295854 0.155021387656
-0.680840420210 0.118811426957 0.152838795812
-0.679839919960 0.119119699678 0.150668430110
-0.678839419710 0.119429119388 0.148510412308
-0.677838919460 0.119739691489 0.146364862796
-0.676838419210 0.120051421412 0.144231900604
-0.675837918959 0.120364314616 0.142111643404
-0.674837418709 0.120678376594 0.140004207517
-0.673836918459 0.120993612865 0.137909707920
-0.672836418209 0.121310028982 0.135828258247
-0.671835917959 0.121627630528 0.133759970800
-0.670835417709 0.121946423115 0.131704956546
-0.669834917459 0.122266412388 0.129663325131
-0.668834417209 0.122587604022 0.127635184879
-0.667833916958 0.122910003725 0.125620642801
-0.666833416708 0.123233617234 0.123619804597
-0.665832916458 0.123558450321 0.121632774663
-0.664832416208 0.123884508789 0.119659656096
-0.663831915958 0.124211798470 0.117700550699
-0.662831415708 0.124540325234 0.115755558987
-0.661830915458 0.124870094979 0.113824780190
-0.660830415208 0.125201113638 0.111908312259
-0.659829914957 0.125533387176 0.110006251872
-0.658829414707 0.125866921592 0.108118694439
-0.657828914457 0.126201722918 0.106245734107
-0.656828414207 0.126537797220 0.104387463763
-0.655827913957 0.126875150597 0.102543975042
-0.654827413707 0.127213789182 0.100715358331
-0.653826913457 0.127553719143 0.098901702773
-0.652826413207 0.127894946682 0.097103096275
-0.651825912956 0.128237478035 0.095319625509
-0.650825412706 0.128581319475 0.093551375920
-0.649824912456 0.128926477307 0.091798431731
-0.648824412206 0.129272957874 0.090060875945
-0.647823911956 0.129620767551 0.088338790353
-0.646823411706 0.129969912753 0.086632255540
-0.645822911456 0.130320399928 0.084941350887
-0.644822411206 0.130672235561 0.083266154576
-0.643821910955 0.131025426173 0.081606743598
-0.642821410705 0.131379978321 0.079963193755
-0.641820910455 0.131735898600 0.078335579666
-0.640820410205 0.132093193642 0.076723974774
-0.639819909955 0.132451870115 0.075128451348
-0.638819409705 0.132811934725 0.073549080488
-0.637818909455 0.133173394215 0.071985932131
-0.636818409205 0.133536255368 0.070439075058
-0.635817908954 0.133900525003 0.068908576896
-0.634817408704 0.134266209978 0.067394504122
-0.633816908454 0.134633317189 0.065896922071
-0.632816408204 0.135001853572 0.064415894940
-0.631815907954 0.135371826101 0.062951485792
-0.630815407704 0.135743241790 0.061503756561
-0.629814907454 0.136116107692 0.060072768059
-0.628814407204 0.136490430899 0.058658579975
-0.627813906953 0.136866218545 0.057261250889
-0.626813406703 0.137243477802 0.055880838268
-0.625812906453 0.137622215884 0.054517398477
-0.624812406203 0.138002440046 0.053170986780
-0.623811905953 0.138384157581 0.051841657348
-0.622811405703 0.138767375826 0.050529463260
-0.621810905453 0.139152102159 0.049234456512
-0.620810405203 0.139538343999 0.047956688019
-0.619809904952 0.139926108808 0.046696207620
-0.618809404702 0.140315404089 0.045453064085
-0.617808904452 0.140706237387 0.044227305116
-0.616808404202 0.141098616291 0.043018977356
-0.615807903952 0.141492548433 0.041828126391
-0.614807403702 0.141888041486 0.040654796755
-0.613806903452 0.142285103170 0.039499031937
-0.612806403202 0.142683741245 0.038360874381
-0.611805902951 0.143083963518 0.037240365496
-0.610805402701 0.143485777838 0.036137545659
-0.609804902451 0.143889192099 0.035052454218
-0.608804402201 0.144294214240 0.033985129497
-0.607803901951 0.144700852247 0.032935608804
-0.606803401701 0.145109114146 0.031903928432
-0.605802901451 0.145519008015 0.030890123665
-0.604802401201 0.145930541973 0.029894228784
-0.603801900950 0.146343724187 0.028916277068
-0.602801400700 0.146758562870 0.027956300803
-0.601800900450 0.147175066281 0.027014331285
-0.600800400200 0.147593242728 0.026090398822
-0.599799899950 0.148013100564 0.025184532745
-0.598799399700 0.148434648189 0.024296761405
-0.597798899450 0.148857894054 0.023427112183
-0.596798399200 0.149282846654 0.022575611493
-0.595797898949 0.149709514536 0.021742284786
-0.594797398699 0.150137906291 0.020927156557
-0.593796898449 0.150568030564 0.020130250344
-0.592796398199 0.150999896046 0.019351588740
-0.591795897949 0.151433511477 0.018591193392
-0.590795397699 0.151868885649 0.017849085010
-0.589794897449 0.152306027403 0.017125283365
-0.588794397199 0.152744945629 0.016419807302
-0.587793896948 0.153185649268 0.015732674738
-0.586793396698 0.153628147315 0.015063902668
-0.585792896448 0.154072448811 0.014413507172
-0.584792396198 0.154518562852 0.013781503418
-0.583791895948 0.154966498586 0.013167905665
-0.582791395698 0.155416265210 0.012572727270
-0.581790895448 0.155867871977 0.011995980691
-0.580790395198 0.156321328190 0.011437677492
-0.579789894947 0.156776643205 0.010897828348
-0.578789394697 0.157233826433 0.010376443047
-0.577788894447 0.157692887338 0.009873530499
-0.576788394197 0.158153835437 0.009389098736
-0.575787893947 0.158616680302 0.008923154918
-0.574787393697 0.159081431559 0.008475705341
-0.573786893447 0.159548098889 0.008046755434
-0.572786393197 0.160016692027 0.007636309770
-0.571785892946 0.160487220766 0.007244372068
-0.570785392696 0.160959694953 0.006870945197
-0.569784892446 0.161434124491 0.006516031182
-0.568784392196 0.161910519339 0.006179631205
-0.567783891946 0.162388889514 0.005861745614
-0.566783391696 0.162869245089 0.005562373925
-0.565782891446 0.163351596195 0.005281514825
-0.564782391196 0.163835953020 0.005019166179
-0.563781890945 0.164322325810 0.004775325034
-0.562781390695 0.164810724870 0.004549987620
-0.561780890445 0.165301160562 0.004343149361
-0.560780390195 0.165793643309 0.004154804872
-0.559779889945 0.166288183592 0.003984947968
-0.558779389695 0.166784791952 0.003833571667
-0.557778889445 0.167283478990 0.003700668194
-0.556778389195 0.167784255366 0.003586228987
-0.555777888944 0.168287131803 0.003490244697
-0.554777388694 0.168792119083 0.003412705198
-0.553776888444 0.169299228049 0.003353599588
-0.552776388194 0.169808469607 0.003312916193
-0.551775887944 0.170319854725 0.003290642573
-0.550775387694 0.170833394432 0.003286765526
-0.549774887444 0.171349099819 0.003301271089
-0.548774387194 0.171866982043 0.003334144548
-0.547773886943 0.172387052321 0.003385370438
-0.546773386693 0.172909321935 0.003454932548
-0.545772886443 0.173433802231 0.003542813925
-0.544772386193 0.173960504619 0.003648996881
-0.543771885943 0.174489440575 0.003773462994
-0.542771385693 0.175020621638 0.003916193113
-0.541770885443 0.175554059412 0.004077167361
-0.540770385193 0.176089765569 0.004256365145
-0.539769884942 0.176627751846 0.004453765152
-0.538769384692 0.177168030046 0.004669345358
-0.537768884442 0.177710612038 0.004903083032
-0.536768384192 0.178255509760 0.005154954739
-0.535767883942 0.178802735216 0.005424936344
-0.534767383692 0.179352300478 0.005713003018
-0.533766883442 0.179904217686 0.006019129239
-0.532766383192 0.180458499049 0.006343288799
-0.531765882941 0.181015156845 0.006685454808
-0.530765382691 0.181574203419 0.007045599695
-0.529764882441 0.182135651190 0.007423695216
-0.528764382191 0.182699512641 0.007819712456
-0.527763881941 0.183265800331 0.008233621833
-0.526763381691 0.183834526885 0.008665393104
-0.525762881441 0.184405705002 0.009114995365
-0.524762381191 0.184979347450 0.009582397061
-0.523761880940 0.185555467071 0.010067565985
-0.522761380690 0.186134076776 0.010570469283
-0.521760880440 0.186715189553 0.011091073461
-0.520760380190 0.187298818457 0.011629344386
-0.519759879940 0.187884976620 0.012185247289
-0.518759379690 0.188473677247 0.012758746775
-0.517758879440 0.189064933616 0.013349806820
-0.516758379190 0.189658759079 0.013958390779
-0.515757878939 0.190255167062 0.014584461388
-0.514757378689 0.190854171068 0.015227980771
-0.513756878439 0.191455784673 0.015888910440
-0.512756378189 0.192060021529 0.016567211303
-0.511755877939 0.192666895366 0.017262843663
-0.510755377689 0.193276419988 0.017975767229
-0.509754877439 0.193888609275 0.018705941111
-0.508754377189 0.194503477187 0.019453323833
-0.507753876938 0.195121037758 0.020217873331
-0.506753376688 0.195741305103 0.020999546958
-0.505752876438 0.196364293413 0.021798301490
-0.504752376188 0.196990016957 0.022614093127
-0.503751875938 0.197618490083 0.023446877500
-0.502751375688 0.198249727221 0.024296609673
-0.501750875438 0.198883742876 0.025163244145
-0.500750375188 0.199520551635 0.026046734860
-0.499749874937 0.200160168167 0.026947035203
-0.498749374687 0.200802607217 0.027864098011
-0.497748874437 0.201447883616 0.028797875572
-0.496748374187 0.202096012271 0.029748319631
-0.495747873937 0.202747008176 0.030715381393
-0.494747373687 0.203400886402 0.031699011528
-0.493746873437 0.204057662105 0.032699160173
-0.492746373187 0.204717350524 0.033715776937
-0.491745872936 0.205379966978 0.034748810908
-0.490745372686 0.206045526872 0.035798210648
-0.489744872436 0.206714045693 0.036863924205
-0.488744372186 0.207385539014 0.037945899117
-0.487743871936 0.208060022490 0.039044082407
-0.486743371686 0.208737511861 0.040158420597
-0.485742871436 0.209418022953 0.041288859706
-0.484742371186 0.210101571676 0.042435345256
-0.483741870935 0.210788174027 0.043597822273
-0.482741370685 0.211477846087 0.044776235295
-0.481740870435 0.212170604025 0.045970528372
-0.480740370185 0.212866464096 0.047180645072
-0.479739869935 0.213565442640 0.048406528483
-0.478739369685 0.214267556088 0.049648121219
-0.477738869435 0.214972820954 0.050905365420
-0.476738369185 0.215681253844 0.052178202759
-0.475737868934 0.216392871449 0.053466574447
-0.474737368684 0.217107690549 0.054770421232
-0.473736868434 0.217825728014 0.056089683404
-0.472736368184 0.218547000801 0.057424300803
-0.471735867934 0.219271525959 0.058774212817
-0.470735367684 0.219999320623 0.060139358388
-0.469734867434 0.220730402020 0.061519676017
-0.468734367184 0.221464787468 0.062915103766
-0.467733866933 0.222202494373 0.064325579261
-0.466733366683 0.222943540232 0.065751039697
-0.465732866433 0.223687942635 0.067191421841
-0.464732366183 0.224435719262 0.068646662038
-0.463731865933 0.225186887882 0.070116696209
-0.462731365683 0.225941466361 0.071601459859
-0.461730865433 0.226699472652 0.073100888082
-0.460730365183 0.227460924801 0.074614915559
-0.459729864932 0.228225840950 0.076143476566
-0.458729364682 0.228994239329 0.077686504977
-0.457728864432 0.229766138264 0.079243934265
-0.456728364182 0.230541556172 0.080815697508
-0.455727863932 0.231320511566 0.082401727394
-0.454727363682 0.232103023048 0.084001956220
-0.453726863432 0.232889109319 0.085616315898
-0.452726363182 0.233678789170 0.087244737960
-0.451725862931 0.234472081488 0.088887153559
-0.450725362681 0.235269005253 0.090543493473
-0.449724862431 0.236069579542 0.092213688110
-0.448724362181 0.236873823523 0.093897667510
-0.447723861931 0.237681756461 0.095595361349
-0.446723361681 0.238493397715 0.097306698943
-0.445722861431 0.239308766742 0.099031609248
-0.444722361181 0.240127883089 0.100770020871
-0.443721860930 0.240950766402 0.102521862065
-0.442721360680 0.241777436423 0.104287060737
-0.441720860430 0.242607912987 0.106065544451
-0.440720360180 0.243442216025 0.107857240433
-0.439719859930 0.244280365567 0.109662075568
-0.438719359680 0.245122381735 0.111479976411
-0.437718859430 0.245968284749 0.113310869188
-0.436718359180 0.246818094924 0.115154679796
-0.435717858929 0.247671832673 0.117011333810
-0.434717358679 0.248529518502 0.118880756486
-0.433716858429 0.249391173015 0.120762872763
-0.432716358179 0.250256816913 0.122657607269
-0.431715857929 0.251126470992 0.124564884319
-0.430715357679 0.252000156144 0.126484627925
-0.429714857429 0.252877893358 0.128416761795
-0.428714357179 0.253759703718 0.130361209337
-0.427713856928 0.254645608406 0.132317893664
-0.426713356678 0.255535628698 0.134286737594
-0.425712856428 0.256429785968 0.136267663658
-0.424712356178 0.257328101683 0.138260594099
-0.423711855928 0.258230597410 0.140265450878
-0.422711355678 0.259137294808 0.142282155675
-0.421710855428 0.260048215634 0.144310629895
-0.420710355178 0.260963381740 0.146350794669
-0.419709854927 0.261882815072 0.148402570858
-0.418709354677 0.262806537673 0.150465879057
-0.417708854427 0.263734571680 0.152540639598
-0.416708354177 0.264666939326 0.154626772551
-0.415707853927 0.265603662937 0.156724197730
-0.414707353677 0.266544764935 0.158832834696
-0.413706853427 0.267490267835 0.160952602758
-0.412706353177 0.268440194247 0.163083420980
-0.411705852926 0.269394566874 0.165225208179
-0.410705352676 0.270353408512 0.167377882933
-0.409704852426 0.271316742052 0.169541363583
-0.408704352176 0.272284590474 0.171715568232
-0.407703851926 0.273256976855 0.173900414755
-0.406703351676 0.274233924361 0.176095820798
-0.405702851426 0.275215456250 0.178301703780
-0.404702351176 0.276201595873 0.180517980901
-0.403701850925 0.277192366668 0.182744569140
-0.402701350675 0.278187792168 0.184981385261
-0.401700850425 0.279187895992 0.187228345815
-0.400700350175 0.280192701851 0.189485367145
-0.399699849925 0.281202233545 0.191752365386
-0.398699349675 0.282216514959 0.194029256470
-0.397698849425 0.283235570069 0.196315956130
-0.396698349175 0.284259422938 0.198612379901
-0.395697848924 0.285288097714 0.200918443124
-0.394697348674 0.286321618631 0.203234060949
-0.393696848424 0.287360010010 0.205559148338
-0.392696348174 0.288403296255 0.207893620069
-0.391695847924 0.289451501855 0.210237390738
-0.390695347674 0.290504651381 0.212590374760
-0.389694847424 0.291562769487 0.214952486379
-0.388694347174 0.292625880907 0.217323639661
-0.387693846923 0.293694010459 0.219703748507
-0.386693346673 0.294767183038 0.222092726647
-0.385692846423 0.295845423618 0.224490487650
-0.384692346173 0.296928757253 0.226896944924
-0.383691845923 0.298017209073 0.229312011719
-0.382691345673 0.299110804282 0.231735601130
-0.381690845423 0.300209568163 0.234167626101
-0.380690345173 0.301313526071 0.236607999425
-0.379689844922 0.302422703433 0.239056633752
-0.378689344672 0.303537125749 0.241513441587
-0.377688844422 0.304656818589 0.243978335296
-0.376688344172 0.305781807594 0.246451227108
-0.375687843922 0.306912118471 0.248932029117
-0.374687343672 0.308047776996 0.251420653287
-0.373686843422 0.309188809008 0.253917011452
-0.372686343172 0.310335240414 0.256421015322
-0.371685842921 0.311487097180 0.258932576483
-0.370685342671 0.312644405337 0.261451606403
-0.369684842421 0.313807190973 0.263978016433
-0.368684342171 0.314975480237 0.266511717808
-0.367683841921 0.316149299333 0.269052621655
-0.366683341671 0.317328674522 0.271600638990
-0.365682841421 0.318513632117 0.274155680725
-0.364682341171 0.319704198485 0.276717657669
-0.363681840920 0.320900400041 0.279286480532
-0.362681340670 0.322102263251 0.281862059926
-0.361680840420 0.323309814627 0.284444306370
-0.360680340170 0.324523080724 0.287033130291
-0.359679839920 0.325742088142 0.289628442027
-0.358679339670 0.326966863520 0.292230151832
-0.357678839420 0.328197433539 0.294838169875
-0.356678339170 0.329433824915 0.297452406247
-0.355677838919 0.330676064396 0.300072770959
-0.354677338669 0.331924178768 0.302699173951
-0.353676838419 0.333178194843 0.305331525086
-0.352676338169 0.334438139463 0.307969734163
-0.351675837919 0.335704039495 0.310613710912
-0.350675337669 0.336975921828 0.313263364999
-0.349674837419 0.338253813375 0.315918606030
-0.348674337169 0.339537741063 0.318579343552
-0.347673836918 0.340827731839 0.321245487058
-0.346673336668 0.342123812659 0.323916945985
-0.345672836418 0.343426010492 0.326593629725
-0.344672336168 0.344734352312 0.329275447616
-0.343671835918 0.346048865101 0.331962308957
-0.342671335668 0.347369575840 0.334654123001
-0.341670835418 0.348696511509 0.337350798963
-0.340670335168 0.350029699084 0.340052246021
-0.339669834917 0.351369165534 0.342758373320
-0.338669334667 0.352714937818 0.345469089971
-0.337668834417 0.354067042879 0.348184305057
-0.336668334167 0.355425507644 0.350903927636
-0.335667833917 0.356790359020 0.353627866740
-0.334667333667 0.358161623888 0.356356031382
-0.333666833417 0.359539329103 0.359088330556
-0.332666333167 0.360923501488 0.361824673238
-0.331665832916 0.362314167831 0.364564968394
-0.330665332666 0.363711354882 0.367309124976
-0.329664832416 0.365115089346 0.370057051930
-0.328664332166 0.366525397883 0.372808658196
-0.327663831916 0.367942307103 0.375563852709
-0.326663331666 0.369365843558 0.378322544407
-0.325662831416 0.370796033745 0.381084642225
-0.324662331166 0.372232904095 0.383850055108
-0.323661830915 0.373676480971 0.386618692004
-0.322661330665 0.375126790664 0.389390461872
-0.321660830415 0.376583859390 0.392165273683
-0.320660330165 0.378047713280 0.394943036422
-0.319659829915 0.379518378382 0.397723659092
-0.318659329665 0.380995880650 0.400507050714
-0.317658829415 0.382480245944 0.403293120332
-0.316658329165 0.383971500020 0.406081777014
-0.315657828914 0.385469668532 0.408872929855
-0.314657328664 0.386974777017 0.411666487979
-0.313656828414 0.388486850900 0.414462360543
-0.312656328164 0.390005915479 0.417260456737
-0.311655827914 0.391531995926 0.420060685787
-0.310655327664 0.393065117280 0.422862956959
-0.309654827414 0.394605304438 0.425667179561
-0.308654327164 0.396152582154 0.428473262944
-0.307653826913 0.397706975028 0.431281116504
-0.306653326663 0.399268507505 0.434090649689
-0.305652826413 0.400837203862 0.436901771995
-0.304652326163 0.402413088211 0.439714392972
-0.303651825913 0.403996184481 0.442528422226
-0.302651325663 0.405586516424 0.445343769422
-0.301650825413 0.407184107596 0.448160344283
-0.300650325163 0.408788981360 0.450978056598
-0.299649824912 0.410401160872 0.453796816219
-0.298649324662 0.412020669080 0.456616533065
-0.297648824412 0.413647528710 0.459437117126
-0.296648324162 0.415281762266 0.462258478464
-0.295647823912 0.416923392015 0.465080527215
-0.294647323662 0.418572439987 0.467903173591
-0.293646823412 0.420228927959 0.470726327884
-0.292646323162 0.421892877455 0.473549900467
-0.291645822911 0.423564309734 0.476373801797
-0.290645322661 0.425243245780 0.479197942414
-0.289644822411 0.426929706298 0.482022232949
-0.288644322161 0.428623711702 0.484846584123
-0.287643821911 0.430325282110 0.487670906748
-0.286643321661 0.432034437331 0.490495111731
-0.285642821411 0.433751196859 0.493319110078
-0.284642321161 0.435475579863 0.496142812891
-0.283641820910 0.437207605178 0.498966131375
-0.282641320660 0.438947291297 0.501788976840
-0.281640820410 0.440694656358 0.504611260699
-0.280640320160 0.442449718138 0.507432894474
-0.279639819910 0.444212494040 0.510253789799
-0.278639319660 0.445983001088 0.513073858416
-0.277638819410 0.447761255910 0.515893012187
-0.276638319160 0.449547274733 0.518711163085
-0.275637818909 0.451341073371 0.521528223207
-0.274637318659 0.453142667216 0.524344104767
-0.273636818409 0.454952071221 0.527158720103
-0.272636318159 0.456769299898 0.529971981679
-0.271635817909 0.458594367301 0.532783802086
-0.270635317659 0.460427287016 0.535594094044
-0.269634817409 0.462268072149 0.538402770405
-0.268634317159 0.464116735318 0.541209744155
-0.267633816908 0.465973288636 0.544014928413
-0.266633316658 0.467837743702 0.546818236438
-0.265632816408 0.469710111589 0.549619581630
-0.264632316158 0.471590402831 0.552418877528
-0.263631815908 0.473478627410 0.555216037817
-0.262631315658 0.475374794745 0.558010976326
-0.261630815408 0.477278913677 0.560803607034
-0.260630315158 0.479190992459 0.563593844070
-0.259629814907 0.481111038738 0.566381601713
-0.258629314657 0.483039059549 0.569166794398
-0.257628814407 0.484975061292 0.571949336715
-0.256628314157 0.486919049728 0.574729143413
-0.255627813907 0.488871029958 0.577506129401
-0.254627313657 0.490831006411 0.580280209748
-0.253626813407 0.492798982832 0.583051299691
-0.252626313157 0.494774962264 0.585819314629
-0.251625812906 0.496758947035 0.588584170132
-0.250625312656 0.498750938746 0.591345781937
-0.249624812406 0.500750938250 0.594104065956
-0.248624312156 0.502758945641 0.596858938272
-0.247623811906 0.504774960238 0.599610315146
-0.246623311656 0.506798980568 0.602358113016
-0.245622811406 0.508831004354 0.605102248498
-0.244622311156 0.510871028493 0.607842638391
-0.243621810905 0.512919049046 0.610579199678
-0.242621310655 0.514975061218 0.613311849526
-0.241620810405 0.517039059341 0.616040505289
-0.240620310155 0.519111036862 0.618765084511
-0.239619809905 0.521190986320 0.621485504927
-0.238619309655 0.523278899334 0.624201684464
-0.237618809405 0.525374766582 0.626913541243
-0.236618309155 0.527478577788 0.629620993583
-0.235617808904 0.529590321700 0.632323960001
-0.234617308654 0.531709986073 0.635022359214
-0.233616808404 0.533837557654 0.637716110140
-0.232616308154 0.535973022161 0.640405131901
-0.231615807904 0.538116364268 0.643089343826
-0.230615307654 0.540267567581 0.645768665451
-0.229614807404 0.542426614625 0.648443016519
-0.228614307154 0.544593486822 0.651112316987
-0.227613806903 0.546768164473 0.653776487023
-0.226613306653 0.548950626739 0.656435447010
-0.225612806403 0.551140851623 0.659089117546
-0.224612306153 0.553338815947 0.661737419449
-0.223611805903 0.555544495335 0.664380273756
-0.222611305653 0.557757864195 0.667017601725
-0.221610805403 0.559978895696 0.669649324837
-0.220610305153 0.562207561746 0.672275364800
-0.219609804902 0.564443832979 0.674895643545
-0.218609304652 0.566687678730 0.677510083236
-0.217608804402 0.568939067011 0.680118606263
-0.216608304152 0.571197964500 0.682721135249
-0.215607803902 0.573464336512 0.685317593053
-0.214607303652 0.575738146979 0.687907902764
-0.213606803402 0.578019358436 0.690491987713
-0.212606303152 0.580307931991 0.693069771466
-0.211605802901 0.582603827310 0.695641177831
-0.210605302651 0.584907002591 0.698206130856
-0.209604802401 0.587217414548 0.700764554835
-0.208604302151 0.589535018386 0.703316374303
-0.207603801901 0.591859767780 0.705861514046
-0.206603301651 0.594191614852 0.708399899096
-0.205602801401 0.596530510154 0.710931454734
-0.204602301151 0.598876402642 0.713456106495
-0.203601800900 0.601229239654 0.715973780165
-0.202601300650 0.603588966892 0.718484401784
-0.201600800400 0.605955528395 0.720987897652
-0.200600300150 0.608328866522 0.723484194322
-0.199599799900 0.610708921926 0.725973218609
-0.198599299650 0.613095633536 0.728454897589
-0.197598799400 0.615488938530 0.730929158600
-0.196598299150 0.617888772317 0.733395929242
-0.195597798899 0.620295068516 0.735855137385
-0.194597298649 0.622707758927 0.738306711161
-0.193596798399 0.625126773519 0.740750578974
-0.192596298149 0.627552040400 0.743186669497
-0.191595797899 0.629983485797 0.745614911674
-0.190595297649 0.632421034040 0.748035234722
-0.189594797399 0.634864607530 0.750447568133
-0.188594297149 0.637314126728 0.752851841675
-0.187593796898 0.639769510123 0.755247985394
-0.186593296648 0.642230674222 0.757635929614
-0.185592796398 0.644697533516 0.760015604939
-0.184592296148 0.647170000471 0.762386942255
-0.183591795898 0.649647985498 0.764749872733
-0.182591295648 0.652131396937 0.767104327827
-0.181590795398 0.654620141032 0.769450239277
-0.180590295148 0.657114121915 0.771787539110
-0.179589794897 0.659613241584 0.774116159644
-0.178589294647 0.662117399881 0.776436033486
-0.177588794397 0.664626494474 0.778747093535
-0.176588294147 0.667140420836 0.781049272981
-0.175587793897 0.669659072227 0.783342505313
-0.174587293647 0.672182339675 0.785626724311
-0.173586793397 0.674710111954 0.787901864056
-0.172586293147 0.677242275567 0.790167858925
-0.171585792896 0.679778714732 0.792424643595
-0.170585292646 0.682319311356 0.794672153046
-0.169584792396 0.684863945024 0.796910322559
-0.168584292146 0.687412492979 0.799139087719
-0.167583791896 0.689964830105 0.801358384418
-0.166583291646 0.692520828910 0.803568148851
-0.165582791396 0.695080359514 0.805768317523
-0.164582291146 0.697643289628 0.807958827249
-0.163581790895 0.700209484542 0.810139615153
-0.162581290645 0.702778807109 0.812310618669
-0.161580790395 0.705351117732 0.814471775548
-0.160580290145 0.707926274351 0.816623023851
-0.159579789895 0.710504132427 0.818764301956
-0.158579289645 0.713084544931 0.820895548560
-0.157578789395 0.715667362335 0.823016702674
-0.156578289145 0.718252432594 0.825127703629
-0.155577788894 0.720839601143 0.827228491079
-0.154577288644 0.723428710880 0.829319004997
-0.153576788394 0.726019602161 0.831399185679
-0.152576288144 0.728612112790 0.833468973746
-0.151575787894 0.731206078012 0.835528310142
-0.150575287644 0.733801330501 0.837577136140
-0.149574787394 0.736397700361 0.839615393340
-0.148574287144 0.738995015114 0.841643023667
-0.147573786893 0.741593099697 0.843659969382
-0.146573286643 0.744191776459 0.845666173071
-0.145572786393 0.746790865158 0.847661577657
-0.144572286143 0.749390182954 0.849646126392
-0.143571785893 0.751989544412 0.851619762866
-0.142571285643 0.754588761502 0.853582431001
-0.141570785393 0.757187643595 0.855534075059
-0.140570285143 0.759785997467 0.857474639637
-0.139569784892 0.762383627301 0.859404069673
-0.138569284642 0.764980334688 0.861322310443
-0.137568784392 0.767575918637 0.863229307565
-0.136568284142 0.770170175572 0.865125006998
-0.135567783892 0.772762899345 0.867009355046
-0.134567283642 0.775353881241 0.868882298356
-0.133566783392 0.777942909985 0.870743783920
-0.132566283142 0.780529771754 0.872593759076
-0.131565782891 0.783114250187 0.874432171510
-0.130565282641 0.785696126397 0.876258969257
-0.129564782391 0.788275178984 0.878074100700
-0.128564282141 0.790851184050 0.879877514572
-0.127563781891 0.793423915212 0.881669159959
-0.126563281641 0.795993143624 0.883448986298
-0.125562781391 0.798558637990 0.885216943380
-0.124562281141 0.801120164586 0.886972981351
-0.123561780890 0.803677487282 0.888717050710
-0.122561280640 0.806230367559 0.890449102315
-0.121560780390 0.808778564540 0.892169087379
-0.120560280140 0.811321835008 0.893876957475
-0.119559779890 0.813859933437 0.895572664533
-0.118559279640 0.816392612016 0.897256160845
-0.117558779390 0.818919620682 0.898927399063
-0.116558279140 0.821440707146 0.900586332201
-0.115557778889 0.823955616928 0.902232913636
-0.114557278639 0.826464093391 0.903867097108
-0.113556778389 0.828965877773 0.905488836724
-0.112556278139 0.831460709226 0.907098086952
-0.111555777889 0.833948324852 0.908694802632
-0.110555277639 0.836428459743 0.910278938965
-0.109554777389 0.838900847025 0.911850451526
-0.108554277139 0.841365217895 0.913409296255
-0.107553776888 0.843821301668 0.914955429464
-0.106553276638 0.846268825823 0.916488807833
-0.105552776388 0.848707516051 0.918009388417
-0.104552276138 0.851137096298 0.919517128642
-0.103551775888 0.853557288824 0.921011986305
-0.102551275638 0.855967814247 0.922493919579
-0.101550775388 0.858368391601 0.923962887012
-0.100550275138 0.860758738390 0.925418847527
-0.099549774887 0.863138570642 0.926861760423
-0.098549274637 0.865507602971 0.928291585376
-0.097548774387 0.867865548635 0.929708282440
-0.096548274137 0.870212119595 0.931111812049
-0.095547773887 0.872547026583 0.932502135015
-0.094547273637 0.874869979159 0.933879212529
-0.093546773387 0.877180685786 0.935243006167
-0.092546273137 0.879478853887 0.936593477881
-0.091545772886 0.881764189923 0.937930590010
-0.090545272636 0.884036399460 0.939254305275
-0.089544772386 0.886295187236 0.940564586778
-0.088544272136 0.888540257245 0.941861398009
-0.087543771886 0.890771312802 0.943144702842
-0.086543271636 0.892988056623 0.944414465536
-0.085542771386 0.895190190904 0.945670650738
-0.084542271136 0.897377417400 0.946913223480
-0.083541770885 0.899549437500 0.948142149185
-0.082541270635 0.901705952318 0.949357393661
-0.081540770385 0.903846662769 0.950558923109
-0.080540270135 0.905971269654 0.951746704117
-0.079539769885 0.908079473750 0.952920703664
-0.078539269635 0.910170975894 0.954080889120
-0.077538769385 0.912245477069 0.955227228249
-0.076538269135 0.914302678499 0.956359689203
-0.075537768884 0.916342281733 0.957478240531
-0.074537268634 0.918363988742 0.958582851173
-0.073536768384 0.920367502007 0.959673490464
-0.072536268134 0.922352524616 0.960750128134
-0.071535767884 0.924318760358 0.961812734308
-0.070535267634 0.926265913817 0.962861279507
-0.069534767384 0.928193690468 0.963895734646
-0.068534267134 0.930101796777 0.964916071041
-0.067533766883 0.931989940295 0.965922260403
-0.066533266633 0.933857829763 0.966914274841
-0.065532766383 0.935705175202 0.967892086862
-0.064532266133 0.937531688024 0.968855669375
-0.063531765883 0.939337081121 0.969804995686
-0.062531265633 0.941121068978 0.970740039500
-0.061530765383 0.942883367763 0.971660774925
-0.060530265133 0.944623695440 0.972567176470
-0.059529764882 0.946341771861 0.973459219043
-0.058529264632 0.948037318877 0.974336877956
-0.057528764382 0.949710060436 0.975200128924
-0.056528264132 0.951359722687 0.976048948063
-0.055527763882 0.952986034084 0.976883311894
-0.054527263632 0.954588725488 0.977703197339
-0.053526763382 0.956167530272 0.978508581729
-0.052526263132 0.957722184421 0.979299442795
-0.051525762881 0.959252426637 0.980075758675
-0.050525262631 0.960757998441 0.980837507913
-0.049524762381 0.962238644274 0.981584669458
-0.048524262131 0.963694111604 0.982317222666
-0.047523761881 0.965124151018 0.983035147298
-0.046523261631 0.966528516333 0.983738423525
-0.045522761381 0.967906964690 0.984427031922
-0.044522261131 0.969259256654 0.985100953473
-0.043521760880 0.970585156317 0.985760169572
-0.042521260630 0.971884431393 0.986404662019
-0.041520760380 0.973156853314 0.987034413024
-0.040520260130 0.974402197330 0.987649405206
-0.039519759880 0.975620242601 0.988249621593
-0.038519259630 0.976810772294 0.988835045622
-0.037518759380 0.977973573673 0.989405661143
-0.036518259130 0.979108438193 0.989961452414
-0.035517758879 0.980215161590 0.990502404104
-0.034517258629 0.981293543969 0.991028501293
-0.033516758379 0.982343389895 0.991539729472
-0.032516258129 0.983364508474 0.992036074545
-0.031515757879 0.984356713442 0.992517522827
-0.030515257629 0.985319823244 0.992984061043
-0.029514757379 0.986253661120 0.993435676333
-0.028514257129 0.987158055181 0.993872356249
-0.027513756878 0.988032838485 0.994294088754
-0.026513256628 0.988877849117 0.994700862227
-0.025512756378 0.989692930261 0.995092665456
-0.024512256128 0.990477930268 0.995469487648
-0.023511755878 0.991232702733 0.995831318417
-0.022511255628 0.991957106554 0.996178147797
-0.021510755378 0.992651006003 0.996509966232
-0.020510255128 0.993314270785 0.996826764581
-0.019509754877 0.993946776104 0.997128534118
-0.018509254627 0.994548402712 0.997415266532
-0.017508754377 0.995119036976 0.997686953924
-0.016508254127 0.995658570921 0.997943588813
-0.015507753877 0.996166902288 0.998185164131
-0.014507253627 0.996643934578 0.998411673226
-0.013506753377 0.997089577098 0.998623109860
-0.012506253127 0.997503745007 0.998819468211
-0.011505752876 0.997886359351 0.999000742874
-0.010505252626 0.998237347107 0.999166928855
-0.009504752376 0.998556641212 0.999318021582
-0.008504252126 0.998844180597 0.999454016892
-0.007503751876 0.999099910216 0.999574911043
-0.006503251626 0.999323781074 0.999680700707
-0.005502751376 0.999515750248 0.999771382970
-0.004502251126 0.999675780909 0.999846955337
-0.003501750875 0.999803842338 0.999907415727
-0.002501250625 0.999899909944 0.999952762476
-0.001500750375 0.999963965272 0.999982994335
-0.000500250125 0.999995996013 0.999998110473
0.000500250125 0.999995996013 0.999998110473
0.001500750375 0.999963965272 0.999982994335
0.002501250625 0.999899909944 0.999952762476
0.003501750875 0.999803842338 0.999907415727
0.004502251126 0.999675780909 0.999846955337
0.005502751376 0.999515750248 0.999771382970
0.006503251626 0.999323781074 0.999680700707
0.007503751876 0.999099910216 0.999574911043
0.008504252126 0.998844180597 0.999454016892
0.009504752376 0.998556641212 0.999318021582
0.010505252626 0.998237347107 0.999166928855
0.011505752876 0.997886359351 0.999000742874
0.012506253127 0.997503745007 0.998819468211
0.013506753377 0.997089577098 0.998623109860
0.014507253627 0.996643934578 0.998411673226
0.015507753877 0.996166902288 0.998185164131
0.016508254127 0.995658570921 0.997943588813
0.017508754377 0.995119036976 0.997686953924
0.018509254627 0.994548402712 0.997415266532
0.019509754877 0.993946776104 0.997128534118
0.020510255128 0.993314270785 0.996826764581
0.021510755378 0.992651006003 0.996509966232
0.022511255628 0.991957106554 0.996178147797
0.023511755878 0.991232702733 0.995831318417
0.024512256128 0.990477930268 0.995469487648
0.025512756378 0.989692930261 0.995092665456
0.026513256628 0.988877849117 0.994700862227
0.027513756878 0.988032838485 0.994294088754
0.028514257129 0.987158055181 0.993872356249
0.029514757379 0.986253661120 0.993435676333
0.030515257629 0.985319823244 0.992984061043
0.031515757879 0.984356713442 0.992517522827
0.032516258129 0.983364508474 0.992036074545
0.033516758379 0.982343389895 0.991539729472
0.034517258629 0.981293543969 0.991028501293
0.035517758879 0.980215161590 0.990502404104
0.036518259130 0.979108438193 0.989961452414
0.037518759380 0.977973573673 0.989405661143
0.038519259630 0.976810772294 0.988835045622
0.039519759880 0.975620242601 0.988249621593
0.040520260130 0.974402197330 0.987649405206
0.041520760380 0.973156853314 0.987034413024
0.042521260630 0.971884431393 0.986404662019
0.043521760880 0.970585156317 0.985760169572
0.044522261131 0.969259256654 0.985100953473
0.045522761381 0.967906964690 0.984427031922
0.046523261631 0.966528516333 0.983738423525
0.047523761881 0.965124151018 0.983035147298
0.048524262131 0.963694111604 0.982317222666
0.049524762381 0.962238644274 0.981584669458
0.050525262631 0.960757998441 0.980837507913
0.051525762881 0.959252426637 0.980075758675
0.052526263132 0.957722184421 0.979299442795
0.053526763382 0.956167530272 0.978508581729
0.054527263632 0.954588725488 0.977703197339
0.055527763882 0.952986034084 0.976883311894
0.056528264132 0.951359722687 0.976048948063
0.057528764382 0.949710060436 0.975200128924
0.058529264632 0.948037318877 0.974336877956
0.059529764882 0.946341771861 0.973459219043
0.060530265133 0.944623695440 0.972567176470
0.061530765383 0.942883367763 0.971660774925
0.062531265633 0.941121068978 0.970740039500
0.063531765883 0.939337081121 0.969804995686
0.064532266133 0.937531688024 0.968855669375
0.065532766383 0.935705175202 0.967892086862
0.066533266633 0.933857829763 0.966914274841
0.067533766883 0.931989940295 0.965922260403
0.068534267134 0.930101796777 0.964916071041
0.069534767384 0.928193690468 0.963895734646
0.070535267634 0.926265913817 0.962861279507
0.071535767884 0.924318760358 0.961812734308
0.072536268134 0.922352524616 0.960750128134
0.073536768384 0.920367502007 0.959673490464
0.074537268634 0.918363988742 0.958582851173
0.075537768884 0.916342281733 0.957478240531
0.076538269135 0.914302678499 0.956359689203
0.077538769385 0.912245477069 0.955227228249
0.078539269635 0.910170975894 0.954080889120
0.079539769885 0.908079473750 0.952920703664
0.080540270135 0.905971269654 0.951746704117
0.081540770385 0.903846662769 0.950558923109
0.082541270635 0.901705952318 0.949357393661
0.083541770885 0.899549437500 0.948142149185
0.084542271136 0.897377417400 0.946913223480
0.085542771386 0.895190190904 0.945670650738
0.086543271636 0.892988056623 0.944414465536
0.087543771886 0.890771312802 0.943144702842
0.088544272136 0.888540257245 0.941861398009
0.089544772386 0.886295187236 0.940564586778
0.090545272636 0.884036399460 0.939254305275
0.091545772886 0.881764189923 0.937930590010
0.092546273137 0.879478853887 0.936593477881
0.093546773387 0.877180685786 0.935243006167
0.094547273637 0.874869979159 0.933879212529
0.095547773887 0.872547026583 0.932502135015
0.096548274137 0.870212119595 0.931111812049
0.097548774387 0.867865548635 0.929708282440
0.098549274637 0.865507602971 0.928291585376
0.099549774887 0.863138570642 0.926861760423
0.100550275138 0.860758738390 0.925418847527
0.101550775388 0.858368391601 0.923962887012
0.102551275638 0.855967814247 0.922493919579
0.103551775888 0.853557288824 0.921011986305
0.104552276138 0.851137096298 0.919517128642
0.105552776388 0.848707516051 0.918009388417
0.106553276638 0.846268825823 0.916488807833
0.107553776888 0.843821301668 0.914955429464
0.108554277139 0.841365217895 0.913409296255
0.109554777389 0.838900847025 0.911850451526
0.110555277639 0.836428459743 0.910278938965
0.111555777889 0.833948324852 0.908694802632
0.112556278139 0.831460709226 0.907098086952
0.113556778389 0.828965877773 0.905488836724
0.114557278639 0.826464093391 0.903867097108
0.115557778889 0.823955616928 0.902232913636
0.116558279140 0.821440707146 0.900586332201
0.117558779390 0.818919620682 0.898927399063
0.118559279640 0.816392612016 0.897256160845
0.119559779890 0.813859933437 0.895572664533
0.120560280140 0.811321835008 0.893876957475
0.121560780390 0.808778564540 0.892169087379
0.122561280640 0.806230367559 0.890449102315
0.123561780890 0.803677487282 0.888717050710
0.124562281141 0.801120164586 0.886972981351
0.125562781391 0.798558637990 0.885216943380
0.126563281641 0.795993143624 0.883448986298
0.127563781891 0.793423915212 0.881669159959
0.128564282141 0.790851184050 0.879877514572
0.129564782391 0.788275178984 0.878074100700
0.130565282641 0.785696126397 0.876258969257
0.131565782891 0.783114250187 0.874432171510
0.132566283142 0.780529771754 0.872593759076
0.133566783392 0.777942909985 0.870743783920
0.134567283642 0.775353881241 0.868882298356
0.135567783892 0.772762899345 0.867009355046
0.136568284142 0.770170175572 0.865125006998
0.137568784392 0.767575918637 0.863229307565
0.138569284642 0.764980334688 0.861322310443
0.139569784892 0.762383627301 0.859404069673
0.140570285143 0.759785997467 0.857474639637
0.141570785393 0.757187643595 0.855534075059
0.142571285643 0.754588761502 0.853582431001
0.143571785893 0.751989544412 0.851619762866
0.144572286143 0.749390182954 0.849646126392
0.145572786393 0.746790865158 0.847661577657
0.146573286643 0.744191776459 0.845666173071
0.147573786893 0.741593099697 0.843659969382
0.148574287144 0.738995015114 0.841643023667
0.149574787394 0.736397700361 0.839615393340
0.150575287644 0.733801330501 0.837577136140
0.151575787894 0.731206078012 0.835528310142
0.152576288144 0.728612112790 0.833468973746
0.153576788394 0.726019602161 0.831399185679
0.154577288644 0.723428710880 0.829319004997
0.155577788894 0.720839601143 0.827228491079
0.156578289145 0.718252432594 0.825127703629
0.157578789395 0.715667362335 0.823016702674
0.158579289645 0.713084544931 0.820895548560
0.159579789895 0.710504132427 0.818764301956
0.160580290145 0.707926274351 0.816623023851
0.161580790395 0.705351117732 0.814471775548
0.162581290645 0.702778807109 0.812310618669
0.163581790895 0.700209484542 0.810139615153
0.164582291146 0.697643289628 0.807958827249
0.165582791396 0.695080359514 0.805768317523
0.166583291646 0.692520828910 0.803568148851
0.167583791896 0.689964830105 0.801358384418
0.168584292146 0.687412492979 0.799139087719
0.169584792396 0.684863945024 0.796910322559
0.170585292646 0.682319311356 0.794672153046
0.171585792896 0.679778714732 0.792424643595
0.172586293147 0.677242275567 0.790167858925
0.173586793397 0.674710111954 0.787901864056
0.174587293647 0.672182339675 0.785626724311
0.175587793897 0.669659072227 0.783342505313
0.176588294147 0.667140420836 0.781049272981
0.177588794397 0.664626494474 0.778747093535
0.178589294647 0.662117399881 0.776436033486
0.179589794897 0.659613241584 0.774116159644
0.180590295148 0.657114121915 0.771787539110
0.181590795398 0.654620141032 0.769450239277
0.182591295648 0.652131396937 0.767104327827
0.183591795898 0.649647985498 0.764749872733
0.184592296148 0.647170000471 0.762386942255
0.185592796398 0.644697533516 0.760015604939
0.186593296648 0.642230674222 0.757635929614
0.187593796898 0.639769510123 0.755247985394
0.188594297149 0.637314126728 0.752851841675
0.189594797399 0.634864607530 0.750447568133
0.190595297649 0.632421034040 0.748035234722
0.191595797899 0.629983485797 0.745614911674
0.192596298149 0.627552040400 0.743186669497
0.193596798399 0.625126773519 0.740750578974
0.194597298649 0.622707758927 0.738306711161
0.195597798899 0.620295068516 0.735855137385
0.196598299150 0.617888772317 0.733395929242
0.197598799400 0.615488938530 0.730929158600
0.198599299650 0.613095633536 0.728454897589
0.199599799900 0.610708921926 0.725973218609
0.200600300150 0.608328866522 0.723484194322
0.201600800400 0.605955528395 0.720987897652
0.202601300650 0.603588966892 0.718484401784
0.203601800900 0.601229239654 0.715973780165
0.204602301151 0.598876402642 0.713456106495
0.205602801401 0.596530510154 0.710931454734
0.206603301651 0.594191614852 0.708399899096
0.207603801901 0.591859767780 0.705861514046
0.208604302151 0.589535018386 0.703316374303
0.209604802401 0.587217414548 0.700764554835
0.210605302651 0.584907002591 0.698206130856
0.211605802901 0.582603827310 0.695641177831
0.212606303152 0.580307931991 0.693069771466
0.213606803402 0.578019358436 0.690491987713
0.214607303652 0.575738146979 0.687907902764
0.215607803902 0.573464336512 0.685317593053
0.216608304152 0.571197964500 0.682721135249
0.217608804402 0.568939067011 0.680118606263
0.218609304652 0.566687678730 0.677510083236
0.219609804902 0.564443832979 0.674895643545
0.220610305153 0.562207561746 0.672275364800
0.221610805403 0.559978895696 0.669649324837
0.222611305653 0.557757864195 0.667017601725
0.223611805903 0.555544495335 0.664380273756
0.224612306153 0.553338815947 0.661737419449
0.225612806403 0.551140851623 0.659089117546
0.226613306653 0.548950626739 0.656435447010
0.227613806903 0.546768164473 0.653776487023
0.228614307154 0.544593486822 0.651112316987
0.229614807404 0.542426614625 0.648443016519
0.230615307654 0.540267567581 0.645768665451
0.231615807904 0.538116364268 0.643089343826
0.232616308154 0.535973022161 0.640405131901
0.233616808404 0.533837557654 0.637716110140
0.234617308654 0.531709986073 0.635022359214
0.235617808904 0.529590321700 0.632323960001
0.236618309155 0.527478577788 0.629620993583
0.237618809405 0.525374766582 0.626913541243
0.238619309655 0.523278899334 0.624201684464
0.239619809905 0.521190986320 0.621485504927
0.240620310155 0.519111036862 0.618765084511
0.241620810405 0.517039059341 0.616040505289
0.242621310655 0.514975061218 0.613311849526
0.243621810905 0.512919049046 0.610579199678
0.244622311156 0.510871028493 0.607842638391
0.245622811406 0.508831004354 0.605102248498
0.246623311656 0.506798980568 0.602358113016
0.247623811906 0.504774960238 0.599610315146
0.248624312156 0.502758945641 0.596858938272
0.249624812406 0.500750938250 0.594104065956
0.250625312656 0.498750938746 0.591345781937
0.251625812906 0.496758947035 0.588584170132
0.252626313157 0.494774962264 0.585819314629
0.253626813407 0.492798982832 0.583051299691
0.254627313657 0.490831006411 0.580280209748
0.255627813907 0.488871029958 0.577506129401
0.256628314157 0.486919049728 0.574729143413
0.257628814407 0.484975061292 0.571949336715
0.258629314657 0.483039059549 0.569166794398
0.259629814907 0.481111038738 0.566381601713
0.260630315158 0.479190992459 0.563593844070
0.261630815408 0.477278913677 0.560803607034
0.262631315658 0.475374794745 0.558010976326
0.263631815908 0.473478627410 0.555216037817
0.264632316158 0.471590402831 0.552418877528
0.265632816408 0.469710111589 0.549619581630
0.266633316658 0.467837743702 0.546818236438
0.267633816908 0.465973288636 0.544014928413
0.268634317159 0.464116735318 0.541209744155
0.269634817409 0.462268072149 0.538402770405
0.270635317659 0.460427287016 0.535594094044
0.271635817909 0.458594367301 0.532783802086
0.272636318159 0.456769299898 0.529971981679
0.273636818409 0.454952071221 0.527158720103
0.274637318659 0.453142667216 0.524344104767
0.275637818909 0.451341073371 0.521528223207
0.276638319160 0.449547274733 0.518711163085
0.277638819410 0.447761255910 0.515893012187
0.278639319660 0.445983001088 0.513073858416
0.279639819910 0.444212494040 0.510253789799
0.280640320160 0.442449718138 0.507432894474
0.281640820410 0.440694656358 0.504611260699
0.282641320660 0.438947291297 0.501788976840
0.283641820910 0.437207605178 0.498966131375
0.284642321161 0.435475579863 0.496142812891
0.285642821411 0.433751196859 0.493319110078
0.286643321661 0.432034437331 0.490495111731
0.287643821911 0.430325282110 0.487670906748
0.288644322161 0.428623711702 0.484846584123
0.289644822411 0.426929706298 0.482022232949
0.290645322661 0.425243245780 0.479197942414
0.291645822911 0.423564309734 0.476373801797
0.292646323162 0.421892877455 0.473549900467
0.293646823412 0.420228927959 0.470726327884
0.294647323662 0.418572439987 0.467903173591
0.295647823912 0.416923392015 0.465080527215
0.296648324162 0.415281762266 0.462258478464
0.297648824412 0.413647528710 0.459437117126
0.298649324662 0.412020669080 0.456616533065
0.299649824912 0.410401160872 0.453796816219
0.300650325163 0.408788981360 0.450978056598
0.301650825413 0.407184107596 0.448160344283
0.302651325663 0.405586516424 0.445343769422
0.303651825913 0.403996184481 0.442528422226
0.304652326163 0.402413088211 0.439714392972
0.305652826413 0.400837203862 0.436901771995
0.306653326663 0.399268507505 0.434090649689
0.307653826913 0.397706975028 0.431281116504
0.308654327164 0.396152582154 0.428473262944
0.309654827414 0.394605304438 0.425667179561
0.310655327664 0.393065117280 0.422862956959
0.311655827914 0.391531995926 0.420060685787
0.312656328164 0.390005915479 0.417260456737
0.313656828414 0.388486850900 0.414462360543
0.314657328664 0.386974777017 0.411666487979
0.315657828914 0.385469668532 0.408872929855
0.316658329165 0.383971500020 0.406081777014
0.317658829415 0.382480245944 0.403293120332
0.318659329665 0.380995880650 0.400507050714
0.319659829915 0.379518378382 0.397723659092
0.320660330165 0.378047713280 0.394943036422
0.321660830415 0.376583859390 0.392165273683
0.322661330665 0.375126790664 0.389390461872
0.323661830915 0.373676480971 0.386618692004
0.324662331166 0.372232904095 0.383850055108
0.325662831416 0.370796033745 0.381084642225
0.326663331666 0.369365843558 0.378322544407
0.327663831916 0.367942307103 0.375563852709
0.328664332166 0.366525397883 0.372808658196
0.329664832416 0.365115089346 0.370057051930
0.330665332666 0.363711354882 0.367309124976
0.331665832916 0.362314167831 0.364564968394
0.332666333167 0.360923501488 0.361824673238
0.333666833417 0.359539329103 0.359088330556
0.334667333667 0.358161623888 0.356356031382
0.335667833917 0.356790359020 0.353627866740
0.336668334167 0.355425507644 0.350903927636
0.337668834417 0.354067042879 0.348184305057
0.338669334667 0.352714937818 0.345469089971
0.339669834917 0.351369165534 0.342758373320
0.340670335168 0.350029699084 0.340052246021
0.341670835418 0.348696511509 0.337350798963
0.342671335668 0.347369575840 0.334654123001
0.343671835918 0.346048865101 0.331962308957
0.344672336168 0.344734352312 0.329275447616
0.345672836418 0.343426010492 0.326593629725
0.346673336668 0.342123812659 0.323916945985
0.347673836918 0.340827731839 0.321245487058
0.348674337169 0.339537741063 0.318579343552
0.349674837419 0.338253813375 0.315918606030
0.350675337669 0.336975921828 0.313263364999
0.351675837919 0.335704039495 0.310613710912
0.352676338169 0.334438139463 0.307969734163
0.353676838419 0.333178194843 0.305331525086
0.354677338669 0.331924178768 0.302699173951
0.355677838919 0.330676064396 0.300072770959
0.356678339170 0.329433824915 0.297452406247
0.357678839420 0.328197433539 0.294838169875
0.358679339670 0.326966863520 0.292230151832
0.359679839920 0.325742088142 0.289628442027
0.360680340170 0.324523080724 0.287033130291
0.361680840420 0.323309814627 0.284444306370
0.362681340670 0.322102263251 0.281862059926
0.363681840920 0.320900400041 0.279286480532
0.364682341171 0.319704198485 0.276717657669
0.365682841421 0.318513632117 0.274155680725
0.366683341671 0.317328674522 0.271600638990
0.367683841921 0.316149299333 0.269052621655
0.368684342171 0.314975480237 0.266511717808
0.369684842421 0.313807190973 0.263978016433
0.370685342671 0.312644405337 0.261451606403
0.371685842921 0.311487097180 0.258932576483
0.372686343172 0.310335240414 0.256421015322
0.373686843422 0.309188809008 0.253917011452
0.374687343672 0.308047776996 0.251420653287
0.375687843922 0.306912118471 0.248932029117
0.376688344172 0.305781807594 0.246451227108
0.377688844422 0.304656818589 0.243978335296
0.378689344672 0.303537125749 0.241513441587
0.379689844922 0.302422703433 0.239056633752
0.380690345173 0.301313526071 0.236607999425
0.381690845423 0.300209568163 0.234167626101
0.382691345673 0.299110804282 0.231735601130
0.383691845923 0.298017209073 0.229312011719
0.384692346173 0.296928757253 0.226896944924
0.385692846423 0.295845423618 0.224490487650
0.386693346673 0.294767183038 0.222092726647
0.387693846923 0.293694010459 0.219703748507
0.388694347174 0.292625880907 0.217323639661
0.389694847424 0.291562769487 0.214952486379
0.390695347674 0.290504651381 0.212590374760
0.391695847924 0.289451501855 0.210237390738
0.392696348174 0.288403296255 0.207893620069
0.393696848424 0.287360010010 0.205559148338
0.394697348674 0.286321618631 0.203234060949
0.395697848924 0.285288097714 0.200918443124
0.396698349175 0.284259422938 0.198612379901
0.397698849425 0.283235570069 0.196315956130
0.398699349675 0.282216514959 0.194029256470
0.399699849925 0.281202233545 0.191752365386
0.400700350175 0.280192701851 0.189485367145
0.401700850425 0.279187895992 0.187228345815
0.402701350675 0.278187792168 0.184981385261
0.403701850925 0.277192366668 0.182744569140
0.404702351176 0.276201595873 0.180517980901
0.405702851426 0.275215456250 0.178301703780
0.406703351676 0.274233924361 0.176095820798
0.407703851926 0.273256976855 0.173900414755
0.408704352176 0.272284590474 0.171715568232
0.409704852426 0.271316742052 0.169541363583
0.410705352676 0.270353408512 0.167377882933
0.411705852926 0.269394566874 0.165225208179
0.412706353177 0.268440194247 0.163083420980
0.413706853427 0.267490267835 0.160952602758
0.414707353677 0.266544764935 0.158832834696
0.415707853927 0.265603662937 0.156724197730
0.416708354177 0.264666939326 0.154626772551
0.417708854427 0.263734571680 0.152540639598
0.418709354677 0.262806537673 0.150465879057
0.419709854927 0.261882815072 0.148402570858
0.420710355178 0.260963381740 0.146350794669
0.421710855428 0.260048215634 0.144310629895
0.422711355678 0.259137294808 0.142282155675
0.423711855928 0.258230597410 0.140265450878
0.424712356178 0.257328101683 0.138260594099
0.425712856428 0.256429785968 0.136267663658
0.426713356678 0.255535628698 0.134286737594
0.427713856928 0.254645608406 0.132317893664
0.428714357179 0.253759703718 0.130361209337
0.429714857429 0.252877893358 0.128416761795
0.430715357679 0.252000156144 0.126484627925
0.431715857929 0.251126470992 0.124564884319
0.432716358179 0.250256816913 0.122657607269
0.433716858429 0.249391173015 0.120762872763
0.434717358679 0.248529518502 0.118880756486
0.435717858929 0.247671832673 0.117011333810
0.436718359180 0.246818094924 0.115154679796
0.437718859430 0.245968284749 0.113310869188
0.438719359680 0.245122381735 0.111479976411
0.439719859930 0.244280365567 0.109662075568
0.440720360180 0.243442216025 0.107857240433
0.441720860430 0.242607912987 0.106065544451
0.442721360680 0.241777436423 0.104287060737
0.443721860930 0.240950766402 0.102521862065
0.444722361181 0.240127883089 0.100770020871
0.445722861431 0.239308766742 0.099031609248
0.446723361681 0.238493397715 0.097306698943
0.447723861931 0.237681756461 0.095595361349
0.448724362181 0.236873823523 0.093897667510
0.449724862431 0.236069579542 0.092213688110
0.450725362681 0.235269005253 0.090543493473
0.451725862931 0.234472081488 0.088887153559
0.452726363182 0.233678789170 0.087244737960
0.453726863432 0.232889109319 0.085616315898
0.454727363682 0.232103023048 0.084001956220
0.455727863932 0.231320511566 0.082401727394
0.456728364182 0.230541556172 0.080815697508
0.457728864432 0.229766138264 0.079243934265
0.458729364682 0.228994239329 0.077686504977
0.459729864932 0.228225840950 0.076143476566
0.460730365183 0.227460924801 0.074614915559
0.461730865433 0.226699472652 0.073100888082
0.462731365683 0.225941466361 0.071601459859
0.463731865933 0.225186887882 0.070116696209
0.464732366183 0.224435719262 0.068646662038
0.465732866433 0.223687942635 0.067191421841
0.466733366683 0.222943540232 0.065751039697
0.467733866933 0.222202494373 0.064325579261
0.468734367184 0.221464787468 0.062915103766
0.469734867434 0.220730402020 0.061519676017
0.470735367684 0.219999320623 0.060139358388
0.471735867934 0.219271525959 0.058774212817
0.472736368184 0.218547000801 0.057424300803
0.473736868434 0.217825728014 0.056089683404
0.474737368684 0.217107690549 0.054770421232
0.475737868934 0.216392871449 0.053466574447
0.476738369185 0.215681253844 0.052178202759
0.477738869435 0.214972820954 0.050905365420
0.478739369685 0.214267556088 0.049648121219
0.479739869935 0.213565442640 0.048406528483
0.480740370185 0.212866464096 0.047180645072
0.481740870435 0.212170604025 0.045970528372
0.482741370685 0.211477846087 0.044776235295
0.483741870935 0.210788174027 0.043597822273
0.484742371186 0.210101571676 0.042435345256
0.485742871436 0.209418022953 0.041288859706
0.486743371686 0.208737511861 0.040158420597
0.487743871936 0.208060022490 0.039044082407
0.488744372186 0.207385539014 0.037945899117
0.489744872436 0.206714045693 0.036863924205
0.490745372686 0.206045526872 0.035798210648
0.491745872936 0.205379966978 0.034748810908
0.492746373187 0.204717350524 0.033715776937
0.493746873437 0.204057662105 0.032699160173
0.494747373687 0.203400886402 0.031699011528
0.495747873937 0.202747008176 0.030715381393
0.496748374187 0.202096012271 0.029748319631
0.497748874437 0.201447883616 0.028797875572
0.498749374687 0.200802607217 0.027864098011
0.499749874937 0.200160168167 0.026947035203
0.500750375188 0.199520551635 0.026046734860
0.501750875438 0.198883742876 0.025163244145
0.502751375688 0.198249727221 0.024296609673
0.503751875938 0.197618490083 0.023446877500
0.504752376188 0.196990016957 0.022614093127
0.505752876438 0.196364293413 0.021798301490
0.506753376688 0.195741305103 0.020999546958
0.507753876938 0.195121037758 0.020217873331
0.508754377189 0.194503477187 0.019453323833
0.509754877439 0.193888609275 0.018705941111
0.510755377689 0.193276419988 0.017975767229
0.511755877939 0.192666895366 0.017262843663
0.512756378189 0.192060021529 0.016567211303
0.513756878439 0.191455784673 0.015888910440
0.514757378689 0.190854171068 0.015227980771
0.515757878939 0.190255167062 0.014584461388
0.516758379190 0.189658759079 0.013958390779
0.517758879440 0.189064933616 0.013349806820
0.518759379690 0.188473677247 0.012758746775
0.519759879940 0.187884976620 0.012185247289
0.520760380190 0.187298818457 0.011629344386
0.521760880440 0.186715189553 0.011091073461
0.522761380690 0.186134076776 0.010570469283
0.523761880940 0.185555467071 0.010067565985
0.524762381191 0.184979347450 0.009582397061
0.525762881441 0.184405705002 0.009114995365
0.526763381691 0.183834526885 0.008665393104
0.527763881941 0.183265800331 0.008233621833
0.528764382191 0.182699512641 0.007819712456
0.529764882441 0.182135651190 0.007423695216
0.530765382691 0.181574203419 0.007045599695
0.531765882941 0.181015156845 0.006685454808
0.532766383192 0.180458499049 0.006343288799
0.533766883442 0.179904217686 0.006019129239
0.534767383692 0.179352300478 0.005713003018
0.535767883942 0.178802735216 0.005424936344
0.536768384192 0.178255509760 0.005154954739
0.537768884442 0.177710612038 0.004903083032
0.538769384692 0.177168030046 0.004669345358
0.539769884942 0.176627751846 0.004453765152
0.540770385193 0.176089765569 0.004256365145
0.541770885443 0.175554059412 0.004077167361
0.542771385693 0.175020621638 0.003916193113
0.543771885943 0.174489440575 0.003773462994
0.544772386193 0.173960504619 0.003648996881
0.545772886443 0.173433802231 0.003542813925
0.546773386693 0.172909321935 0.003454932548
0.547773886943 0.172387052321 0.003385370438
0.548774387194 0.171866982043 0.003334144548
0.549774887444 0.171349099819 0.003301271089
0.550775387694 0.170833394432 0.003286765526
0.551775887944 0.170319854725 0.003290642573
0.552776388194 0.169808469607 0.003312916193
0.553776888444 0.169299228049 0.003353599588
0.554777388694 0.168792119083 0.003412705198
0.555777888944 0.168287131803 0.003490244697
0.556778389195 0.167784255366 0.003586228987
0.557778889445 0.167283478990 0.003700668194
0.558779389695 0.166784791952 0.003833571667
0.559779889945 0.166288183592 0.003984947968
0.560780390195 0.165793643309 0.004154804872
0.561780890445 0.165301160562 0.004343149361
0.562781390695 0.164810724870 0.004549987620
0.563781890945 0.164322325810 0.004775325034
0.564782391196 0.163835953020 0.005019166179
0.565782891446 0.163351596195 0.005281514825
0.566783391696 0.162869245089 0.005562373925
0.567783891946 0.162388889514 0.005861745614
0.568784392196 0.161910519339 0.006179631205
0.569784892446 0.161434124491 0.006516031182
0.570785392696 0.160959694953 0.006870945197
0.571785892946 0.160487220766 0.007244372068
0.572786393197 0.160016692027 0.007636309770
0.573786893447 0.159548098889 0.008046755434
0.574787393697 0.159081431559 0.008475705341
0.575787893947 0.158616680302 0.008923154918
0.576788394197 0.158153835437 0.009389098736
0.577788894447 0.157692887338 0.009873530499
0.578789394697 0.157233826433 0.010376443047
0.579789894947 0.156776643205 0.010897828348
0.580790395198 0.156321328190 0.011437677492
0.581790895448 0.155867871977 0.011995980691
0.582791395698 0.155416265210 0.012572727270
0.583791895948 0.154966498586 0.013167905665
0.584792396198 0.154518562852 0.013781503418
0.585792896448 0.154072448811 0.014413507172
0.586793396698 0.153628147315 0.015063902668
0.587793896948 0.153185649268 0.015732674738
0.588794397199 0.152744945629 0.016419807302
0.589794897449 0.152306027403 0.017125283365
0.590795397699 0.151868885649 0.017849085010
0.591795897949 0.151433511477 0.018591193392
0.592796398199 0.150999896046 0.019351588740
0.593796898449 0.150568030564 0.020130250344
0.594797398699 0.150137906291 0.020927156557
0.595797898949 0.149709514536 0.021742284786
0.596798399200 0.149282846654 0.022575611493
0.597798899450 0.148857894054 0.023427112183
0.598799399700 0.148434648189 0.024296761405
0.599799899950 0.148013100564 0.025184532745
0.600800400200 0.147593242728 0.026090398822
0.601800900450 0.147175066281 0.027014331285
0.602801400700 0.146758562870 0.027956300803
0.603801900950 0.146343724187 0.028916277068
0.604802401201 0.145930541973 0.029894228784
0.605802901451 0.145519008015 0.030890123665
0.606803401701 0.145109114146 0.031903928432
0.607803901951 0.144700852247 0.032935608804
0.608804402201 0.144294214240 0.033985129497
0.609804902451 0.143889192099 0.035052454218
0.610805402701 0.143485777838 0.036137545659
0.611805902951 0.143083963518 0.037240365496
0.612806403202 0.142683741245 0.038360874381
0.613806903452 0.142285103170 0.039499031937
0.614807403702 0.141888041486 0.040654796755
0.615807903952 0.141492548433 0.041828126391
0.616808404202 0.141098616291 0.043018977356
0.617808904452 0.140706237387 0.044227305116
0.618809404702 0.140315404089 0.045453064085
0.619809904952 0.139926108808 0.046696207620
0.620810405203 0.139538343999 0.047956688019
0.621810905453 0.139152102159 0.049234456512
0.622811405703 0.138767375826 0.050529463260
0.623811905953 0.138384157581 0.051841657348
0.624812406203 0.138002440046 0.053170986780
0.625812906453 0.137622215884 0.054517398477
0.626813406703 0.137243477802 0.055880838268
0.627813906953 0.136866218545 0.057261250889
0.628814407204 0.136490430899 0.058658579975
0.629814907454 0.136116107692 0.060072768059
0.630815407704 0.135743241790 0.061503756561
0.631815907954 0.135371826101 0.062951485792
0.632816408204 0.135001853572 0.064415894940
0.633816908454 0.134633317189 0.065896922071
0.634817408704 0.134266209978 0.067394504122
0.635817908954 0.133900525003 0.068908576896
0.636818409205 0.133536255368 0.070439075058
0.637818909455 0.133173394215 0.071985932131
0.638819409705 0.132811934725 0.073549080488
0.639819909955 0.132451870115 0.075128451348
0.640820410205 0.132093193642 0.076723974774
0.641820910455 0.131735898600 0.078335579666
0.642821410705 0.131379978321 0.079963193755
0.643821910955 0.131025426173 0.081606743598
0.644822411206 0.130672235561 0.083266154576
0.645822911456 0.130320399928 0.084941350887
0.646823411706 0.129969912753 0.086632255540
0.647823911956 0.129620767551 0.088338790353
0.648824412206 0.129272957874 0.090060875945
0.649824912456 0.128926477307 0.091798431731
0.650825412706 0.128581319475 0.093551375920
0.651825912956 0.128237478035 0.095319625509
0.652826413207 0.127894946682 0.097103096275
0.653826913457 0.127553719143 0.098901702773
0.654827413707 0.127213789182 0.100715358331
0.655827913957 0.126875150597 0.102543975042
0.656828414207 0.126537797220 0.104387463763
0.657828914457 0.126201722918 0.106245734107
0.658829414707 0.125866921592 0.108118694439
0.659829914957 0.125533387176 0.110006251872
0.660830415208 0.125201113638 0.111908312259
0.661830915458 0.124870094979 0.113824780190
0.662831415708 0.124540325234 0.115755558987
0.663831915958 0.124211798470 0.117700550699
0.664832416208 0.123884508789 0.119659656096
0.665832916458 0.123558450321 0.121632774663
0.666833416708 0.123233617234 0.123619804597
0.667833916958 0.122910003725 0.125620642801
0.668834417209 0.122587604022 0.127635184879
0.669834917459 0.122266412388 0.129663325131
0.670835417709 0.121946423115 0.131704956546
0.671835917959 0.121627630528 0.133759970800
0.672836418209 0.121310028982 0.135828258247
0.673836918459 0.120993612865 0.137909707920
0.674837418709 0.120678376594 0.140004207517
0.675837918959 0.120364314616 0.142111643404
0.676838419210 0.120051421412 0.144231900604
0.677838919460 0.119739691489 0.146364862796
0.678839419710 0.119429119388 0.148510412308
0.679839919960 0.119119699678 0.150668430110
0.680840420210 0.118811426957 0.152838795812
0.681840920460 0.118504295854 0.155021387656
0.682841420710 0.118198301027 0.157216082514
0.683841920960 0.117893437164 0.159422755879
0.684842421211 0.117589698980 0.161641281862
0.685842921461 0.117287081222 0.163871533185
0.686843421711 0.116985578662 0.166113381180
0.687843921961 0.116685186104 0.168366695778
0.688844422211 0.116385898378 0.170631345506
0.689844922461 0.116087710344 0.172907197484
0.690845422711 0.115790616888 0.175194117416
0.691845922961 0.115494612926 0.177491969588
0.692846423212 0.115199693401 0.179800616860
0.693846923462 0.114905853281 0.182119920662
0.694847423712 0.114613087567 0.184449740987
0.695847923962 0.114321391281 0.186789936389
0.696848424212 0.114030759476 0.189140363976
0.697848924462 0.113741187231 0.191500879402
0.698849424712 0.113452669651 0.193871336865
0.699849924962 0.113165201868 0.196251589102
0.700850425213 0.112878779041 0.198641487380
0.701850925463 0.112593396354 0.201040881493
0.702851425713 0.112309049018 0.203449619758
0.703851925963 0.112025732271 0.205867549006
0.704852426213 0.111743441373 0.208294514580
0.705852926463 0.111462171614 0.210730360327
0.706853426713 0.111181918308 0.213174928595
0.707853926963 0.110902676792 0.215628060224
0.708854427214 0.110624442431 0.218089594545
0.709854927464 0.110347210615 0.220559369370
0.710855427714 0.110070976756 0.223037220992
0.711855927964 0.109795736294 0.225522984174
0.712856428214 0.109521484692 0.228016492145
0.713856928464 0.109248217438 0.230517576598
0.714857428714 0.108975930043 0.233026067680
0.715857928964 0.108704618044 0.235541793990
0.716858429215 0.108434277000 0.238064582569
0.717858929465 0.108164902496 0.240594258900
0.718859429715 0.107896490138 0.243130646900
0.719859929965 0.107629035559 0.245673568911
0.720860430215 0.107362534413 0.248222845702
0.721860930465 0.107096982377 0.250778296455
0.722861430715 0.106832375153 0.253339738768
0.723861930965 0.106568708464 0.255906988641
0.724862431216 0.106305978058 0.258479860476
0.725862931466 0.106044179703 0.261058167071
0.726863431716 0.105783309193 0.263641719613
0.727863931966 0.105523362341 0.266230327670
0.728864432216 0.105264334985 0.268823799191
0.729864932466 0.105006222984 0.271421940497
0.730865432716 0.104749022218 0.274024556275
0.731865932966 0.104492728592 0.276631449574
0.732866433217 0.104237338029 0.279242421798
0.733866933467 0.103982846478 0.281857272700
0.734867433717 0.103729249905 0.284475800380
0.735867933967 0.103476544300 0.287097801274
0.736868434217 0.103224725674 0.289723070152
0.737868934467 0.102973790059 0.292351400112
0.738869434717 0.102723733508 0.294982582572
0.739869934967 0.102474552095 0.297616407268
0.740870435218 0.102226241915 0.300252662243
0.741870935468 0.101978799083 0.302891133848
0.742871435718 0.101732219734 0.305531606730
0.743871935968 0.101486500026 0.308173863831
0.744872436218 0.101241636134 0.310817686379
0.745872936468 0.100997624256 0.313462853884
0.746873436718 0.100754460609 0.316109144133
0.747873936968 0.100512141428 0.318756333182
0.748874437219 0.100270662972 0.321404195350
0.749874937469 0.100030021515 0.324052503217
0.750875437719 0.099790213354 0.326701027614
0.751875937969 0.099551234805 0.329349537621
0.752876438219 0.099313082201 0.331997800557
0.753876938469 0.099075751898 0.334645581977
0.754877438719 0.098839240267 0.337292645666
0.755877938969 0.098603543701 0.339938753634
0.756878439220 0.098368658611 0.342583666106
0.757878939470 0.098134581427 0.345227141521
0.758879439720 0.097901308597 0.347868936525
0.759879939970 0.097668836588 0.350508805963
0.760880440220 0.097437161885 0.353146502875
0.761880940470 0.097206280993 0.355781778490
0.762881440720 0.096976190434 0.358414382220
0.763881940970 0.096746886747 0.361044061652
0.764882441221 0.096518366491 0.363670562548
0.765882941471 0.096290626242 0.366293628831
0.766883441721 0.096063662594 0.368913002587
0.767883941971 0.095837472159 0.371528424052
0.768884442221 0.095612051566 0.374139631613
0.769884942471 0.095387397461 0.376746361795
0.770885442721 0.095163506510 0.379348349261
0.771885942971 0.094940375392 0.381945326802
0.772886443222 0.094718000808 0.384537025336
0.773886943472 0.094496379472 0.387123173895
0.774887443722 0.094275508119 0.389703499624
0.775887943972 0.094055383496 0.392277727775
0.776888444222 0.093836002371 0.394845581699
0.777888944472 0.093617361527 0.397406782841
0.778889444722 0.093399457764 0.399961050733
0.779889944972 0.093182287898 0.402508102991
0.780890445223 0.092965848762 0.405047655305
0.781890945473 0.092750137204 0.407579421435
0.782891445723 0.092535150091 0.410103113207
0.783891945973 0.092320884303 0.412618440502
0.784892446223 0.092107336737 0.415125111254
0.785892946473 0.091894504308 0.417622831443
0.786893446723 0.091682383943 0.420111305088
0.787893946973 0.091470972589 0.422590234243
0.788894447224 0.091260267206 0.425059318987
0.789894947474 0.091050264769 0.427518257424
0.790895447724 0.090840962271 0.429966745670
0.791895947974 0.090632356719 0.432404477852
0.792896448224 0.090424445134 0.434831146099
0.793896948474 0.090217224554 0.437246440540
0.794897448724 0.090010692033 0.439650049292
0.795897948974 0.089804844638 0.442041658457
0.796898449225 0.089599679450 0.444420952117
0.797898949475 0.089395193569 0.446787612326
0.798899449725 0.089191384106 0.449141319105
0.799899949975 0.088988248187 0.451481750434
0.800900450225 0.088785782956 0.453808582249
0.801900950475 0.088583985567 0.456121488431
0.802901450725 0.088382853191 0.458420140806
0.803901950975 0.088182383014 0.460704209134
0.804902451226 0.087982572233 0.462973361103
0.805902951476 0.087783418064 0.465227262327
0.806903451726 0.087584917732 0.467465576336
0.807903951976 0.087387068480 0.469687964569
0.808904452226 0.087189867562 0.471894086372
0.809904952476 0.086993312249 0.474083598987
0.810905452726 0.086797399823 0.476256157551
0.811905952976 0.086602127581 0.478411415083
0.812906453227 0.086407492834 0.480549022485
0.813906953477 0.086213492904 0.482668628531
0.814907453727 0.086020125131 0.484769879860
0.815907953977 0.085827386864 0.486852420976
0.816908454227 0.085635275467 0.488915894233
0.817908954477 0.085443788318 0.490959939837
0.818909454727 0.085252922808 0.492984195833
0.819909954977 0.085062676340 0.494988298103
0.820910455228 0.084873046330 0.496971880358
0.821910955478 0.084684030209 0.498934574131
0.822911455728 0.084495625418 0.500876008773
0.823911955978 0.084307829413 0.502795811444
0.824912456228 0.084120639661 0.504693607110
0.825912956478 0.083934053644 0.506569018530
0.826913456728 0.083748068854 0.508421666260
0.827913956978 0.083562682797 0.510251168637
0.828914457229 0.083377892992 0.512057141776
0.829914957479 0.083193696967 0.513839199567
0.830915457729 0.083010092267 0.515596953664
0.831915957979 0.082827076446 0.517330013479
0.832916458229 0.082644647072 0.519037986179
0.833916958479 0.082462801723 0.520720476675
0.834917458729 0.082281537990 0.522377087622
0.835917958979 0.082100853477 0.524007419403
0.836918459230 0.081920745798 0.525611070134
0.837918959480 0.081741212581 0.527187635646
0.838919459730 0.081562251465 0.528736709488
0.839919959980 0.081383860098 0.530257882916
0.840920460230 0.081206036143 0.531750744887
0.841920960480 0.081028777274 0.533214882052
0.842921460730 0.080852081175 0.534649878752
0.843921960980 0.080675945542 0.536055317007
0.844922461231 0.080500368084 0.537430776515
0.845922961481 0.080325346518 0.538775834643
0.846923461731 0.080150878576 0.540090066418
0.847923961981 0.079976961997 0.541373044523
0.848924462231 0.079803594536 0.542624339293
0.849924962481 0.079630773955 0.543843518702
0.850925462731 0.079458498028 0.545030148364
0.851925962981 0.079286764540 0.546183791518
0.852926463232 0.079115571289 0.547304009030
0.853926963482 0.078944916080 0.548390359381
0.854927463732 0.078774796732 0.549442398661
0.855927963982 0.078605211072 0.550459680564
0.856928464232 0.078436156939 0.551441756381
0.857928964482 0.078267632184 0.552388174993
0.858929464732 0.078099634665 0.553298482863
0.859929964982 0.077932162254 0.554172224033
0.860930465233 0.077765212831 0.555008940115
0.861930965483 0.077598784286 0.555808170282
0.862931465733 0.077432874522 0.556569451266
0.863931965983 0.077267481449 0.557292317350
0.864932466233 0.077102602990 0.557976300359
0.865932966483 0.076938237075 0.558620929656
0.866933466733 0.076774381648 0.559225732133
0.867933966983 0.076611034659 0.559790232208
0.868934467234 0.076448194070 0.560313951813
0.869934967484 0.076285857852 0.560796410392
0.870935467734 0.076124023987 0.561237124893
0.871935967984 0.075962690466 0.561635609759
0.872936468234 0.075801855290 0.561991376924
0.873936968484 0.075641516468 0.562303935806
0.874937468734 0.075481672021 0.562572793299
0.875937968984 0.075322319979 0.562797453766
0.876938469235 0.075163458380 0.562977419036
0.877938969485 0.075005085272 0.563112188391
0.878939469735 0.074847198714 0.563201258564
0.879939969985 0.074689796773 0.563244123732
0.880940470235 0.074532877524 0.563240275507
0.881940970485 0.074376439054 0.563189202929
0.882941470735 0.074220479457 0.563090392462
0.883941970985 0.074064996838 0.562943327987
0.884942471236 0.073909989308 0.562747490791
0.885942971486 0.073755454991 0.562502359564
0.886943471736 0.073601392016 0.562207410393
0.887943971986 0.073447798525 0.561862116750
0.888944472236 0.073294672665 0.561465949493
0.889944972486 0.073142012595 0.561018376850
0.890945472736 0.072989816480 0.560518864420
0.891945972986 0.072838082496 0.559966875162
0.892946473237 0.072686808826 0.559361869389
0.893946973487 0.072535993663 0.558703304762
0.894947473737 0.072385635208 0.557990636280
0.895947973987 0.072235731670 0.557223316278
0.896948474237 0.072086281268 0.556400794417
0.897948974487 0.071937282227 0.555522517677
0.898949474737 0.071788732783 0.554587930350
0.899949974987 0.071640631178 0.553596474036
0.900950475238 0.071492975665 0.552547587632
0.901950975488 0.071345764502 0.551440707327
0.902951475738 0.071198995959 0.550275266596
0.903951975988 0.071052668311 0.549050696190
0.904952476238 0.070906779842 0.547766424134
0.905952976488 0.070761328844 0.546421875715
0.906953476738 0.070616313619 0.545016473477
0.907953976988 0.070471732474 0.543549637214
0.908954477239 0.070327583726 0.542020783965
0.909954977489 0.070183865699 0.540429328002
0.910955477739 0.070040576725 0.538774680829
0.911955977989 0.069897715145 0.537056251170
0.912956478239 0.069755279305 0.535273444966
0.913956978489 0.069613267561 0.533425665363
0.914957478739 0.069471678276 0.531512312711
0.915957978989 0.069330509822 0.529532784551
0.916958479240 0.069189760576 0.527486475614
0.917958979490 0.069049428925 0.525372777809
0.918959479740 0.068909513261 0.523191080217
0.919959979990 0.068770011987 0.520940769086
0.920960480240 0.068630923510 0.518621227821
0.921960980490 0.068492246246 0.516231836981
0.922961480740 0.068353978619 0.513771974266
0.923961980990 0.068216119059 0.511241014516
0.924962481241 0.068078666003 0.508638329699
0.925962981491 0.067941617898 0.505963288907
0.926963481741 0.067804973195 0.503215258348
0.927963981991 0.067668730354 0.500393601339
0.928964482241 0.067532887841 0.497497678297
0.929964982491 0.067397444130 0.494526846734
0.930965482741 0.067262397702 0.491480461251
0.931965982991 0.067127747044 0.488357873525
0.932966483242 0.066993490652 0.485158432310
0.933966983492 0.066859627027 0.481881483423
0.934967483742 0.066726154677 0.478526369742
0.935967983992 0.066593072119 0.475092431193
0.936968484242 0.066460377874 0.471579004748
0.937968984492 0.066328070472 0.467985424415
0.938969484742 0.066196148449 0.464311021233
0.939969984992 0.066064610346 0.460555123262
0.940970485243 0.065933454714 0.456717055577
0.941970985493 0.065802680108 0.452796140263
0.942971485743 0.065672285091 0.448791696402
0.943971985993 0.065542268233 0.444703040071
0.944972486243 0.065412628108 0.440529484335
0.945972986493 0.065283363299 0.436270339236
0.946973486743 0.065154472394 0.431924911786
0.947973986993 0.065025953990 0.427492505963
0.948974487244 0.064897806687 0.422972422703
0.949974987494 0.064770029093 0.418363959889
0.950975487744 0.064642619823 0.413666412347
0.951975987994 0.064515577497 0.408879071839
0.952976488244 0.064388900742 0.404001227054
0.953976988494 0.064262588191 0.399032163601
0.954977488744 0.064136638484 0.393971164002
0.955977988994 0.064011050265 0.388817507683
0.956978489245 0.063885822187 0.383570470972
0.957978989495 0.063760952908 0.378229327084
0.958979489745 0.063636441090 0.372793346119
0.959979989995 0.063512285404 0.367261795053
0.960980490245 0.063388484527 0.361633937730
0.961980990495 0.063265037139 0.355909034855
0.962981490745 0.063141941928 0.350086343989
0.963981990995 0.063019197589 0.344165119537
0.964982491246 0.062896802821 0.338144612743
0.965982991496 0.062774756329 0.332024071684
0.966983491746 0.062653056825 0.325802741260
0.967983991996 0.062531703026 0.319479863188
0.968984492246 0.062410693654 0.313054675993
0.969984992496 0.062290027439 0.306526415003
0.970985492746 0.062169703115 0.299894312341
0.971985992996 0.062049719422 0.293157596914
0.972986493247 0.061930075104 0.286315494410
0.973986993497 0.061810768915 0.279367227289
0.974987493747 0.061691799610 0.272312014774
0.975987993997 0.061573165953 0.265149072845
0.976988494247 0.061454866710 0.257877614233
0.977988994497 0.061336900655 0.250496848409
0.978989494747 0.061219266569 0.243005981577
0.979989994997 0.061101963233 0.235404216670
0.980990495248 0.060984989440 0.227690753338
0.981990995498 0.060868343983 0.219864787943
0.982991495748 0.060752025664 0.211925513553
0.983991995998 0.060636033288 0.203872119929
0.984992496248 0.060520365666 0.195703793523
0.985992996498 0.060405021615 0.187419717467
0.986993496748 0.060289999957 0.179019071567
0.987993996998 0.060175299518 0.170501032295
0.988994497249 0.060060919132 0.161864772780
0.989994997499 0.059946857634 0.153109462805
0.990995497749 0.059833113868 0.144234268792
0.991995997999 0.059719686681 0.135238353801
0.992996498249 0.059606574926 0.126120877519
0.993996998499 0.059493777460 0.116880996254
0.994997498749 0.059381293147 0.107517862924
0.995997998999 0.059269120854 0.098030627056
0.996998499250 0.059157259453 0.088418434769
0.997998999500 0.059045707824 0.078680428775
0.998999499750 0.058934464847 0.068815748367
1.000000000000 0.058823529412 0.058823529412
