-1.000000000000 0.058823529412 0.058823529412
-0.998999499750 0.058934464847 0.054694401030
-0.997998999500 0.059045707824 0.050593463851
-0.996998499250 0.059157259453 0.046520645591
-0.995997998999 0.059269120854 0.042475874041
-0.994997498749 0.059381293147 0.038459077064
-0.993996998499 0.059493777460 0.034470182594
-0.992996498249 0.059606574926 0.030509118639
-0.991995997999 0.059719686681 0.026575813279
-0.990995497749 0.059833113868 0.022670194667
-0.989994997499 0.059946857634 0.018792191026
-0.988994497249 0.060060919132 0.014941730654
-0.987993996998 0.060175299518 0.011118741922
-0.986993496748 0.060289999957 0.007323153270
-0.985992996498 0.060405021615 0.003554893213
-0.984992496248 0.060520365666 -0.000186109662
-0.983991995998 0.060636033288 -0.003899926695
-0.982991495748 0.060752025664 -0.007586629155
-0.981990995498 0.060868343983 -0.011246288238
-0.980990495248 0.060984989440 -0.014878975067
-0.979989994997 0.061101963233 -0.018484760693
-0.978989494747 0.061219266569 -0.022063716095
-0.977988994497 0.061336900655 -0.025615912178
-0.976988494247 0.061454866710 -0.029141419777
-0.975987993997 0.061573165953 -0.032640309653
-0.974987493747 0.061691799610 -0.036112652494
-0.973986993497 0.061810768915 -0.039558518917
-0.972986493247 0.061930075104 -0.042977979467
-0.971985992996 0.062049719422 -0.046371104613
-0.970985492746 0.062169703115 -0.049737964757
-0.969984992496 0.062290027439 -0.053078630224
-0.968984492246 0.062410693654 -0.056393171269
-0.967983991996 0.062531703026 -0.059681658073
-0.966983491746 0.062653056825 -0.062944160746
-0.965982991496 0.062774756329 -0.066180749326
-0.964982491246 0.062896802821 -0.069391493776
-0.963981990995 0.063019197589 -0.072576463988
-0.962981490745 0.063141941928 -0.075735729783
-0.961980990495 0.063265037139 -0.078869360908
-0.960980490245 0.063388484527 -0.081977427038
-0.959979989995 0.063512285404 -0.085059997774
-0.958979489745 0.063636441090 -0.088117142648
-0.957978989495 0.063760952908 -0.091148931116
-0.956978489245 0.063885822187 -0.094155432565
-0.955977988994 0.064011050265 -0.097136716305
-0.954977488744 0.064136638484 -0.100092851579
-0.953976988494 0.064262588191 -0.103023907553
-0.952976488244 0.064388900742 -0.105929953324
-0.951975987994 0.064515577497 -0.108811057913
-0.950975487744 0.064642619823 -0.111667290273
-0.949974987494 0.064770029093 -0.114498719281
-0.948974487244 0.064897806687 -0.117305413742
-0.947973986993 0.065025953990 -0.120087442390
-0.946973486743 0.065154472394 -0.122844873887
-0.945972986493 0.065283363299 -0.125577776819
-0.944972486243 0.065412628108 -0.128286219705
-0.943971985993 0.065542268233 -0.130970270986
-0.942971485743 0.065672285091 -0.133629999034
-0.941970985493 0.065802680108 -0.136265472149
-0.940970485243 0.065933454714 -0.138876758555
-0.939969984992 0.066064610346 -0.141463926408
-0.938969484742 0.066196148449 -0.144027043789
-0.937968984492 0.066328070472 -0.146566178706
-0.936968484242 0.066460377874 -0.149081399097
-0.935967983992 0.066593072119 -0.151572772825
-0.934967483742 0.066726154677 -0.154040367683
-0.933966983492 0.066859627027 -0.156484251389
-0.932966483242 0.066993490652 -0.158904491591
-0.931965982991 0.067127747044 -0.161301155863
-0.930965482741 0.067262397702 -0.163674311706
-0.929964982491 0.067397444130 -0.166024026552
-0.928964482241 0.067532887841 -0.168350367757
-0.927963981991 0.067668730354 -0.170653402605
-0.926963481741 0.067804973195 -0.172933198309
-0.925962981491 0.067941617898 -0.175189822009
-0.924962481241 0.068078666003 -0.177423340773
-0.923961980990 0.068216119059 -0.179633821595
-0.922961480740 0.068353978619 -0.181821331398
-0.921960980490 0.068492246246 -0.183985937033
-0.920960480240 0.068630923510 -0.186127705277
-0.919959979990 0.068770011987 -0.188246702835
-0.918959479740 0.068909513261 -0.190342996341
-0.917958979490 0.069049428925 -0.192416652355
-0.916958479240 0.069189760576 -0.194467737365
-0.915957978989 0.069330509822 -0.196496317786
-0.914957478739 0.069471678276 -0.198502459963
-0.913956978489 0.069613267561 -0.200486230165
-0.912956478239 0.069755279305 -0.202447694591
-0.911955977989 0.069897715145 -0.204386919367
-0.910955477739 0.070040576725 -0.206303970547
-0.909954977489 0.070183865699 -0.208198914111
-0.908954477239 0.070327583726 -0.210071815968
-0.907953976988 0.070471732474 -0.211922741955
-0.906953476738 0.070616313619 -0.213751757836
-0.905952976488 0.070761328844 -0.215558929301
-0.904952476238 0.070906779842 -0.217344321969
-0.903951975988 0.071052668311 -0.219108001388
-0.902951475738 0.071198995959 -0.220850033031
-0.901950975488 0.071345764502 -0.222570482300
-0.900950475238 0.071492975665 -0.224269414524
-0.899949974987 0.071640631178 -0.225946894960
-0.898949474737 0.071788732783 -0.227602988793
-0.897948974487 0.071937282227 -0.229237761133
-0.896948474237 0.072086281268 -0.230851277022
-0.895947973987 0.072235731670 -0.232443601426
-0.894947473737 0.072385635208 -0.234014799239
-0.893946973487 0.072535993663 -0.235564935284
-0.892946473237 0.072686808826 -0.237094074311
-0.891945972986 0.072838082496 -0.238602280997
-0.890945472736 0.072989816480 -0.240089619947
-0.889944972486 0.073142012595 -0.241556155694
-0.888944472236 0.073294672665 -0.243001952697
-0.887943971986 0.073447798525 -0.244427075345
-0.886943471736 0.073601392016 -0.245831587953
-0.885942971486 0.073755454991 -0.247215554763
-0.884942471236 0.073909989308 -0.248579039947
-0.883941970985 0.074064996838 -0.249922107601
-0.882941470735 0.074220479457 -0.251244821752
-0.881940970485 0.074376439054 -0.252547246352
-0.880940470235 0.074532877524 -0.253829445282
-0.879939969985 0.074689796773 -0.255091482352
-0.878939469735 0.074847198714 -0.256333421295
-0.877938969485 0.075005085272 -0.257555325777
-0.876938469235 0.075163458380 -0.258757259387
-0.875937968984 0.075322319979 -0.259939285645
-0.874937468734 0.075481672021 -0.261101467997
-0.873936968484 0.075641516468 -0.262243869815
-0.872936468234 0.075801855290 -0.263366554403
-0.871935967984 0.075962690466 -0.264469584987
-0.870935467734 0.076124023987 -0.265553024726
-0.869934967484 0.076285857852 -0.266616936702
-0.868934467234 0.076448194070 -0.267661383928
-0.867933966983 0.076611034659 -0.268686429342
-0.866933466733 0.076774381648 -0.269692135812
-0.865932966483 0.076938237075 -0.270678566131
-0.864932466233 0.077102602990 -0.271645783022
-0.863931965983 0.077267481449 -0.272593849134
-0.862931465733 0.077432874522 -0.273522827043
-0.861930965483 0.077598784286 -0.274432779255
-0.860930465233 0.077765212831 -0.275323768202
-0.859929964982 0.077932162254 -0.276195856243
-0.858929464732 0.078099634665 -0.277049105666
-0.857928964482 0.078267632184 -0.277883578685
-0.856928464232 0.078436156939 -0.278699337444
-0.855927963982 0.078605211072 -0.279496444011
-0.854927463732 0.078774796732 -0.280274960385
-0.853926963482 0.078944916080 -0.281034948491
-0.852926463232 0.079115571289 -0.281776470181
-0.851925962981 0.079286764540 -0.282499587237
-0.850925462731 0.079458498028 -0.283204361365
-0.849924962481 0.079630773955 -0.283890854201
-0.848924462231 0.079803594536 -0.284559127309
-0.847923961981 0.079976961997 -0.285209242178
-0.846923461731 0.080150878576 -0.285841260227
-0.845922961481 0.080325346518 -0.286455242803
-0.844922461231 0.080500368084 -0.287051251177
-0.843921960980 0.080675945542 -0.287629346551
-0.842921460730 0.080852081175 -0.288189590054
-0.841920960480 0.081028777274 -0.288732042742
-0.840920460230 0.081206036143 -0.289256765597
-0.839919959980 0.081383860098 -0.289763819532
-0.838919459730 0.081562251465 -0.290253265385
-0.837918959480 0.081741212581 -0.290725163922
-0.836918459230 0.081920745798 -0.291179575838
-0.835917958979 0.082100853477 -0.291616561753
-0.834917458729 0.082281537990 -0.292036182218
-0.833916958479 0.082462801723 -0.292438497708
-0.832916458229 0.082644647072 -0.292823568627
-0.831915957979 0.082827076446 -0.293191455308
-0.830915457729 0.083010092267 -0.293542218010
-0.829914957479 0.083193696967 -0.293875916920
-0.828914457229 0.083377892992 -0.294192612152
-0.827913956978 0.083562682797 -0.294492363748
-0.826913456728 0.083748068854 -0.294775231678
-0.825912956478 0.083934053644 -0.295041275840
-0.824912456228 0.084120639661 -0.295290556057
-0.823911955978 0.084307829413 -0.295523132082
-0.822911455728 0.084495625418 -0.295739063596
-0.821910955478 0.084684030209 -0.295938410206
-0.820910455228 0.084873046330 -0.296121231446
-0.819909954977 0.085062676340 -0.296287586779
-0.818909454727 0.085252922808 -0.296437535597
-0.817908954477 0.085443788318 -0.296571137216
-0.816908454227 0.085635275467 -0.296688450881
-0.815907953977 0.085827386864 -0.296789535767
-0.814907453727 0.086020125131 -0.296874450972
-0.813906953477 0.086213492904 -0.296943255526
-0.812906453227 0.086407492834 -0.296996008384
-0.811905952976 0.086602127581 -0.297032768430
-0.810905452726 0.086797399823 -0.297053594473
-0.809904952476 0.086993312249 -0.297058545253
-0.808904452226 0.087189867562 -0.297047679435
-0.807903951976 0.087387068480 -0.297021055613
-0.806903451726 0.087584917732 -0.296978732308
-0.805902951476 0.087783418064 -0.296920767969
-0.804902451226 0.087982572233 -0.296847220972
-0.803901950975 0.088182383014 -0.296758149620
-0.802901450725 0.088382853191 -0.296653612145
-0.801900950475 0.088583985567 -0.296533666707
-0.800900450225 0.088785782956 -0.296398371391
-0.799899949975 0.088988248187 -0.296247784212
-0.798899449725 0.089191384106 -0.296081963111
-0.797898949475 0.089395193569 -0.295900965958
-0.796898449225 0.089599679450 -0.295704850549
-0.795897948974 0.089804844638 -0.295493674610
-0.794897448724 0.090010692033 -0.295267495791
-0.793896948474 0.090217224554 -0.295026371672
-0.792896448224 0.090424445134 -0.294770359761
-0.791895947974 0.090632356719 -0.294499517492
-0.790895447724 0.090840962271 -0.294213902228
-0.789894947474 0.091050264769 -0.293913571257
-0.788894447224 0.091260267206 -0.293598581799
-0.787893946973 0.091470972589 -0.293268990997
-0.786893446723 0.091682383943 -0.292924855925
-0.785892946473 0.091894504308 -0.292566233581
-0.784892446223 0.092107336737 -0.292193180895
-0.783891945973 0.092320884303 -0.291805754721
-0.782891445723 0.092535150091 -0.291404011842
-0.781890945473 0.092750137204 -0.290988008969
-0.780890445223 0.092965848762 -0.290557802740
-0.779889944972 0.093182287898 -0.290113449719
-0.778889444722 0.093399457764 -0.289655006401
-0.777888944472 0.093617361527 -0.289182529206
-0.776888444222 0.093836002371 -0.288696074482
-0.775887943972 0.094055383496 -0.288195698505
-0.774887443722 0.094275508119 -0.287681457479
-0.773886943472 0.094496379472 -0.287153407534
-0.772886443222 0.094718000808 -0.286611604730
-0.771885942971 0.094940375392 -0.286056105051
-0.770885442721 0.095163506510 -0.285486964413
-0.769884942471 0.095387397461 -0.284904238656
-0.768884442221 0.095612051566 -0.284307983549
-0.767883941971 0.095837472159 -0.283698254789
-0.766883441721 0.096063662594 -0.283075107999
-0.765882941471 0.096290626242 -0.282438598732
-0.764882441221 0.096518366491 -0.281788782466
-0.763881940970 0.096746886747 -0.281125714608
-0.762881440720 0.096976190434 -0.280449450492
-0.761880940470 0.097206280993 -0.279760045381
-0.760880440220 0.097437161885 -0.279057554463
-0.759879939970 0.097668836588 -0.278342032856
-0.758879439720 0.097901308597 -0.277613535604
-0.757878939470 0.098134581427 -0.276872117680
-0.756878439220 0.098368658611 -0.276117833983
-0.755877938969 0.098603543701 -0.275350739341
-0.754877438719 0.098839240267 -0.274570888508
-0.753876938469 0.099075751898 -0.273778336166
-0.752876438219 0.099313082201 -0.272973136927
-0.751875937969 0.099551234805 -0.272155345328
-0.750875437719 0.099790213354 -0.271325015833
-0.749874937469 0.100030021515 -0.270482202835
-0.748874437219 0.100270662972 -0.269626960656
-0.747873936968 0.100512141428 -0.268759343541
-0.746873436718 0.100754460609 -0.267879405669
-0.745872936468 0.100997624256 -0.266987201140
-0.744872436218 0.101241636134 -0.266082783986
-0.743871935968 0.101486500026 -0.265166208165
-0.742871435718 0.101732219734 -0.264237527563
-0.741870935468 0.101978799083 -0.263296795993
-0.740870435218 0.102226241915 -0.262344067196
-0.739869934967 0.102474552095 -0.261379394840
-0.738869434717 0.102723733508 -0.260402832522
-0.737868934467 0.102973790059 -0.259414433765
-0.736868434217 0.103224725674 -0.258414252021
-0.735867933967 0.103476544300 -0.257402340667
-0.734867433717 0.103729249905 -0.256378753011
-0.733866933467 0.103982846478 -0.255343542287
-0.732866433217 0.104237338029 -0.254296761655
-0.731865932966 0.104492728592 -0.253238464205
-0.730865432716 0.104749022218 -0.252168702954
-0.729864932466 0.105006222984 -0.251087530846
-0.728864432216 0.105264334985 -0.249995000752
-0.727863931966 0.105523362341 -0.248891165472
-0.726863431716 0.105783309193 -0.247776077733
-0.725862931466 0.106044179703 -0.246649790189
-0.724862431216 0.106305978058 -0.245512355423
-0.723861930965 0.106568708464 -0.244363825943
-0.722861430715 0.106832375153 -0.243204254189
-0.721860930465 0.107096982377 -0.242033692523
-0.720860430215 0.107362534413 -0.240852193238
-0.719859929965 0.107629035559 -0.239659808555
-0.718859429715 0.107896490138 -0.238456590621
-0.717858929465 0.108164902496 -0.237242591511
-0.716858429215 0.108434277000 -0.236017863227
-0.715857928964 0.108704618044 -0.234782457701
-0.714857428714 0.108975930043 -0.233536426789
-0.713856928464 0.109248217438 -0.232279822277
-0.712856428214 0.109521484692 -0.231012695878
-0.711855927964 0.109795736294 -0.229735099232
-0.710855427714 0.110070976756 -0.228447083909
-0.709854927464 0.110347210615 -0.227148701402
-0.708854427214 0.110624442431 -0.225840003136
-0.707853926963 0.110902676792 -0.224521040461
-0.706853426713 0.111181918308 -0.223191864656
-0.705852926463 0.111462171614 -0.221852526927
-0.704852426213 0.111743441373 -0.220503078407
-0.703851925963 0.112025732271 -0.219143570157
-0.702851425713 0.112309049018 -0.217774053166
-0.701850925463 0.112593396354 -0.216394578351
-0.700850425213 0.112878779041 -0.215005196554
-0.699849924962 0.113165201868 -0.213605958548
-0.698849424712 0.113452669651 -0.212196915031
-0.697848924462 0.113741187231 -0.210778116631
-0.696848424212 0.114030759476 -0.209349613900
-0.695847923962 0.114321391281 -0.207911457321
-0.694847423712 0.114613087567 -0.206463697303
-0.693846923462 0.114905853281 -0.205006384183
-0.692846423212 0.115199693401 -0.203539568226
-0.691845922961 0.115494612926 -0.202063299622
-0.690845422711 0.115790616888 -0.200577628492
-0.689844922461 0.116087710344 -0.199082604884
-0.688844422211 0.116385898378 -0.197578278771
-0.687843921961 0.116685186104 -0.196064700055
-0.686843421711 0.116985578662 -0.194541918568
-0.685842921461 0.117287081222 -0.193009984066
-0.684842421211 0.117589698980 -0.191468946233
-0.683841920960 0.117893437164 -0.189918854684
-0.682841420710 0.118198301027 -0.188359758957
-0.681840920460 0.118504295854 -0.186791708521
-0.680840420210 0.118811426957 -0.185214752771
-0.679839919960 0.119119699678 -0.183628941030
-0.678839419710 0.119429119388 -0.182034322547
-0.677838919460 0.119739691489 -0.180430946502
-0.676838419210 0.120051421412 -0.178818861999
-0.675837918959 0.120364314616 -0.177198118072
-0.674837418709 0.120678376594 -0.175568763682
-0.673836918459 0.120993612865 -0.173930847717
-0.672836418209 0.121310028982 -0.172284418992
-0.671835917959 0.121627630528 -0.170629526251
-0.670835417709 0.121946423115 -0.168966218166
-0.669834917459 0.122266412388 -0.167294543334
-0.668834417209 0.122587604022 -0.165614550282
-0.667833916958 0.122910003725 -0.163926287464
-0.666833416708 0.123233617234 -0.162229803261
-0.665832916458 0.123558450321 -0.160525145981
-0.664832416208 0.123884508789 -0.158812363862
-0.663831915958 0.124211798470 -0.157091505067
-0.662831415708 0.124540325234 -0.155362617688
-0.661830915458 0.124870094979 -0.153625749744
-0.660830415208 0.125201113638 -0.151880949182
-0.659829914957 0.125533387176 -0.150128263876
-0.658829414707 0.125866921592 -0.148367741627
-0.657828914457 0.126201722918 -0.146599430166
-0.656828414207 0.126537797220 -0.144823377150
-0.655827913957 0.126875150597 -0.143039630163
-0.654827413707 0.127213789182 -0.141248236717
-0.653826913457 0.127553719143 -0.139449244252
-0.652826413207 0.127894946682 -0.137642700135
-0.651825912956 0.128237478035 -0.135828651661
-0.650825412706 0.128581319475 -0.134007146053
-0.649824912456 0.128926477307 -0.132178230461
-0.648824412206 0.129272957874 -0.130341951962
-0.647823911956 0.129620767551 -0.128498357561
-0.646823411706 0.129969912753 -0.126647494192
-0.645822911456 0.130320399928 -0.124789408715
-0.644822411206 0.130672235561 -0.122924147917
-0.643821910955 0.131025426173 -0.121051758514
-0.642821410705 0.131379978321 -0.119172287149
-0.641820910455 0.131735898600 -0.117285780392
-0.640820410205 0.132093193642 -0.115392284743
-0.639819909955 0.132451870115 -0.113491846626
-0.638819409705 0.132811934725 -0.111584512395
-0.637818909455 0.133173394215 -0.109670328331
-0.636818409205 0.133536255368 -0.107749340642
-0.635817908954 0.133900525003 -0.105821595465
-0.634817408704 0.134266209978 -0.103887138863
-0.633816908454 0.134633317189 -0.101946016827
-0.632816408204 0.135001853572 -0.099998275276
-0.631815907954 0.135371826101 -0.098043960057
-0.630815407704 0.135743241790 -0.096083116943
-0.629814907454 0.136116107692 -0.094115791636
-0.628814407204 0.136490430899 -0.092142029764
-0.627813906953 0.136866218545 -0.090161876886
-0.626813406703 0.137243477802 -0.088175378484
-0.625812906453 0.137622215884 -0.086182579970
-0.624812406203 0.138002440046 -0.084183526685
-0.623811905953 0.138384157581 -0.082178263894
-0.622811405703 0.138767375826 -0.080166836793
-0.621810905453 0.139152102159 -0.078149290503
-0.620810405203 0.139538343999 -0.076125670075
-0.619809904952 0.139926108808 -0.074096020484
-0.618809404702 0.140315404089 -0.072060386637
-0.617808904452 0.140706237387 -0.070018813366
-0.616808404202 0.141098616291 -0.067971345429
-0.615807903952 0.141492548433 -0.065918027516
-0.614807403702 0.141888041486 -0.063858904241
-0.613806903452 0.142285103170 -0.061794020147
-0.612806403202 0.142683741245 -0.059723419703
-0.611805902951 0.143083963518 -0.057647147309
-0.610805402701 0.143485777838 -0.055565247288
-0.609804902451 0.143889192099 -0.053477763895
-0.608804402201 0.144294214240 -0.051384741309
-0.607803901951 0.144700852247 -0.049286223639
-0.606803401701 0.145109114146 -0.047182254921
-0.605802901451 0.145519008015 -0.045072879117
-0.604802401201 0.145930541973 -0.042958140119
-0.603801900950 0.146343724187 -0.040838081745
-0.602801400700 0.146758562870 -0.038712747740
-0.601800900450 0.147175066281 -0.036582181779
-0.600800400200 0.147593242728 -0.034446427463
-0.599799899950 0.148013100564 -0.032305528319
-0.598799399700 0.148434648189 -0.030159527805
-0.597798899450 0.148857894054 -0.028008469305
-0.596798399200 0.149282846654 -0.025852396129
-0.595797898949 0.149709514536 -0.023691351517
-0.594797398699 0.150137906291 -0.021525378635
-0.593796898449 0.150568030564 -0.019354520577
-0.592796398199 0.150999896046 -0.017178820366
-0.591795897949 0.151433511477 -0.014998320950
-0.590795397699 0.151868885649 -0.012813065206
-0.589794897449 0.152306027403 -0.010623095939
-0.588794397199 0.152744945629 -0.008428455880
-0.587793896948 0.153185649268 -0.006229187689
-0.586793396698 0.153628147315 -0.004025333954
-0.585792896448 0.154072448811 -0.001816937188
-0.584792396198 0.154518562852 0.000395960165
-0.583791895948 0.154966498586 0.002613315736
-0.582791395698 0.155416265210 0.004835087228
-0.581790895448 0.155867871977 0.007061232415
-0.580790395198 0.156321328190 0.009291709144
-0.579789894947 0.156776643205 0.011526475337
-0.578789394697 0.157233826433 0.013765488985
-0.577788894447 0.157692887338 0.016008708152
-0.576788394197 0.158153835437 0.018256090977
-0.575787893947 0.158616680302 0.020507595667
-0.574787393697 0.159081431559 0.022763180506
-0.573786893447 0.159548098889 0.025022803848
-0.572786393197 0.160016692027 0.027286424120
-0.571785892946 0.160487220766 0.029553999821
-0.570785392696 0.160959694953 0.031825489522
-0.569784892446 0.161434124491 0.034100851869
-0.568784392196 0.161910519339 0.036380045576
-0.567783891946 0.162388889514 0.038663029434
-0.566783391696 0.162869245089 0.040949762304
-0.565782891446 0.163351596195 0.043240203119
-0.564782391196 0.163835953020 0.045534310886
-0.563781890945 0.164322325810 0.047832044683
-0.562781390695 0.164810724870 0.050133363663
-0.561780890445 0.165301160562 0.052438227047
-0.560780390195 0.165793643309 0.054746594133
-0.559779889945 0.166288183592 0.057058424288
-0.558779389695 0.166784791952 0.059373676953
-0.557778889445 0.167283478990 0.061692311642
-0.556778389195 0.167784255366 0.064014287941
-0.555777888944 0.168287131803 0.066339565507
-0.554777388694 0.168792119083 0.068668104071
-0.553776888444 0.169299228049 0.070999863435
-0.552776388194 0.169808469607 0.073334803476
-0.551775887944 0.170319854725 0.075672884142
-0.550775387694 0.170833394432 0.078014065451
-0.549774887444 0.171349099819 0.080358307498
-0.548774387194 0.171866982043 0.082705570446
-0.547773886943 0.172387052321 0.085055814535
-0.546773386693 0.172909321935 0.087409000073
-0.545772886443 0.173433802231 0.089765087442
-0.544772386193 0.173960504619 0.092124037099
-0.543771885943 0.174489440575 0.094485809570
-0.542771385693 0.175020621638 0.096850365454
-0.541770885443 0.175554059412 0.099217665424
-0.540770385193 0.176089765569 0.101587670225
-0.539769884942 0.176627751846 0.103960340672
-0.538769384692 0.177168030046 0.106335637656
-0.537768884442 0.177710612038 0.108713522139
-0.536768384192 0.178255509760 0.111093955154
-0.535767883942 0.178802735216 0.113476897808
-0.534767383692 0.179352300478 0.115862311281
-0.533766883442 0.179904217686 0.118250156823
-0.532766383192 0.180458499049 0.120640395759
-0.531765882941 0.181015156845 0.123032989485
-0.530765382691 0.181574203419 0.125427899471
-0.529764882441 0.182135651190 0.127825087256
-0.528764382191 0.182699512641 0.130224514455
-0.527763881941 0.183265800331 0.132626142754
-0.526763381691 0.183834526885 0.135029933911
-0.525762881441 0.184405705002 0.137435849757
-0.524762381191 0.184979347450 0.139843852196
-0.523761880940 0.185555467071 0.142253903203
-0.522761380690 0.186134076776 0.144665964826
-0.521760880440 0.186715189553 0.147079999187
-0.520760380190 0.187298818457 0.149495968478
-0.519759879940 0.187884976620 0.151913834965
-0.518759379690 0.188473677247 0.154333560985
-0.517758879440 0.189064933616 0.156755108949
-0.516758379190 0.189658759079 0.159178441340
-0.515757878939 0.190255167062 0.161603520713
-0.514757378689 0.190854171068 0.164030309695
-0.513756878439 0.191455784673 0.166458770987
-0.512756378189 0.192060021529 0.168888867361
-0.511755877939 0.192666895366 0.171320561662
-0.510755377689 0.193276419988 0.173753816807
-0.509754877439 0.193888609275 0.176188595786
-0.508754377189 0.194503477187 0.178624861661
-0.507753876938 0.195121037758 0.181062577567
-0.506753376688 0.195741305103 0.183501706711
-0.505752876438 0.196364293413 0.185942212372
-0.504752376188 0.196990016957 0.188384057902
-0.503751875938 0.197618490083 0.190827206726
-0.502751375688 0.198249727221 0.193271622340
-0.501750875438 0.198883742876 0.195717268313
-0.500750375188 0.199520551635 0.198164108287
-0.499749874937 0.200160168167 0.200612105976
-0.498749374687 0.200802607217 0.203061225167
-0.497748874437 0.201447883616 0.205511429718
-0.496748374187 0.202096012271 0.207962683561
-0.495747873937 0.202747008176 0.210414950699
-0.494747373687 0.203400886402 0.212868195209
-0.493746873437 0.204057662105 0.215322381239
-0.492746373187 0.204717350524 0.217777473010
-0.491745872936 0.205379966978 0.220233434815
-0.490745372686 0.206045526872 0.222690231021
-0.489744872436 0.206714045693 0.225147826066
-0.488744372186 0.207385539014 0.227606184460
-0.487743871936 0.208060022490 0.230065270787
-0.486743371686 0.208737511861 0.232525049702
-0.485742871436 0.209418022953 0.234985485933
-0.484742371186 0.210101571676 0.237446544281
-0.483741870935 0.210788174027 0.239908189618
-0.482741370685 0.211477846087 0.242370386890
-0.481740870435 0.212170604025 0.244833101114
-0.480740370185 0.212866464096 0.247296297381
-0.479739869935 0.213565442640 0.249759940853
-0.478739369685 0.214267556088 0.252223996766
-0.477738869435 0.214972820954 0.254688430426
-0.476738369185 0.215681253844 0.257153207213
-0.475737868934 0.216392871449 0.259618292580
-0.474737368684 0.217107690549 0.262083652052
-0.473736868434 0.217825728014 0.264549251225
-0.472736368184 0.218547000801 0.267015055769
-0.471735867934 0.219271525959 0.269481031427
-0.470735367684 0.219999320623 0.271947144011
-0.469734867434 0.220730402020 0.274413359410
-0.468734367184 0.221464787468 0.276879643583
-0.467733866933 0.222202494373 0.279345962561
-0.466733366683 0.222943540232 0.281812282448
-0.465732866433 0.223687942635 0.284278569421
-0.464732366183 0.224435719262 0.286744789730
-0.463731865933 0.225186887882 0.289210909694
-0.462731365683 0.225941466361 0.291676895709
-0.461730865433 0.226699472652 0.294142714240
-0.460730365183 0.227460924801 0.296608331826
-0.459729864932 0.228225840950 0.299073715078
-0.458729364682 0.228994239329 0.301538830680
-0.457728864432 0.229766138264 0.304003645388
-0.456728364182 0.230541556172 0.306468126029
-0.455727863932 0.231320511566 0.308932239506
-0.454727363682 0.232103023048 0.311395952791
-0.453726863432 0.232889109319 0.313859232929
-0.452726363182 0.233678789170 0.316322047040
-0.451725862931 0.234472081488 0.318784362312
-0.450725362681 0.235269005253 0.321246146010
-0.449724862431 0.236069579542 0.323707365469
-0.448724362181 0.236873823523 0.326167988097
-0.447723861931 0.237681756461 0.328627981373
-0.446723361681 0.238493397715 0.331087312851
-0.445722861431 0.239308766742 0.333545950155
-0.444722361181 0.240127883089 0.336003860983
-0.443721860930 0.240950766402 0.338461013105
-0.442721360680 0.241777436423 0.340917374364
-0.441720860430 0.242607912987 0.343372912674
-0.440720360180 0.243442216025 0.345827596022
-0.439719859930 0.244280365567 0.348281392468
-0.438719359680 0.245122381735 0.350734270144
-0.437718859430 0.245968284749 0.353186197255
-0.436718359180 0.246818094924 0.355637142077
-0.435717858929 0.247671832673 0.358087072961
-0.434717358679 0.248529518502 0.360535958327
-0.433716858429 0.249391173015 0.362983766669
-0.432716358179 0.250256816913 0.365430466556
-0.431715857929 0.251126470992 0.367876026625
-0.430715357679 0.252000156144 0.370320415588
-0.429714857429 0.252877893358 0.372763602229
-0.428714357179 0.253759703718 0.375205555404
-0.427713856928 0.254645608406 0.377646244043
-0.426713356678 0.255535628698 0.380085637145
-0.425712856428 0.256429785968 0.382523703786
-0.424712356178 0.257328101683 0.384960413111
-0.423711855928 0.258230597410 0.387395734338
-0.422711355678 0.259137294808 0.389829636759
-0.421710855428 0.260048215634 0.392262089736
-0.420710355178 0.260963381740 0.394693062706
-0.419709854927 0.261882815072 0.397122525177
-0.418709354677 0.262806537673 0.399550446729
-0.417708854427 0.263734571680 0.401976797015
-0.416708354177 0.264666939326 0.404401545762
-0.415707853927 0.265603662937 0.406824662766
-0.414707353677 0.266544764935 0.409246117898
-0.413706853427 0.267490267835 0.411665881100
-0.412706353177 0.268440194247 0.414083922389
-0.411705852926 0.269394566874 0.416500211852
-0.410705352676 0.270353408512 0.418914719648
-0.409704852426 0.271316742052 0.421327416010
-0.408704352176 0.272284590474 0.423738271243
-0.407703851926 0.273256976855 0.426147255725
-0.406703351676 0.274233924361 0.428554339904
-0.405702851426 0.275215456250 0.430959494304
-0.404702351176 0.276201595873 0.433362689518
-0.403701850925 0.277192366668 0.435763896215
-0.402701350675 0.278187792168 0.438163085133
-0.401700850425 0.279187895992 0.440560227084
-0.400700350175 0.280192701851 0.442955292952
-0.399699849925 0.281202233545 0.445348253695
-0.398699349675 0.282216514959 0.447739080341
-0.397698849425 0.283235570069 0.450127743992
-0.396698349175 0.284259422938 0.452514215822
-0.395697848924 0.285288097714 0.454898467077
-0.394697348674 0.286321618631 0.457280469077
-0.393696848424 0.287360010010 0.459660193212
-0.392696348174 0.288403296255 0.462037610947
-0.391695847924 0.289451501855 0.464412693817
-0.390695347674 0.290504651381 0.466785413431
-0.389694847424 0.291562769487 0.469155741470
-0.388694347174 0.292625880907 0.471523649688
-0.387693846923 0.293694010459 0.473889109910
-0.386693346673 0.294767183038 0.476252094035
-0.385692846423 0.295845423618 0.478612574032
-0.384692346173 0.296928757253 0.480970521947
-0.383691845923 0.298017209073 0.483325909893
-0.382691345673 0.299110804282 0.485678710060
-0.381690845423 0.300209568163 0.488028894707
-0.380690345173 0.301313526071 0.490376436167
-0.379689844922 0.302422703433 0.492721306846
-0.378689344672 0.303537125749 0.495063479221
-0.377688844422 0.304656818589 0.497402925843
-0.376688344172 0.305781807594 0.499739619333
-0.375687843922 0.306912118471 0.502073532388
-0.374687343672 0.308047776996 0.504404637774
-0.373686843422 0.309188809008 0.506732908331
-0.372686343172 0.310335240414 0.509058316971
-0.371685842921 0.311487097180 0.511380836680
-0.370685342671 0.312644405337 0.513700440514
-0.369684842421 0.313807190973 0.516017101603
-0.368684342171 0.314975480237 0.518330793148
-0.367683841921 0.316149299333 0.520641488425
-0.366683341671 0.317328674522 0.522949160780
-0.365682841421 0.318513632117 0.525253783632
-0.364682341171 0.319704198485 0.527555330473
-0.363681840920 0.320900400041 0.529853774868
-0.362681340670 0.322102263251 0.532149090451
-0.361680840420 0.323309814627 0.534441250934
-0.360680340170 0.324523080724 0.536730230096
-0.359679839920 0.325742088142 0.539016001792
-0.358679339670 0.326966863520 0.541298539948
-0.357678839420 0.328197433539 0.543577818563
-0.356678339170 0.329433824915 0.545853811708
-0.355677838919 0.330676064396 0.548126493526
-0.354677338669 0.331924178768 0.550395838233
-0.353676838419 0.333178194843 0.552661820118
-0.352676338169 0.334438139463 0.554924413541
-0.351675837919 0.335704039495 0.557183592936
-0.350675337669 0.336975921828 0.559439332809
-0.349674837419 0.338253813375 0.561691607737
-0.348674337169 0.339537741063 0.563940392370
-0.347673836918 0.340827731839 0.566185661433
-0.346673336668 0.342123812659 0.568427389720
-0.345672836418 0.343426010492 0.570665552099
-0.344672336168 0.344734352312 0.572900123511
-0.343671835918 0.346048865101 0.575131078967
-0.342671335668 0.347369575840 0.577358393553
-0.341670835418 0.348696511509 0.579582042427
-0.340670335168 0.350029699084 0.581802000818
-0.339669834917 0.351369165534 0.584018244030
-0.338669334667 0.352714937818 0.586230747435
-0.337668834417 0.354067042879 0.588439486483
-0.336668334167 0.355425507644 0.590644436692
-0.335667833917 0.356790359020 0.592845573655
-0.334667333667 0.358161623888 0.595042873035
-0.333666833417 0.359539329103 0.597236310571
-0.332666333167 0.360923501488 0.599425862071
-0.331665832916 0.362314167831 0.601611503417
-0.330665332666 0.363711354882 0.603793210563
-0.329664832416 0.365115089346 0.605970959536
-0.328664332166 0.366525397883 0.608144726435
-0.327663831916 0.367942307103 0.610314487432
-0.326663331666 0.369365843558 0.612480218769
-0.325662831416 0.370796033745 0.614641896765
-0.324662331166 0.372232904095 0.616799497807
-0.323661830915 0.373676480971 0.618952998357
-0.322661330665 0.375126790664 0.621102374948
-0.321660830415 0.376583859390 0.623247604186
-0.320660330165 0.378047713280 0.625388662750
-0.319659829915 0.379518378382 0.627525527391
-0.318659329665 0.380995880650 0.629658174932
-0.317658829415 0.382480245944 0.631786582269
-0.316658329165 0.383971500020 0.633910726369
-0.315657828914 0.385469668532 0.636030584274
-0.314657328664 0.386974777017 0.638146133097
-0.313656828414 0.388486850900 0.640257350023
-0.312656328164 0.390005915479 0.642364212310
-0.311655827914 0.391531995926 0.644466697288
-0.310655327664 0.393065117280 0.646564782360
-0.309654827414 0.394605304438 0.648658445001
-0.308654327164 0.396152582154 0.650747662760
-0.307653826913 0.397706975028 0.652832413255
-0.306653326663 0.399268507505 0.654912674179
-0.305652826413 0.400837203862 0.656988423297
-0.304652326163 0.402413088211 0.659059638447
-0.303651825913 0.403996184481 0.661126297538
-0.302651325663 0.405586516424 0.663188378553
-0.301650825413 0.407184107596 0.665245859545
-0.300650325163 0.408788981360 0.667298718643
-0.299649824912 0.410401160872 0.669346934045
-0.298649324662 0.412020669080 0.671390484023
-0.297648824412 0.413647528710 0.673429346922
-0.296648324162 0.415281762266 0.675463501158
-0.295647823912 0.416923392015 0.677492925220
-0.294647323662 0.418572439987 0.679517597671
-0.293646823412 0.420228927959 0.681537497143
-0.292646323162 0.421892877455 0.683552602344
-0.291645822911 0.423564309734 0.685562892053
-0.290645322661 0.425243245780 0.687568345120
-0.289644822411 0.426929706298 0.689568940469
-0.288644322161 0.428623711702 0.691564657097
-0.287643821911 0.430325282110 0.693555474072
-0.286643321661 0.432034437331 0.695541370535
-0.285642821411 0.433751196859 0.697522325699
-0.284642321161 0.435475579863 0.699498318851
-0.283641820910 0.437207605178 0.701469329349
-0.282641320660 0.438947291297 0.703435336622
-0.281640820410 0.440694656358 0.705396320175
-0.280640320160 0.442449718138 0.707352259583
-0.279639819910 0.444212494040 0.709303134495
-0.278639319660 0.445983001088 0.711248924629
-0.277638819410 0.447761255910 0.713189609780
-0.276638319160 0.449547274733 0.715125169812
-0.275637818909 0.451341073371 0.717055584663
-0.274637318659 0.453142667216 0.718980834344
-0.273636818409 0.454952071221 0.720900898936
-0.272636318159 0.456769299898 0.722815758596
-0.271635817909 0.458594367301 0.724725393549
-0.270635317659 0.460427287016 0.726629784097
-0.269634817409 0.462268072149 0.728528910611
-0.268634317159 0.464116735318 0.730422753536
-0.267633816908 0.465973288636 0.732311293389
-0.266633316658 0.467837743702 0.734194510760
-0.265632816408 0.469710111589 0.736072386310
-0.264632316158 0.471590402831 0.737944900775
-0.263631815908 0.473478627410 0.739812034960
-0.262631315658 0.475374794745 0.741673769745
-0.261630815408 0.477278913677 0.743530086082
-0.260630315158 0.479190992459 0.745380964995
-0.259629814907 0.481111038738 0.747226387580
-0.258629314657 0.483039059549 0.749066335007
-0.257628814407 0.484975061292 0.750900788516
-0.256628314157 0.486919049728 0.752729729422
-0.255627813907 0.488871029958 0.754553139111
-0.254627313657 0.490831006411 0.756370999041
-0.253626813407 0.492798982832 0.758183290743
-0.252626313157 0.494774962264 0.759989995822
-0.251625812906 0.496758947035 0.761791095952
-0.250625312656 0.498750938746 0.763586572883
-0.249624812406 0.500750938250 0.765376408435
-0.248624312156 0.502758945641 0.767160584501
-0.247623811906 0.504774960238 0.768939083048
-0.246623311656 0.506798980568 0.770711886112
-0.245622811406 0.508831004354 0.772478975805
-0.244622311156 0.510871028493 0.774240334310
-0.243621810905 0.512919049046 0.775995943881
-0.242621310655 0.514975061218 0.777745786847
-0.241620810405 0.517039059341 0.779489845608
-0.240620310155 0.519111036862 0.781228102637
-0.239619809905 0.521190986320 0.782960540478
-0.238619309655 0.523278899334 0.784687141749
-0.237618809405 0.525374766582 0.786407889141
-0.236618309155 0.527478577788 0.788122765414
-0.235617808904 0.529590321700 0.789831753405
-0.234617308654 0.531709986073 0.791534836020
-0.233616808404 0.533837557654 0.793231996240
-0.232616308154 0.535973022161 0.794923217115
-0.231615807904 0.538116364268 0.796608481771
-0.230615307654 0.540267567581 0.798287773404
-0.229614807404 0.542426614625 0.799961075284
-0.228614307154 0.544593486822 0.801628370753
-0.227613806903 0.546768164473 0.803289643224
-0.226613306653 0.548950626739 0.804944876185
-0.225612806403 0.551140851623 0.806594053194
-0.224612306153 0.553338815947 0.808237157883
-0.223611805903 0.555544495335 0.809874173956
-0.222611305653 0.557757864195 0.811505085189
-0.221610805403 0.559978895696 0.813129875431
-0.220610305153 0.562207561746 0.814748528603
-0.219609804902 0.564443832979 0.816361028698
-0.218609304652 0.566687678730 0.817967359784
-0.217608804402 0.568939067011 0.819567505997
-0.216608304152 0.571197964500 0.821161451550
-0.215607803902 0.573464336512 0.822749180725
-0.214607303652 0.575738146979 0.824330677878
-0.213606803402 0.578019358436 0.825905927438
-0.212606303152 0.580307931991 0.827474913904
-0.211605802901 0.582603827310 0.829037621851
-0.210605302651 0.584907002591 0.830594035922
-0.209604802401 0.587217414548 0.832144140837
-0.208604302151 0.589535018386 0.833687921386
-0.207603801901 0.591859767780 0.835225362431
-0.206603301651 0.594191614852 0.836756448908
-0.205602801401 0.596530510154 0.838281165823
-0.204602301151 0.598876402642 0.839799498258
-0.203601800900 0.601229239654 0.841311431364
-0.202601300650 0.603588966892 0.842816950367
-0.201600800400 0.605955528395 0.844316040563
-0.200600300150 0.608328866522 0.845808687323
-0.199599799900 0.610708921926 0.847294876089
-0.198599299650 0.613095633536 0.848774592374
-0.197598799400 0.615488938530 0.850247821767
-0.196598299150 0.617888772317 0.851714549927
-0.195597798899 0.620295068516 0.853174762585
-0.194597298649 0.622707758927 0.854628445545
-0.193596798399 0.625126773519 0.856075584686
-0.192596298149 0.627552040400 0.857516165954
-0.191595797899 0.629983485797 0.858950175373
-0.190595297649 0.632421034040 0.860377599037
-0.189594797399 0.634864607530 0.861798423110
-0.188594297149 0.637314126728 0.863212633834
-0.187593796898 0.639769510123 0.864620217518
-0.186593296648 0.642230674222 0.866021160546
-0.185592796398 0.644697533516 0.867415449376
-0.184592296148 0.647170000471 0.868803070534
-0.183591795898 0.649647985498 0.870184010622
-0.182591295648 0.652131396937 0.871558256314
-0.181590795398 0.654620141032 0.872925794356
-0.180590295148 0.657114121915 0.874286611565
-0.179589794897 0.659613241584 0.875640694832
-0.178589294647 0.662117399881 0.876988031121
-0.177588794397 0.664626494474 0.878328607467
-0.176588294147 0.667140420836 0.879662410978
-0.175587793897 0.669659072227 0.880989428834
-0.174587293647 0.672182339675 0.882309648289
-0.173586793397 0.674710111954 0.883623056667
-0.172586293147 0.677242275567 0.884929641366
-0.171585792896 0.679778714732 0.886229389856
-0.170585292646 0.682319311356 0.887522289681
-0.169584792396 0.684863945024 0.888808328454
-0.168584292146 0.687412492979 0.890087493863
-0.167583791896 0.689964830105 0.891359773668
-0.166583291646 0.692520828910 0.892625155702
-0.165582791396 0.695080359514 0.893883627868
-0.164582291146 0.697643289628 0.895135178145
-0.163581790895 0.700209484542 0.896379794581
-0.162581290645 0.702778807109 0.897617465299
-0.161580790395 0.705351117732 0.898848178492
-0.160580290145 0.707926274351 0.900071922429
-0.159579789895 0.710504132427 0.901288685447
-0.158579289645 0.713084544931 0.902498455959
-0.157578789395 0.715667362335 0.903701222448
-0.156578289145 0.718252432594 0.904896973472
-0.155577788894 0.720839601143 0.906085697659
-0.154577288644 0.723428710880 0.907267383710
-0.153576788394 0.726019602161 0.908442020400
-0.152576288144 0.728612112790 0.909609596574
-0.151575787894 0.731206078012 0.910770101152
-0.150575287644 0.733801330501 0.911923523124
-0.149574787394 0.736397700361 0.913069851554
-0.148574287144 0.738995015114 0.914209075577
-0.147573786893 0.741593099697 0.915341184403
-0.146573286643 0.744191776459 0.916466167311
-0.145572786393 0.746790865158 0.917584013656
-0.144572286143 0.749390182954 0.918694712862
-0.143571785893 0.751989544412 0.919798254428
-0.142571285643 0.754588761502 0.920894627925
-0.141570785393 0.757187643595 0.921983822994
-0.140570285143 0.759785997467 0.923065829353
-0.139569784892 0.762383627301 0.924140636787
-0.138569284642 0.764980334688 0.925208235159
-0.137568784392 0.767575918637 0.926268614399
-0.136568284142 0.770170175572 0.927321764514
-0.135567783892 0.772762899345 0.928367675581
-0.134567283642 0.775353881241 0.929406337749
-0.133566783392 0.777942909985 0.930437741241
-0.132566283142 0.780529771754 0.931461876352
-0.131565782891 0.783114250187 0.932478733449
-0.130565282641 0.785696126397 0.933488302972
-0.129564782391 0.788275178984 0.934490575433
-0.128564282141 0.790851184050 0.935485541415
-0.127563781891 0.793423915212 0.936473191577
-0.126563281641 0.795993143624 0.937453516647
-0.125562781391 0.798558637990 0.938426507427
-0.124562281141 0.801120164586 0.939392154791
-0.123561780890 0.803677487282 0.940350449686
-0.122561280640 0.806230367559 0.941301383132
-0.121560780390 0.808778564540 0.942244946218
-0.120560280140 0.811321835008 0.943181130110
-0.119559779890 0.813859933437 0.944109926044
-0.118559279640 0.816392612016 0.945031325328
-0.117558779390 0.818919620682 0.945945319344
-0.116558279140 0.821440707146 0.946851899545
-0.115557778889 0.823955616928 0.947751057457
-0.114557278639 0.826464093391 0.948642784679
-0.113556778389 0.828965877773 0.949527072881
-0.112556278139 0.831460709226 0.950403913807
-0.111555777889 0.833948324852 0.951273299273
-0.110555277639 0.836428459743 0.952135221167
-0.109554777389 0.838900847025 0.952989671448
-0.108554277139 0.841365217895 0.953836642152
-0.107553776888 0.843821301668 0.954676125382
-0.106553276638 0.846268825823 0.955508113317
-0.105552776388 0.848707516051 0.956332598206
-0.104552276138 0.851137096298 0.957149572374
-0.103551775888 0.853557288824 0.957959028214
-0.102551275638 0.855967814247 0.958760958195
-0.101550775388 0.858368391601 0.959555354857
-0.100550275138 0.860758738390 0.960342210811
-0.099549774887 0.863138570642 0.961121518743
-0.098549274637 0.865507602971 0.961893271410
-0.097548774387 0.867865548635 0.962657461642
-0.096548274137 0.870212119595 0.963414082340
-0.095547773887 0.872547026583 0.964163126481
-0.094547273637 0.874869979159 0.964904587109
-0.093546773387 0.877180685786 0.965638457346
-0.092546273137 0.879478853887 0.966364730382
-0.091545772886 0.881764189923 0.967083399483
-0.090545272636 0.884036399460 0.967794457984
-0.089544772386 0.886295187236 0.968497899295
-0.088544272136 0.888540257245 0.969193716898
-0.087543771886 0.890771312802 0.969881904346
-0.086543271636 0.892988056623 0.970562455266
-0.085542771386 0.895190190904 0.971235363356
-0.084542271136 0.897377417400 0.971900622389
-0.083541770885 0.899549437500 0.972558226207
-0.082541270635 0.901705952318 0.973208168727
-0.081540770385 0.903846662769 0.973850443937
-0.080540270135 0.905971269654 0.974485045899
-0.079539769885 0.908079473750 0.975111968745
-0.078539269635 0.910170975894 0.975731206682
-0.077538769385 0.912245477069 0.976342753988
-0.076538269135 0.914302678499 0.976946605013
-0.075537768884 0.916342281733 0.977542754181
-0.074537268634 0.918363988742 0.978131195987
-0.073536768384 0.920367502007 0.978711924999
-0.072536268134 0.922352524616 0.979284935857
-0.071535767884 0.924318760358 0.979850223275
-0.070535267634 0.926265913817 0.980407782038
-0.069534767384 0.928193690468 0.980957607002
-0.068534267134 0.930101796777 0.981499693099
-0.067533766883 0.931989940295 0.982034035332
-0.066533266633 0.933857829763 0.982560628773
-0.065532766383 0.935705175202 0.983079468572
-0.064532266133 0.937531688024 0.983590549949
-0.063531765883 0.939337081121 0.984093868194
-0.062531265633 0.941121068978 0.984589418673
-0.061530765383 0.942883367763 0.985077196824
-0.060530265133 0.944623695440 0.985557198155
-0.059529764882 0.946341771861 0.986029418248
-0.058529264632 0.948037318877 0.986493852759
-0.057528764382 0.949710060436 0.986950497413
-0.056528264132 0.951359722687 0.987399348010
-0.055527763882 0.952986034084 0.987840400421
-0.054527263632 0.954588725488 0.988273650592
-0.053526763382 0.956167530272 0.988699094537
-0.052526263132 0.957722184421 0.989116728346
-0.051525762881 0.959252426637 0.989526548181
-0.050525262631 0.960757998441 0.989928550276
-0.049524762381 0.962238644274 0.990322730935
-0.048524262131 0.963694111604 0.990709086539
-0.047523761881 0.965124151018 0.991087613538
-0.046523261631 0.966528516333 0.991458308456
-0.045522761381 0.967906964690 0.991821167888
-0.044522261131 0.969259256654 0.992176188503
-0.043521760880 0.970585156317 0.992523367042
-0.042521260630 0.971884431393 0.992862700318
-0.041520760380 0.973156853314 0.993194185217
-0.040520260130 0.974402197330 0.993517818696
-0.039519759880 0.975620242601 0.993833597786
-0.038519259630 0.976810772294 0.994141519590
-0.037518759380 0.977973573673 0.994441581284
-0.036518259130 0.979108438193 0.994733780115
-0.035517758879 0.980215161590 0.995018113403
-0.034517258629 0.981293543969 0.995294578542
-0.033516758379 0.982343389895 0.995563172995
-0.032516258129 0.983364508474 0.995823894301
-0.031515757879 0.984356713442 0.996076740069
-0.030515257629 0.985319823244 0.996321707982
-0.029514757379 0.986253661120 0.996558795795
-0.028514257129 0.987158055181 0.996788001334
-0.027513756878 0.988032838485 0.997009322500
-0.026513256628 0.988877849117 0.997222757264
-0.025512756378 0.989692930261 0.997428303671
-0.024512256128 0.990477930268 0.997625959837
-0.023511755878 0.991232702733 0.997815723953
-0.022511255628 0.991957106554 0.997997594279
-0.021510755378 0.992651006003 0.998171569150
-0.020510255128 0.993314270785 0.998337646973
-0.019509754877 0.993946776104 0.998495826227
-0.018509254627 0.994548402712 0.998646105463
-0.017508754377 0.995119036976 0.998788483304
-0.016508254127 0.995658570921 0.998922958448
-0.015507753877 0.996166902288 0.999049529663
-0.014507253627 0.996643934578 0.999168195790
-0.013506753377 0.997089577098 0.999278955743
-0.012506253127 0.997503745007 0.999381808507
-0.011505752876 0.997886359351 0.999476753142
-0.010505252626 0.998237347107 0.999563788778
-0.009504752376 0.998556641212 0.999642914618
-0.008504252126 0.998844180597 0.999714129939
-0.007503751876 0.999099910216 0.999777434088
-0.006503251626 0.999323781074 0.999832826485
-0.005502751376 0.999515750248 0.999880306625
-0.004502251126 0.999675780909 0.999919874072
-0.003501750875 0.999803842338 0.999951528464
-0.002501250625 0.999899909944 0.999975269511
-0.001500750375 0.999963965272 0.999991096997
-0.000500250125 0.999995996013 0.999999010776
0.000500250125 0.999995996013 0.999999010776
0.001500750375 0.999963965272 0.999991096997
0.002501250625 0.999899909944 0.999975269511
0.003501750875 0.999803842338 0.999951528464
0.004502251126 0.999675780909 0.999919874072
0.005502751376 0.999515750248 0.999880306625
0.006503251626 0.999323781074 0.999832826485
0.007503751876 0.999099910216 0.999777434088
0.008504252126 0.998844180597 0.999714129939
0.009504752376 0.998556641212 0.999642914618
0.010505252626 0.998237347107 0.999563788778
0.011505752876 0.997886359351 0.999476753142
0.012506253127 0.997503745007 0.999381808507
0.013506753377 0.997089577098 0.999278955743
0.014507253627 0.996643934578 0.999168195790
0.015507753877 0.996166902288 0.999049529663
0.016508254127 0.995658570921 0.998922958448
0.017508754377 0.995119036976 0.998788483304
0.018509254627 0.994548402712 0.998646105463
0.019509754877 0.993946776104 0.998495826227
0.020510255128 0.993314270785 0.998337646973
0.021510755378 0.992651006003 0.998171569150
0.022511255628 0.991957106554 0.997997594279
0.023511755878 0.991232702733 0.997815723953
0.024512256128 0.990477930268 0.997625959837
0.025512756378 0.989692930261 0.997428303671
0.026513256628 0.988877849117 0.997222757264
0.027513756878 0.988032838485 0.997009322500
0.028514257129 0.987158055181 0.996788001334
0.029514757379 0.986253661120 0.996558795795
0.030515257629 0.985319823244 0.996321707982
0.031515757879 0.984356713442 0.996076740069
0.032516258129 0.983364508474 0.995823894301
0.033516758379 0.982343389895 0.995563172995
0.034517258629 0.981293543969 0.995294578542
0.035517758879 0.980215161590 0.995018113403
0.036518259130 0.979108438193 0.994733780115
0.037518759380 0.977973573673 0.994441581284
0.038519259630 0.976810772294 0.994141519590
0.039519759880 0.975620242601 0.993833597786
0.040520260130 0.974402197330 0.993517818696
0.041520760380 0.973156853314 0.993194185217
0.042521260630 0.971884431393 0.992862700318
0.043521760880 0.970585156317 0.992523367042
0.044522261131 0.969259256654 0.992176188503
0.045522761381 0.967906964690 0.991821167888
0.046523261631 0.966528516333 0.991458308456
0.047523761881 0.965124151018 0.991087613538
0.048524262131 0.963694111604 0.990709086539
0.049524762381 0.962238644274 0.990322730935
0.050525262631 0.960757998441 0.989928550276
0.051525762881 0.959252426637 0.989526548181
0.052526263132 0.957722184421 0.989116728346
0.053526763382 0.956167530272 0.988699094537
0.054527263632 0.954588725488 0.988273650592
0.055527763882 0.952986034084 0.987840400421
0.056528264132 0.951359722687 0.987399348010
0.057528764382 0.949710060436 0.986950497413
0.058529264632 0.948037318877 0.986493852759
0.059529764882 0.946341771861 0.986029418248
0.060530265133 0.944623695440 0.985557198155
0.061530765383 0.942883367763 0.985077196824
0.062531265633 0.941121068978 0.984589418673
0.063531765883 0.939337081121 0.984093868194
0.064532266133 0.937531688024 0.983590549949
0.065532766383 0.935705175202 0.983079468572
0.066533266633 0.933857829763 0.982560628773
0.067533766883 0.931989940295 0.982034035332
0.068534267134 0.930101796777 0.981499693099
0.069534767384 0.928193690468 0.980957607002
0.070535267634 0.926265913817 0.980407782038
0.071535767884 0.924318760358 0.979850223275
0.072536268134 0.922352524616 0.979284935857
0.073536768384 0.920367502007 0.978711924999
0.074537268634 0.918363988742 0.978131195987
0.075537768884 0.916342281733 0.977542754181
0.076538269135 0.914302678499 0.976946605013
0.077538769385 0.912245477069 0.976342753988
0.078539269635 0.910170975894 0.975731206682
0.079539769885 0.908079473750 0.975111968745
0.080540270135 0.905971269654 0.974485045899
0.081540770385 0.903846662769 0.973850443937
0.082541270635 0.901705952318 0.973208168727
0.083541770885 0.899549437500 0.972558226207
0.084542271136 0.897377417400 0.971900622389
0.085542771386 0.895190190904 0.971235363356
0.086543271636 0.892988056623 0.970562455266
0.087543771886 0.890771312802 0.969881904346
0.088544272136 0.888540257245 0.969193716898
0.089544772386 0.886295187236 0.968497899295
0.090545272636 0.884036399460 0.967794457984
0.091545772886 0.881764189923 0.967083399483
0.092546273137 0.879478853887 0.966364730382
0.093546773387 0.877180685786 0.965638457346
0.094547273637 0.874869979159 0.964904587109
0.095547773887 0.872547026583 0.964163126481
0.096548274137 0.870212119595 0.963414082340
0.097548774387 0.867865548635 0.962657461642
0.098549274637 0.865507602971 0.961893271410
0.099549774887 0.863138570642 0.961121518743
0.100550275138 0.860758738390 0.960342210811
0.101550775388 0.858368391601 0.959555354857
0.102551275638 0.855967814247 0.958760958195
0.103551775888 0.853557288824 0.957959028214
0.104552276138 0.851137096298 0.957149572374
0.105552776388 0.848707516051 0.956332598206
0.106553276638 0.846268825823 0.955508113317
0.107553776888 0.843821301668 0.954676125382
0.108554277139 0.841365217895 0.953836642152
0.109554777389 0.838900847025 0.952989671448
0.110555277639 0.836428459743 0.952135221167
0.111555777889 0.833948324852 0.951273299273
0.112556278139 0.831460709226 0.950403913807
0.113556778389 0.828965877773 0.949527072881
0.114557278639 0.826464093391 0.948642784679
0.115557778889 0.823955616928 0.947751057457
0.116558279140 0.821440707146 0.946851899545
0.117558779390 0.818919620682 0.945945319344
0.118559279640 0.816392612016 0.945031325328
0.119559779890 0.813859933437 0.944109926044
0.120560280140 0.811321835008 0.943181130110
0.121560780390 0.808778564540 0.942244946218
0.122561280640 0.806230367559 0.941301383132
0.123561780890 0.803677487282 0.940350449686
0.124562281141 0.801120164586 0.939392154791
0.125562781391 0.798558637990 0.938426507427
0.126563281641 0.795993143624 0.937453516647
0.127563781891 0.793423915212 0.936473191577
0.128564282141 0.790851184050 0.935485541415
0.129564782391 0.788275178984 0.934490575433
0.130565282641 0.785696126397 0.933488302972
0.131565782891 0.783114250187 0.932478733449
0.132566283142 0.780529771754 0.931461876352
0.133566783392 0.777942909985 0.930437741241
0.134567283642 0.775353881241 0.929406337749
0.135567783892 0.772762899345 0.928367675581
0.136568284142 0.770170175572 0.927321764514
0.137568784392 0.767575918637 0.926268614399
0.138569284642 0.764980334688 0.925208235159
0.139569784892 0.762383627301 0.924140636787
0.140570285143 0.759785997467 0.923065829353
0.141570785393 0.757187643595 0.921983822994
0.142571285643 0.754588761502 0.920894627925
0.143571785893 0.751989544412 0.919798254428
0.144572286143 0.749390182954 0.918694712862
0.145572786393 0.746790865158 0.917584013656
0.146573286643 0.744191776459 0.916466167311
0.147573786893 0.741593099697 0.915341184403
0.148574287144 0.738995015114 0.914209075577
0.149574787394 0.736397700361 0.913069851554
0.150575287644 0.733801330501 0.911923523124
0.151575787894 0.731206078012 0.910770101152
0.152576288144 0.728612112790 0.909609596574
0.153576788394 0.726019602161 0.908442020400
0.154577288644 0.723428710880 0.907267383710
0.155577788894 0.720839601143 0.906085697659
0.156578289145 0.718252432594 0.904896973472
0.157578789395 0.715667362335 0.903701222448
0.158579289645 0.713084544931 0.902498455959
0.159579789895 0.710504132427 0.901288685447
0.160580290145 0.707926274351 0.900071922429
0.161580790395 0.705351117732 0.898848178492
0.162581290645 0.702778807109 0.897617465299
0.163581790895 0.700209484542 0.896379794581
0.164582291146 0.697643289628 0.895135178145
0.165582791396 0.695080359514 0.893883627868
0.166583291646 0.692520828910 0.892625155702
0.167583791896 0.689964830105 0.891359773668
0.168584292146 0.687412492979 0.890087493863
0.169584792396 0.684863945024 0.888808328454
0.170585292646 0.682319311356 0.887522289681
0.171585792896 0.679778714732 0.886229389856
0.172586293147 0.677242275567 0.884929641366
0.173586793397 0.674710111954 0.883623056667
0.174587293647 0.672182339675 0.882309648289
0.175587793897 0.669659072227 0.880989428834
0.176588294147 0.667140420836 0.879662410978
0.177588794397 0.664626494474 0.878328607467
0.178589294647 0.662117399881 0.876988031121
0.179589794897 0.659613241584 0.875640694832
0.180590295148 0.657114121915 0.874286611565
0.181590795398 0.654620141032 0.872925794356
0.182591295648 0.652131396937 0.871558256314
0.183591795898 0.649647985498 0.870184010622
0.184592296148 0.647170000471 0.868803070534
0.185592796398 0.644697533516 0.867415449376
0.186593296648 0.642230674222 0.866021160546
0.187593796898 0.639769510123 0.864620217518
0.188594297149 0.637314126728 0.863212633834
0.189594797399 0.634864607530 0.861798423110
0.190595297649 0.632421034040 0.860377599037
0.191595797899 0.629983485797 0.858950175373
0.192596298149 0.627552040400 0.857516165954
0.193596798399 0.625126773519 0.856075584686
0.194597298649 0.622707758927 0.854628445545
0.195597798899 0.620295068516 0.853174762585
0.196598299150 0.617888772317 0.851714549927
0.197598799400 0.615488938530 0.850247821767
0.198599299650 0.613095633536 0.848774592374
0.199599799900 0.610708921926 0.847294876089
0.200600300150 0.608328866522 0.845808687323
0.201600800400 0.605955528395 0.844316040563
0.202601300650 0.603588966892 0.842816950367
0.203601800900 0.601229239654 0.841311431364
0.204602301151 0.598876402642 0.839799498258
0.205602801401 0.596530510154 0.838281165823
0.206603301651 0.594191614852 0.836756448908
0.207603801901 0.591859767780 0.835225362431
0.208604302151 0.589535018386 0.833687921386
0.209604802401 0.587217414548 0.832144140837
0.210605302651 0.584907002591 0.830594035922
0.211605802901 0.582603827310 0.829037621851
0.212606303152 0.580307931991 0.827474913904
0.213606803402 0.578019358436 0.825905927438
0.214607303652 0.575738146979 0.824330677878
0.215607803902 0.573464336512 0.822749180725
0.216608304152 0.571197964500 0.821161451550
0.217608804402 0.568939067011 0.819567505997
0.218609304652 0.566687678730 0.817967359784
0.219609804902 0.564443832979 0.816361028698
0.220610305153 0.562207561746 0.814748528603
0.221610805403 0.559978895696 0.813129875431
0.222611305653 0.557757864195 0.811505085189
0.223611805903 0.555544495335 0.809874173956
0.224612306153 0.553338815947 0.808237157883
0.225612806403 0.551140851623 0.806594053194
0.226613306653 0.548950626739 0.804944876185
0.227613806903 0.546768164473 0.803289643224
0.228614307154 0.544593486822 0.801628370753
0.229614807404 0.542426614625 0.799961075284
0.230615307654 0.540267567581 0.798287773404
0.231615807904 0.538116364268 0.796608481771
0.232616308154 0.535973022161 0.794923217115
0.233616808404 0.533837557654 0.793231996240
0.234617308654 0.531709986073 0.791534836020
0.235617808904 0.529590321700 0.789831753405
0.236618309155 0.527478577788 0.788122765414
0.237618809405 0.525374766582 0.786407889141
0.238619309655 0.523278899334 0.784687141749
0.239619809905 0.521190986320 0.782960540478
0.240620310155 0.519111036862 0.781228102637
0.241620810405 0.517039059341 0.779489845608
0.242621310655 0.514975061218 0.777745786847
0.243621810905 0.512919049046 0.775995943881
0.244622311156 0.510871028493 0.774240334310
0.245622811406 0.508831004354 0.772478975805
0.246623311656 0.506798980568 0.770711886112
0.247623811906 0.504774960238 0.768939083048
0.248624312156 0.502758945641 0.767160584501
0.249624812406 0.500750938250 0.765376408435
0.250625312656 0.498750938746 0.763586572883
0.251625812906 0.496758947035 0.761791095952
0.252626313157 0.494774962264 0.759989995822
0.253626813407 0.492798982832 0.758183290743
0.254627313657 0.490831006411 0.756370999041
0.255627813907 0.488871029958 0.754553139111
0.256628314157 0.486919049728 0.752729729422
0.257628814407 0.484975061292 0.750900788516
0.258629314657 0.483039059549 0.749066335007
0.259629814907 0.481111038738 0.747226387580
0.260630315158 0.479190992459 0.745380964995
0.261630815408 0.477278913677 0.743530086082
0.262631315658 0.475374794745 0.741673769745
0.263631815908 0.473478627410 0.739812034960
0.264632316158 0.471590402831 0.737944900775
0.265632816408 0.469710111589 0.736072386310
0.266633316658 0.467837743702 0.734194510760
0.267633816908 0.465973288636 0.732311293389
0.268634317159 0.464116735318 0.730422753536
0.269634817409 0.462268072149 0.728528910611
0.270635317659 0.460427287016 0.726629784097
0.271635817909 0.458594367301 0.724725393549
0.272636318159 0.456769299898 0.722815758596
0.273636818409 0.454952071221 0.720900898936
0.274637318659 0.453142667216 0.718980834344
0.275637818909 0.451341073371 0.717055584663
0.276638319160 0.449547274733 0.715125169812
0.277638819410 0.447761255910 0.713189609780
0.278639319660 0.445983001088 0.711248924629
0.279639819910 0.444212494040 0.709303134495
0.280640320160 0.442449718138 0.707352259583
0.281640820410 0.440694656358 0.705396320175
0.282641320660 0.438947291297 0.703435336622
0.283641820910 0.437207605178 0.701469329349
0.284642321161 0.435475579863 0.699498318851
0.285642821411 0.433751196859 0.697522325699
0.286643321661 0.432034437331 0.695541370535
0.287643821911 0.430325282110 0.693555474072
0.288644322161 0.428623711702 0.691564657097
0.289644822411 0.426929706298 0.689568940469
0.290645322661 0.425243245780 0.687568345120
0.291645822911 0.423564309734 0.685562892053
0.292646323162 0.421892877455 0.683552602344
0.293646823412 0.420228927959 0.681537497143
0.294647323662 0.418572439987 0.679517597671
0.295647823912 0.416923392015 0.677492925220
0.296648324162 0.415281762266 0.675463501158
0.297648824412 0.413647528710 0.673429346922
0.298649324662 0.412020669080 0.671390484023
0.299649824912 0.410401160872 0.669346934045
0.300650325163 0.408788981360 0.667298718643
0.301650825413 0.407184107596 0.665245859545
0.302651325663 0.405586516424 0.663188378553
0.303651825913 0.403996184481 0.661126297538
0.304652326163 0.402413088211 0.659059638447
0.305652826413 0.400837203862 0.656988423297
0.306653326663 0.399268507505 0.654912674179
0.307653826913 0.397706975028 0.652832413255
0.308654327164 0.396152582154 0.650747662760
0.309654827414 0.394605304438 0.648658445001
0.310655327664 0.393065117280 0.646564782360
0.311655827914 0.391531995926 0.644466697288
0.312656328164 0.390005915479 0.642364212310
0.313656828414 0.388486850900 0.640257350023
0.314657328664 0.386974777017 0.638146133097
0.315657828914 0.385469668532 0.636030584274
0.316658329165 0.383971500020 0.633910726369
0.317658829415 0.382480245944 0.631786582269
0.318659329665 0.380995880650 0.629658174932
0.319659829915 0.379518378382 0.627525527391
0.320660330165 0.378047713280 0.625388662750
0.321660830415 0.376583859390 0.623247604186
0.322661330665 0.375126790664 0.621102374948
0.323661830915 0.373676480971 0.618952998357
0.324662331166 0.372232904095 0.616799497807
0.325662831416 0.370796033745 0.614641896765
0.326663331666 0.369365843558 0.612480218769
0.327663831916 0.367942307103 0.610314487432
0.328664332166 0.366525397883 0.608144726435
0.329664832416 0.365115089346 0.605970959536
0.330665332666 0.363711354882 0.603793210563
0.331665832916 0.362314167831 0.601611503417
0.332666333167 0.360923501488 0.599425862071
0.333666833417 0.359539329103 0.597236310571
0.334667333667 0.358161623888 0.595042873035
0.335667833917 0.356790359020 0.592845573655
0.336668334167 0.355425507644 0.590644436692
0.337668834417 0.354067042879 0.588439486483
0.338669334667 0.352714937818 0.586230747435
0.339669834917 0.351369165534 0.584018244030
0.340670335168 0.350029699084 0.581802000818
0.341670835418 0.348696511509 0.579582042427
0.342671335668 0.347369575840 0.577358393553
0.343671835918 0.346048865101 0.575131078967
0.344672336168 0.344734352312 0.572900123511
0.345672836418 0.343426010492 0.570665552099
0.346673336668 0.342123812659 0.568427389720
0.347673836918 0.340827731839 0.566185661433
0.348674337169 0.339537741063 0.563940392370
0.349674837419 0.338253813375 0.561691607737
0.350675337669 0.336975921828 0.559439332809
0.351675837919 0.335704039495 0.557183592936
0.352676338169 0.334438139463 0.554924413541
0.353676838419 0.333178194843 0.552661820118
0.354677338669 0.331924178768 0.550395838233
0.355677838919 0.330676064396 0.548126493526
0.356678339170 0.329433824915 0.545853811708
0.357678839420 0.328197433539 0.543577818563
0.358679339670 0.326966863520 0.541298539948
0.359679839920 0.325742088142 0.539016001792
0.360680340170 0.324523080724 0.536730230096
0.361680840420 0.323309814627 0.534441250934
0.362681340670 0.322102263251 0.532149090451
0.363681840920 0.320900400041 0.529853774868
0.364682341171 0.319704198485 0.527555330473
0.365682841421 0.318513632117 0.525253783632
0.366683341671 0.317328674522 0.522949160780
0.367683841921 0.316149299333 0.520641488425
0.368684342171 0.314975480237 0.518330793148
0.369684842421 0.313807190973 0.516017101603
0.370685342671 0.312644405337 0.513700440514
0.371685842921 0.311487097180 0.511380836680
0.372686343172 0.310335240414 0.509058316971
0.373686843422 0.309188809008 0.506732908331
0.374687343672 0.308047776996 0.504404637774
0.375687843922 0.306912118471 0.502073532388
0.376688344172 0.305781807594 0.499739619333
0.377688844422 0.304656818589 0.497402925843
0.378689344672 0.303537125749 0.495063479221
0.379689844922 0.302422703433 0.492721306846
0.380690345173 0.301313526071 0.490376436167
0.381690845423 0.300209568163 0.488028894707
0.382691345673 0.299110804282 0.485678710060
0.383691845923 0.298017209073 0.483325909893
0.384692346173 0.296928757253 0.480970521947
0.385692846423 0.295845423618 0.478612574032
0.386693346673 0.294767183038 0.476252094035
0.387693846923 0.293694010459 0.473889109910
0.388694347174 0.292625880907 0.471523649688
0.389694847424 0.291562769487 0.469155741470
0.390695347674 0.290504651381 0.466785413431
0.391695847924 0.289451501855 0.464412693817
0.392696348174 0.288403296255 0.462037610947
0.393696848424 0.287360010010 0.459660193212
0.394697348674 0.286321618631 0.457280469077
0.395697848924 0.285288097714 0.454898467077
0.396698349175 0.284259422938 0.452514215822
0.397698849425 0.283235570069 0.450127743992
0.398699349675 0.282216514959 0.447739080341
0.399699849925 0.281202233545 0.445348253695
0.400700350175 0.280192701851 0.442955292952
0.401700850425 0.279187895992 0.440560227084
0.402701350675 0.278187792168 0.438163085133
0.403701850925 0.277192366668 0.435763896215
0.404702351176 0.276201595873 0.433362689518
0.405702851426 0.275215456250 0.430959494304
0.406703351676 0.274233924361 0.428554339904
0.407703851926 0.273256976855 0.426147255725
0.408704352176 0.272284590474 0.423738271243
0.409704852426 0.271316742052 0.421327416010
0.410705352676 0.270353408512 0.418914719648
0.411705852926 0.269394566874 0.416500211852
0.412706353177 0.268440194247 0.414083922389
0.413706853427 0.267490267835 0.411665881100
0.414707353677 0.266544764935 0.409246117898
0.415707853927 0.265603662937 0.406824662766
0.416708354177 0.264666939326 0.404401545762
0.417708854427 0.263734571680 0.401976797015
0.418709354677 0.262806537673 0.399550446729
0.419709854927 0.261882815072 0.397122525177
0.420710355178 0.260963381740 0.394693062706
0.421710855428 0.260048215634 0.392262089736
0.422711355678 0.259137294808 0.389829636759
0.423711855928 0.258230597410 0.387395734338
0.424712356178 0.257328101683 0.384960413111
0.425712856428 0.256429785968 0.382523703786
0.426713356678 0.255535628698 0.380085637145
0.427713856928 0.254645608406 0.377646244043
0.428714357179 0.253759703718 0.375205555404
0.429714857429 0.252877893358 0.372763602229
0.430715357679 0.252000156144 0.370320415588
0.431715857929 0.251126470992 0.367876026625
0.432716358179 0.250256816913 0.365430466556
0.433716858429 0.249391173015 0.362983766669
0.434717358679 0.248529518502 0.360535958327
0.435717858929 0.247671832673 0.358087072961
0.436718359180 0.246818094924 0.355637142077
0.437718859430 0.245968284749 0.353186197255
0.438719359680 0.245122381735 0.350734270144
0.439719859930 0.244280365567 0.348281392468
0.440720360180 0.243442216025 0.345827596022
0.441720860430 0.242607912987 0.343372912674
0.442721360680 0.241777436423 0.340917374364
0.443721860930 0.240950766402 0.338461013105
0.444722361181 0.240127883089 0.336003860983
0.445722861431 0.239308766742 0.333545950155
0.446723361681 0.238493397715 0.331087312851
0.447723861931 0.237681756461 0.328627981373
0.448724362181 0.236873823523 0.326167988097
0.449724862431 0.236069579542 0.323707365469
0.450725362681 0.235269005253 0.321246146010
0.451725862931 0.234472081488 0.318784362312
0.452726363182 0.233678789170 0.316322047040
0.453726863432 0.232889109319 0.313859232929
0.454727363682 0.232103023048 0.311395952791
0.455727863932 0.231320511566 0.308932239506
0.456728364182 0.230541556172 0.306468126029
0.457728864432 0.229766138264 0.304003645388
0.458729364682 0.228994239329 0.301538830680
0.459729864932 0.228225840950 0.299073715078
0.460730365183 0.227460924801 0.296608331826
0.461730865433 0.226699472652 0.294142714240
0.462731365683 0.225941466361 0.291676895709
0.463731865933 0.225186887882 0.289210909694
0.464732366183 0.224435719262 0.286744789730
0.465732866433 0.223687942635 0.284278569421
0.466733366683 0.222943540232 0.281812282448
0.467733866933 0.222202494373 0.279345962561
0.468734367184 0.221464787468 0.276879643583
0.469734867434 0.220730402020 0.274413359410
0.470735367684 0.219999320623 0.271947144011
0.471735867934 0.219271525959 0.269481031427
0.472736368184 0.218547000801 0.267015055769
0.473736868434 0.217825728014 0.264549251225
0.474737368684 0.217107690549 0.262083652052
0.475737868934 0.216392871449 0.259618292580
0.476738369185 0.215681253844 0.257153207213
0.477738869435 0.214972820954 0.254688430426
0.478739369685 0.214267556088 0.252223996766
0.479739869935 0.213565442640 0.249759940853
0.480740370185 0.212866464096 0.247296297381
0.481740870435 0.212170604025 0.244833101114
0.482741370685 0.211477846087 0.242370386890
0.483741870935 0.210788174027 0.239908189618
0.484742371186 0.210101571676 0.237446544281
0.485742871436 0.209418022953 0.234985485933
0.486743371686 0.208737511861 0.232525049702
0.487743871936 0.208060022490 0.230065270787
0.488744372186 0.207385539014 0.227606184460
0.489744872436 0.206714045693 0.225147826066
0.490745372686 0.206045526872 0.222690231021
0.491745872936 0.205379966978 0.220233434815
0.492746373187 0.204717350524 0.217777473010
0.493746873437 0.204057662105 0.215322381239
0.494747373687 0.203400886402 0.212868195209
0.495747873937 0.202747008176 0.210414950699
0.496748374187 0.202096012271 0.207962683561
0.497748874437 0.201447883616 0.205511429718
0.498749374687 0.200802607217 0.203061225167
0.499749874937 0.200160168167 0.200612105976
0.500750375188 0.199520551635 0.198164108287
0.501750875438 0.198883742876 0.195717268313
0.502751375688 0.198249727221 0.193271622340
0.503751875938 0.197618490083 0.190827206726
0.504752376188 0.196990016957 0.188384057902
0.505752876438 0.196364293413 0.185942212372
0.506753376688 0.195741305103 0.183501706711
0.507753876938 0.195121037758 0.181062577567
0.508754377189 0.194503477187 0.178624861661
0.509754877439 0.193888609275 0.176188595786
0.510755377689 0.193276419988 0.173753816807
0.511755877939 0.192666895366 0.171320561662
0.512756378189 0.192060021529 0.168888867361
0.513756878439 0.191455784673 0.166458770987
0.514757378689 0.190854171068 0.164030309695
0.515757878939 0.190255167062 0.161603520713
0.516758379190 0.189658759079 0.159178441340
0.517758879440 0.189064933616 0.156755108949
0.518759379690 0.188473677247 0.154333560985
0.519759879940 0.187884976620 0.151913834965
0.520760380190 0.187298818457 0.149495968478
0.521760880440 0.186715189553 0.147079999187
0.522761380690 0.186134076776 0.144665964826
0.523761880940 0.185555467071 0.142253903203
0.524762381191 0.184979347450 0.139843852196
0.525762881441 0.184405705002 0.137435849757
0.526763381691 0.183834526885 0.135029933911
0.527763881941 0.183265800331 0.132626142754
0.528764382191 0.182699512641 0.130224514455
0.529764882441 0.182135651190 0.127825087256
0.530765382691 0.181574203419 0.125427899471
0.531765882941 0.181015156845 0.123032989485
0.532766383192 0.180458499049 0.120640395759
0.533766883442 0.179904217686 0.118250156823
0.534767383692 0.179352300478 0.115862311281
0.535767883942 0.178802735216 0.113476897808
0.536768384192 0.178255509760 0.111093955154
0.537768884442 0.177710612038 0.108713522139
0.538769384692 0.177168030046 0.106335637656
0.539769884942 0.176627751846 0.103960340672
0.540770385193 0.176089765569 0.101587670225
0.541770885443 0.175554059412 0.099217665424
0.542771385693 0.175020621638 0.096850365454
0.543771885943 0.174489440575 0.094485809570
0.544772386193 0.173960504619 0.092124037099
0.545772886443 0.173433802231 0.089765087442
0.546773386693 0.172909321935 0.087409000073
0.547773886943 0.172387052321 0.085055814535
0.548774387194 0.171866982043 0.082705570446
0.549774887444 0.171349099819 0.080358307498
0.550775387694 0.170833394432 0.078014065451
0.551775887944 0.170319854725 0.075672884142
0.552776388194 0.169808469607 0.073334803476
0.553776888444 0.169299228049 0.070999863435
0.554777388694 0.168792119083 0.068668104071
0.555777888944 0.168287131803 0.066339565507
0.556778389195 0.167784255366 0.064014287941
0.557778889445 0.167283478990 0.061692311642
0.558779389695 0.166784791952 0.059373676953
0.559779889945 0.166288183592 0.057058424288
0.560780390195 0.165793643309 0.054746594133
0.561780890445 0.165301160562 0.052438227047
0.562781390695 0.164810724870 0.050133363663
0.563781890945 0.164322325810 0.047832044683
0.564782391196 0.163835953020 0.045534310886
0.565782891446 0.163351596195 0.043240203119
0.566783391696 0.162869245089 0.040949762304
0.567783891946 0.162388889514 0.038663029434
0.568784392196 0.161910519339 0.036380045576
0.569784892446 0.161434124491 0.034100851869
0.570785392696 0.160959694953 0.031825489522
0.571785892946 0.160487220766 0.029553999821
0.572786393197 0.160016692027 0.027286424120
0.573786893447 0.159548098889 0.025022803848
0.574787393697 0.159081431559 0.022763180506
0.575787893947 0.158616680302 0.020507595667
0.576788394197 0.158153835437 0.018256090976
0.577788894447 0.157692887338 0.016008708152
0.578789394697 0.157233826433 0.013765488985
0.579789894947 0.156776643205 0.011526475337
0.580790395198 0.156321328190 0.009291709144
0.581790895448 0.155867871977 0.007061232415
0.582791395698 0.155416265210 0.004835087228
0.583791895948 0.154966498586 0.002613315736
0.584792396198 0.154518562852 0.000395960165
0.585792896448 0.154072448811 -0.001816937188
0.586793396698 0.153628147315 -0.004025333954
0.587793896948 0.153185649268 -0.006229187689
0.588794397199 0.152744945629 -0.008428455880
0.589794897449 0.152306027403 -0.010623095939
0.590795397699 0.151868885649 -0.012813065206
0.591795897949 0.151433511477 -0.014998320950
0.592796398199 0.150999896046 -0.017178820366
0.593796898449 0.150568030564 -0.019354520577
0.594797398699 0.150137906291 -0.021525378635
0.595797898949 0.149709514536 -0.023691351517
0.596798399200 0.149282846654 -0.025852396129
0.597798899450 0.148857894054 -0.028008469305
0.598799399700 0.148434648189 -0.030159527805
0.599799899950 0.148013100564 -0.032305528319
0.600800400200 0.147593242728 -0.034446427463
0.601800900450 0.147175066281 -0.036582181779
0.602801400700 0.146758562870 -0.038712747740
0.603801900950 0.146343724187 -0.040838081745
0.604802401201 0.145930541973 -0.042958140119
0.605802901451 0.145519008015 -0.045072879117
0.606803401701 0.145109114146 -0.047182254921
0.607803901951 0.144700852247 -0.049286223639
0.608804402201 0.144294214240 -0.051384741309
0.609804902451 0.143889192099 -0.053477763895
0.610805402701 0.143485777838 -0.055565247288
0.611805902951 0.143083963518 -0.057647147309
0.612806403202 0.142683741245 -0.059723419703
0.613806903452 0.142285103170 -0.061794020147
0.614807403702 0.141888041486 -0.063858904241
0.615807903952 0.141492548433 -0.065918027516
0.616808404202 0.141098616291 -0.067971345429
0.617808904452 0.140706237387 -0.070018813366
0.618809404702 0.140315404089 -0.072060386637
0.619809904952 0.139926108808 -0.074096020484
0.620810405203 0.139538343999 -0.076125670075
0.621810905453 0.139152102159 -0.078149290503
0.622811405703 0.138767375826 -0.080166836793
0.623811905953 0.138384157581 -0.082178263894
0.624812406203 0.138002440046 -0.084183526685
0.625812906453 0.137622215884 -0.086182579970
0.626813406703 0.137243477802 -0.088175378484
0.627813906953 0.136866218545 -0.090161876886
0.628814407204 0.136490430899 -0.092142029764
0.629814907454 0.136116107692 -0.094115791636
0.630815407704 0.135743241790 -0.096083116943
0.631815907954 0.135371826101 -0.098043960057
0.632816408204 0.135001853572 -0.099998275276
0.633816908454 0.134633317189 -0.101946016827
0.634817408704 0.134266209978 -0.103887138863
0.635817908954 0.133900525003 -0.105821595465
0.636818409205 0.133536255368 -0.107749340642
0.637818909455 0.133173394215 -0.109670328331
0.638819409705 0.132811934725 -0.111584512395
0.639819909955 0.132451870115 -0.113491846626
0.640820410205 0.132093193642 -0.115392284743
0.641820910455 0.131735898600 -0.117285780392
0.642821410705 0.131379978321 -0.119172287149
0.643821910955 0.131025426173 -0.121051758514
0.644822411206 0.130672235561 -0.122924147917
0.645822911456 0.130320399928 -0.124789408715
0.646823411706 0.129969912753 -0.126647494192
0.647823911956 0.129620767551 -0.128498357561
0.648824412206 0.129272957874 -0.130341951962
0.649824912456 0.128926477307 -0.132178230461
0.650825412706 0.128581319475 -0.134007146053
0.651825912956 0.128237478035 -0.135828651661
0.652826413207 0.127894946682 -0.137642700135
0.653826913457 0.127553719143 -0.139449244252
0.654827413707 0.127213789182 -0.141248236717
0.655827913957 0.126875150597 -0.143039630163
0.656828414207 0.126537797220 -0.144823377150
0.657828914457 0.126201722918 -0.146599430166
0.658829414707 0.125866921592 -0.148367741627
0.659829914957 0.125533387176 -0.150128263876
0.660830415208 0.125201113638 -0.151880949182
0.661830915458 0.124870094979 -0.153625749744
0.662831415708 0.124540325234 -0.155362617688
0.663831915958 0.124211798470 -0.157091505067
0.664832416208 0.123884508789 -0.158812363862
0.665832916458 0.123558450321 -0.160525145981
0.666833416708 0.123233617234 -0.162229803261
0.667833916958 0.122910003725 -0.163926287464
0.668834417209 0.122587604022 -0.165614550282
0.669834917459 0.122266412388 -0.167294543334
0.670835417709 0.121946423115 -0.168966218166
0.671835917959 0.121627630528 -0.170629526251
0.672836418209 0.121310028982 -0.172284418992
0.673836918459 0.120993612865 -0.173930847717
0.674837418709 0.120678376594 -0.175568763682
0.675837918959 0.120364314616 -0.177198118072
0.676838419210 0.120051421412 -0.178818861999
0.677838919460 0.119739691489 -0.180430946502
0.678839419710 0.119429119388 -0.182034322547
0.679839919960 0.119119699678 -0.183628941030
0.680840420210 0.118811426957 -0.185214752771
0.681840920460 0.118504295854 -0.186791708521
0.682841420710 0.118198301027 -0.188359758957
0.683841920960 0.117893437164 -0.189918854684
0.684842421211 0.117589698980 -0.191468946233
0.685842921461 0.117287081222 -0.193009984066
0.686843421711 0.116985578662 -0.194541918568
0.687843921961 0.116685186104 -0.196064700055
0.688844422211 0.116385898378 -0.197578278771
0.689844922461 0.116087710344 -0.199082604884
0.690845422711 0.115790616888 -0.200577628492
0.691845922961 0.115494612926 -0.202063299622
0.692846423212 0.115199693401 -0.203539568226
0.693846923462 0.114905853281 -0.205006384183
0.694847423712 0.114613087567 -0.206463697303
0.695847923962 0.114321391281 -0.207911457321
0.696848424212 0.114030759476 -0.209349613900
0.697848924462 0.113741187231 -0.210778116631
0.698849424712 0.113452669651 -0.212196915031
0.699849924962 0.113165201868 -0.213605958548
0.700850425213 0.112878779041 -0.215005196554
0.701850925463 0.112593396354 -0.216394578351
0.702851425713 0.112309049018 -0.217774053166
0.703851925963 0.112025732271 -0.219143570157
0.704852426213 0.111743441373 -0.220503078407
0.705852926463 0.111462171614 -0.221852526927
0.706853426713 0.111181918308 -0.223191864656
0.707853926963 0.110902676792 -0.224521040461
0.708854427214 0.110624442431 -0.225840003136
0.709854927464 0.110347210615 -0.227148701402
0.710855427714 0.110070976756 -0.228447083909
0.711855927964 0.109795736294 -0.229735099232
0.712856428214 0.109521484692 -0.231012695878
0.713856928464 0.109248217438 -0.232279822277
0.714857428714 0.108975930043 -0.233536426789
0.715857928964 0.108704618044 -0.234782457701
0.716858429215 0.108434277000 -0.236017863227
0.717858929465 0.108164902496 -0.237242591511
0.718859429715 0.107896490138 -0.238456590621
0.719859929965 0.107629035559 -0.239659808555
0.720860430215 0.107362534413 -0.240852193238
0.721860930465 0.107096982377 -0.242033692523
0.722861430715 0.106832375153 -0.243204254189
0.723861930965 0.106568708464 -0.244363825943
0.724862431216 0.106305978058 -0.245512355423
0.725862931466 0.106044179703 -0.246649790189
0.726863431716 0.105783309193 -0.247776077733
0.727863931966 0.105523362341 -0.248891165472
0.728864432216 0.105264334985 -0.249995000752
0.729864932466 0.105006222984 -0.251087530846
0.730865432716 0.104749022218 -0.252168702954
0.731865932966 0.104492728592 -0.253238464205
0.732866433217 0.104237338029 -0.254296761655
0.733866933467 0.103982846478 -0.255343542287
0.734867433717 0.103729249905 -0.256378753011
0.735867933967 0.103476544300 -0.257402340667
0.736868434217 0.103224725674 -0.258414252021
0.737868934467 0.102973790059 -0.259414433765
0.738869434717 0.102723733508 -0.260402832522
0.739869934967 0.102474552095 -0.261379394840
0.740870435218 0.102226241915 -0.262344067196
0.741870935468 0.101978799083 -0.263296795993
0.742871435718 0.101732219734 -0.264237527563
0.743871935968 0.101486500026 -0.265166208165
0.744872436218 0.101241636134 -0.266082783986
0.745872936468 0.100997624256 -0.266987201140
0.746873436718 0.100754460609 -0.267879405669
0.747873936968 0.100512141428 -0.268759343541
0.748874437219 0.100270662972 -0.269626960656
0.749874937469 0.100030021515 -0.270482202835
0.750875437719 0.099790213354 -0.271325015833
0.751875937969 0.099551234805 -0.272155345328
0.752876438219 0.099313082201 -0.272973136927
0.753876938469 0.099075751898 -0.273778336166
0.754877438719 0.098839240267 -0.274570888508
0.755877938969 0.098603543701 -0.275350739341
0.756878439220 0.098368658611 -0.276117833983
0.757878939470 0.098134581427 -0.276872117680
0.758879439720 0.097901308597 -0.277613535604
0.759879939970 0.097668836588 -0.278342032856
0.760880440220 0.097437161885 -0.279057554463
0.761880940470 0.097206280993 -0.279760045381
0.762881440720 0.096976190434 -0.280449450492
0.763881940970 0.096746886747 -0.281125714608
0.764882441221 0.096518366491 -0.281788782466
0.765882941471 0.096290626242 -0.282438598732
0.766883441721 0.096063662594 -0.283075107999
0.767883941971 0.095837472159 -0.283698254789
0.768884442221 0.095612051566 -0.284307983549
0.769884942471 0.095387397461 -0.284904238656
0.770885442721 0.095163506510 -0.285486964413
0.771885942971 0.094940375392 -0.286056105051
0.772886443222 0.094718000808 -0.286611604730
0.773886943472 0.094496379472 -0.287153407534
0.774887443722 0.094275508119 -0.287681457479
0.775887943972 0.094055383496 -0.288195698505
0.776888444222 0.093836002371 -0.288696074482
0.777888944472 0.093617361527 -0.289182529206
0.778889444722 0.093399457764 -0.289655006401
0.779889944972 0.093182287898 -0.290113449719
0.780890445223 0.092965848762 -0.290557802740
0.781890945473 0.092750137204 -0.290988008969
0.782891445723 0.092535150091 -0.291404011842
0.783891945973 0.092320884303 -0.291805754721
0.784892446223 0.092107336737 -0.292193180895
0.785892946473 0.091894504308 -0.292566233581
0.786893446723 0.091682383943 -0.292924855925
0.787893946973 0.091470972589 -0.293268990997
0.788894447224 0.091260267206 -0.293598581799
0.789894947474 0.091050264769 -0.293913571257
0.790895447724 0.090840962271 -0.294213902228
0.791895947974 0.090632356719 -0.294499517492
0.792896448224 0.090424445134 -0.294770359761
0.793896948474 0.090217224554 -0.295026371672
0.794897448724 0.090010692033 -0.295267495791
0.795897948974 0.089804844638 -0.295493674610
0.796898449225 0.089599679450 -0.295704850549
0.797898949475 0.089395193569 -0.295900965958
0.798899449725 0.089191384106 -0.296081963111
0.799899949975 0.088988248187 -0.296247784212
0.800900450225 0.088785782956 -0.296398371391
0.801900950475 0.088583985567 -0.296533666707
0.802901450725 0.088382853191 -0.296653612145
0.803901950975 0.088182383014 -0.296758149620
0.804902451226 0.087982572233 -0.296847220972
0.805902951476 0.087783418064 -0.296920767969
0.806903451726 0.087584917732 -0.296978732308
0.807903951976 0.087387068480 -0.297021055613
0.808904452226 0.087189867562 -0.297047679435
0.809904952476 0.086993312249 -0.297058545253
0.810905452726 0.086797399823 -0.297053594473
0.811905952976 0.086602127581 -0.297032768430
0.812906453227 0.086407492834 -0.296996008384
0.813906953477 0.086213492904 -0.296943255526
0.814907453727 0.086020125131 -0.296874450972
0.815907953977 0.085827386864 -0.296789535767
0.816908454227 0.085635275467 -0.296688450881
0.817908954477 0.085443788318 -0.296571137216
0.818909454727 0.085252922808 -0.296437535597
0.819909954977 0.085062676340 -0.296287586779
0.820910455228 0.084873046330 -0.296121231446
0.821910955478 0.084684030209 -0.295938410206
0.822911455728 0.084495625418 -0.295739063596
0.823911955978 0.084307829413 -0.295523132082
0.824912456228 0.084120639661 -0.295290556057
0.825912956478 0.083934053644 -0.295041275840
0.826913456728 0.083748068854 -0.294775231678
0.827913956978 0.083562682797 -0.294492363748
0.828914457229 0.083377892992 -0.294192612152
0.829914957479 0.083193696967 -0.293875916920
0.830915457729 0.083010092267 -0.293542218010
0.831915957979 0.082827076446 -0.293191455308
0.832916458229 0.082644647072 -0.292823568627
0.833916958479 0.082462801723 -0.292438497708
0.834917458729 0.082281537990 -0.292036182218
0.835917958979 0.082100853477 -0.291616561753
0.836918459230 0.081920745798 -0.291179575838
0.837918959480 0.081741212581 -0.290725163922
0.838919459730 0.081562251465 -0.290253265385
0.839919959980 0.081383860098 -0.289763819532
0.840920460230 0.081206036143 -0.289256765597
0.841920960480 0.081028777274 -0.288732042742
0.842921460730 0.080852081175 -0.288189590054
0.843921960980 0.080675945542 -0.287629346551
0.844922461231 0.080500368084 -0.287051251177
0.845922961481 0.080325346518 -0.286455242803
0.846923461731 0.080150878576 -0.285841260227
0.847923961981 0.079976961997 -0.285209242178
0.848924462231 0.079803594536 -0.284559127309
0.849924962481 0.079630773955 -0.283890854201
0.850925462731 0.079458498028 -0.283204361365
0.851925962981 0.079286764540 -0.282499587237
0.852926463232 0.079115571289 -0.281776470181
0.853926963482 0.078944916080 -0.281034948491
0.854927463732 0.078774796732 -0.280274960385
0.855927963982 0.078605211072 -0.279496444011
0.856928464232 0.078436156939 -0.278699337444
0.857928964482 0.078267632184 -0.277883578685
0.858929464732 0.078099634665 -0.277049105666
0.859929964982 0.077932162254 -0.276195856243
0.860930465233 0.077765212831 -0.275323768202
0.861930965483 0.077598784286 -0.274432779255
0.862931465733 0.077432874522 -0.273522827043
0.863931965983 0.077267481449 -0.272593849134
0.864932466233 0.077102602990 -0.271645783022
0.865932966483 0.076938237075 -0.270678566131
0.866933466733 0.076774381648 -0.269692135812
0.867933966983 0.076611034659 -0.268686429342
0.868934467234 0.076448194070 -0.267661383928
0.869934967484 0.076285857852 -0.266616936702
0.870935467734 0.076124023987 -0.265553024726
0.871935967984 0.075962690466 -0.264469584987
0.872936468234 0.075801855290 -0.263366554403
0.873936968484 0.075641516468 -0.262243869815
0.874937468734 0.075481672021 -0.261101467997
0.875937968984 0.075322319979 -0.259939285645
0.876938469235 0.075163458380 -0.258757259387
0.877938969485 0.075005085272 -0.257555325777
0.878939469735 0.074847198714 -0.256333421295
0.879939969985 0.074689796773 -0.255091482352
0.880940470235 0.074532877524 -0.253829445282
0.881940970485 0.074376439054 -0.252547246352
0.882941470735 0.074220479457 -0.251244821752
0.883941970985 0.074064996838 -0.249922107601
0.884942471236 0.073909989308 -0.248579039947
0.885942971486 0.073755454991 -0.247215554763
0.886943471736 0.073601392016 -0.245831587953
0.887943971986 0.073447798525 -0.244427075345
0.888944472236 0.073294672665 -0.243001952697
0.889944972486 0.073142012595 -0.241556155694
0.890945472736 0.072989816480 -0.240089619947
0.891945972986 0.072838082496 -0.238602280997
0.892946473237 0.072686808826 -0.237094074311
0.893946973487 0.072535993663 -0.235564935284
0.894947473737 0.072385635208 -0.234014799239
0.895947973987 0.072235731670 -0.232443601426
0.896948474237 0.072086281268 -0.230851277022
0.897948974487 0.071937282227 -0.229237761133
0.898949474737 0.071788732783 -0.227602988793
0.899949974987 0.071640631178 -0.225946894960
0.900950475238 0.071492975665 -0.224269414524
0.901950975488 0.071345764502 -0.222570482300
0.902951475738 0.071198995959 -0.220850033031
0.903951975988 0.071052668311 -0.219108001388
0.904952476238 0.070906779842 -0.217344321969
0.905952976488 0.070761328844 -0.215558929301
0.906953476738 0.070616313619 -0.213751757836
0.907953976988 0.070471732474 -0.211922741955
0.908954477239 0.070327583726 -0.210071815968
0.909954977489 0.070183865699 -0.208198914111
0.910955477739 0.070040576725 -0.206303970547
0.911955977989 0.069897715145 -0.204386919367
0.912956478239 0.069755279305 -0.202447694591
0.913956978489 0.069613267561 -0.200486230165
0.914957478739 0.069471678276 -0.198502459963
0.915957978989 0.069330509822 -0.196496317786
0.916958479240 0.069189760576 -0.194467737365
0.917958979490 0.069049428925 -0.192416652355
0.918959479740 0.068909513261 -0.190342996341
0.919959979990 0.068770011987 -0.188246702835
0.920960480240 0.068630923510 -0.186127705277
0.921960980490 0.068492246246 -0.183985937033
0.922961480740 0.068353978619 -0.181821331398
0.923961980990 0.068216119059 -0.179633821595
0.924962481241 0.068078666003 -0.177423340773
0.925962981491 0.067941617898 -0.175189822009
0.926963481741 0.067804973195 -0.172933198309
0.927963981991 0.067668730354 -0.170653402605
0.928964482241 0.067532887841 -0.168350367757
0.929964982491 0.067397444130 -0.166024026552
0.930965482741 0.067262397702 -0.163674311706
0.931965982991 0.067127747044 -0.161301155863
0.932966483242 0.066993490652 -0.158904491591
0.933966983492 0.066859627027 -0.156484251389
0.934967483742 0.066726154677 -0.154040367683
0.935967983992 0.066593072119 -0.151572772825
0.936968484242 0.066460377874 -0.149081399097
0.937968984492 0.066328070472 -0.146566178706
0.938969484742 0.066196148449 -0.144027043789
0.939969984992 0.066064610346 -0.141463926408
0.940970485243 0.065933454714 -0.138876758555
0.941970985493 0.065802680108 -0.136265472149
0.942971485743 0.065672285091 -0.133629999034
0.943971985993 0.065542268233 -0.130970270986
0.944972486243 0.065412628108 -0.128286219705
0.945972986493 0.065283363299 -0.125577776819
0.946973486743 0.065154472394 -0.122844873887
0.947973986993 0.065025953990 -0.120087442390
0.948974487244 0.064897806687 -0.117305413742
0.949974987494 0.064770029093 -0.114498719281
0.950975487744 0.064642619823 -0.111667290273
0.951975987994 0.064515577497 -0.108811057913
0.952976488244 0.064388900742 -0.105929953324
0.953976988494 0.064262588191 -0.103023907553
0.954977488744 0.064136638484 -0.100092851579
0.955977988994 0.064011050265 -0.097136716305
0.956978489245 0.063885822187 -0.094155432565
0.957978989495 0.063760952908 -0.091148931116
0.958979489745 0.063636441090 -0.088117142648
0.959979989995 0.063512285404 -0.085059997774
0.960980490245 0.063388484527 -0.081977427038
0.961980990495 0.063265037139 -0.078869360908
0.962981490745 0.063141941928 -0.075735729783
0.963981990995 0.063019197589 -0.072576463988
0.964982491246 0.062896802821 -0.069391493776
0.965982991496 0.062774756329 -0.066180749326
0.966983491746 0.062653056825 -0.062944160746
0.967983991996 0.062531703026 -0.059681658073
0.968984492246 0.062410693654 -0.056393171269
0.969984992496 0.062290027439 -0.053078630224
0.970985492746 0.062169703115 -0.049737964757
0.971985992996 0.062049719422 -0.046371104613
0.972986493247 0.061930075104 -0.042977979467
0.973986993497 0.061810768915 -0.039558518917
0.974987493747 0.061691799610 -0.036112652494
0.975987993997 0.061573165953 -0.032640309653
0.976988494247 0.061454866710 -0.029141419777
0.977988994497 0.061336900655 -0.025615912178
0.978989494747 0.061219266569 -0.022063716095
0.979989994997 0.061101963233 -0.018484760693
0.980990495248 0.060984989440 -0.014878975067
0.981990995498 0.060868343983 -0.011246288238
0.982991495748 0.060752025664 -0.007586629155
0.983991995998 0.060636033288 -0.003899926695
0.984992496248 0.060520365666 -0.000186109662
0.985992996498 0.060405021615 0.003554893213
0.986993496748 0.060289999957 0.007323153270
0.987993996998 0.060175299518 0.011118741922
0.988994497249 0.060060919132 0.014941730654
0.989994997499 0.059946857634 0.018792191026
0.990995497749 0.059833113868 0.022670194667
0.991995997999 0.059719686681 0.026575813279
0.992996498249 0.059606574926 0.030509118639
0.993996998499 0.059493777460 0.034470182594
0.994997498749 0.059381293147 0.038459077064
0.995997998999 0.059269120854 0.042475874041
0.996998499250 0.059157259453 0.046520645591
0.997998999500 0.059045707824 0.050593463851
0.998999499750 0.058934464847 0.054694401030
1.000000000000 0.058823529412 0.058823529412
