-1.000000000000 0.058823529412
-0.900000000000 0.071633237822
-0.800000000000 0.088967971530
-0.700000000000 0.113122171946
-0.600000000000 0.147928994083
-0.500000000000 0.200000000000
-0.400000000000 0.280898876404
-0.300000000000 0.409836065574
-0.200000000000 0.609756097561
-0.100000000000 0.862068965517
0.000000000000 1.000000000000
0.100000000000 0.862068965517
0.200000000000 0.609756097561
0.300000000000 0.409836065574
0.400000000000 0.280898876404
0.500000000000 0.200000000000
0.600000000000 0.147928994083
0.700000000000 0.113122171946
0.800000000000 0.088967971530
0.900000000000 0.071633237822
1.000000000000 0.058823529412
