-1.000000000000 0.058823529412
-0.875000000000 0.075471698113
-0.750000000000 0.100000000000
-0.625000000000 0.137931034483
-0.500000000000 0.200000000000
-0.375000000000 0.307692307692
-0.250000000000 0.500000000000
-0.125000000000 0.800000000000
0.000000000000 1.000000000000
0.125000000000 0.800000000000
0.250000000000 0.500000000000
0.375000000000 0.307692307692
0.500000000000 0.200000000000
0.625000000000 0.137931034483
0.750000000000 0.100000000000
0.875000000000 0.075471698113
1.000000000000 0.058823529412
